TS	X	Y	Direction	Line_Man	Column_Man
0	9.37817093119216	9.34454273279804	1	2	1
1	10.242048555801237	9.34454273279804	1	2.0	1.0
2	11.105926180410313	9.34454273279804	1	2.0	1.0
3	11.969803805019389	9.34454273279804	1	2.0	1.0
4	12.833681429628465	9.34454273279804	1	2.0	1.0
5	13.69755905423754	9.34454273279804	1	2.0	1.0
6	14.561436678846617	9.34454273279804	1	2.0	1.0
7	15.425314303455693	9.34454273279804	1	2.0	1.0
8	15.71080807193523	9.34454273279804	0	2.0	1.0
9	14.846930447326153	9.34454273279804	0	2.0	1.0
10	13.983052822717077	9.34454273279804	0	2.0	1.0
11	13.119175198108001	9.34454273279804	0	2.0	1.0
12	12.255297573498925	9.34454273279804	0	2.0	1.0
13	11.39141994888985	9.34454273279804	0	2.0	1.0
14	10.527542324280773	9.34454273279804	0	2.0	1.0
15	9.663664699671697	9.34454273279804	0	2.0	1.0
16	8.799787075062621	9.34454273279804	0	2.0	1.0
17	7.935909450453545	9.34454273279804	0	2.0	1.0
18	7.072031825844469	9.34454273279804	0	2.0	1.0
19	6.208154201235393	9.34454273279804	0	2.0	1.0
20	5.344276576626317	9.34454273279804	0	2.0	1.0
21	5	9.34454273279804	1	2.0	1.0
22	5.863877624609076	9.34454273279804	1	2.0	1.0
23	6.727755249218152	9.34454273279804	1	2.0	1.0
24	7.591632873827228	9.34454273279804	1	2.0	1.0
25	8.455510498436304	9.34454273279804	1	2.0	1.0
26	9.31938812304538	9.34454273279804	1	2.0	1.0
27	10.183265747654456	9.34454273279804	1	2.0	1.0
28	11.047143372263532	9.34454273279804	1	2.0	1.0
29	11.911020996872608	9.34454273279804	1	2.0	1.0
30	12.774898621481684	9.34454273279804	1	2.0	1.0
31	12.36122375390924	9.34454273279804	0	2.0	1.0
32	11.497346129300164	9.34454273279804	0	2.0	1.0
33	10.633468504691088	9.34454273279804	0	2.0	1.0
34	9.769590880082012	9.34454273279804	0	2.0	1.0
35	9	9.438829477325104	1	2.0	1.0
36	9	10.30270710193418	1	2.0	1.0
37	9	11.166584726543256	1	2.0	1.0
38	9	12.030462351152332	1	2.0	1.0
39	9	12.894339975761408	1	2.0	1.0
40	9	13.758217600370484	1	2.0	1.0
41	9	14.62209522497956	1	2.0	1.0
42	9	15.485972849588636	1	2.0	1.0
43	9	15.650149525802288	0	2.0	1.0
44	9	14.786271901193212	0	2.0	1.0
45	9	13.922394276584136	0	2.0	1.0
46	9	13.05851665197506	0	2.0	1.0
47	8.194639027365984	13	0	2.0	1.0
48	7.330761402756908	13	0	2.0	1.0
49	6.466883778147832	13	0	2.0	1.0
50	5.603006153538756	13	0	2.0	1.0
51	4.73912852892968	13	0	2.0	1.0
52	3.8752509043206036	13	0	2.0	1.0
53	3.0113732797115276	13	0	2.0	1.0
54	2.1474956551024516	13	0	2.0	1.0
55	1.2836180304933755	13	0	2.0	1.0
56	0.4197404058842994	13	0	2.0	1.0
57	0.44413721872477674	13	1	2.0	1.0
58	1.308014843333853	13	1	2.0	1.0
59	2.171892467942929	13	1	2.0	1.0
60	3.035770092552005	13	1	2.0	1.0
61	3.899647717161081	13	1	2.0	1.0
62	4.7635253417701575	13	1	2.0	1.0
63	5.6274029663792335	13	1	2.0	1.0
64	6.49128059098831	13	1	2.0	1.0
65	7.355158215597386	13	1	2.0	1.0
66	8.219035840206462	13	1	2.0	1.0
67	9.082913464815539	13	1	2.0	1.0
68	9.946791089424615	13	1	2.0	1.0
69	10.81066871403369	13	1	2.0	1.0
70	11.674546338642767	13	1	2.0	1.0
71	12.538423963251843	13	1	2.0	1.0
72	13.402301587860919	13	1	2.0	1.0
73	14.266179212469995	13	1	2.0	1.0
74	15.13005683707907	13	1	2.0	1.0
75	15.993934461688147	13	1	2.0	1.0
76	15.142187913702777	13	0	2.0	1.0
77	14.278310289093701	13	0	2.0	1.0
78	13.414432664484625	13	0	2.0	1.0
79	13	13.44944496012445	1	2.0	1.0
80	13	14.313322584733527	1	2.0	1.0
81	13	15.177200209342603	1	2.0	1.0
82	13	15.958922166048321	0	2.0	1.0
83	13	15.095044541439245	0	2.0	1.0
84	13	14.231166916830169	0	2.0	1.0
85	13	13.367289292221093	0	2.0	1.0
86	13	13	1	2.0	1.0
87	13.863877624609076	13	1	2.0	1.0
88	14.727755249218152	13	1	2.0	1.0
89	15.591632873827228	13	1	2.0	1.0
90	15.544489501563696	13	0	2.0	1.0
91	14.68061187695462	13	0	2.0	1.0
92	13.816734252345544	13	0	2.0	1.0
93	13	12.952856627736468	0	2.0	1.0
94	13	12.088979003127392	0	2.0	1.0
95	13	11.225101378518316	0	2.0	1.0
96	13	10.36122375390924	0	2.0	1.0
97	13	9.497346129300164	0	2.0	1.0
98	12.633468504691088	9	0	2.0	1.0
99	11.769590880082012	9	0	2.0	1.0
100	10.905713255472936	9	0	2.0	1.0
101	10.04183563086386	9	0	2.0	1.0
102	9.177958006254784	9	0	2.0	1.0
103	8.314080381645708	9	0	2.0	1.0
104	7.450202757036632	9	0	2.0	1.0
105	6.586325132427556	9	0	2.0	1.0
106	5.7224475078184796	9	0	2.0	1.0
107	4.8585698832094035	9	0	2.0	1.0
108	3.9946922586003275	9	0	2.0	1.0
109	3.1308146339912515	9	0	2.0	1.0
110	2.2669370093821755	9	0	2.0	1.0
111	1.4030593847730994	9	0	2.0	1.0
112	1	8.539181760164023	0	2.0	1.0
113	1	7.675304135554947	0	2.0	1.0
114	1	6.811426510945871	0	2.0	1.0
115	1	5.947548886336795	0	2.0	1.0
116	1	5.083671261727719	0	2.0	1.0
117	0.2197936371186433	5	0	2.0	1.0
118	0.6440839874904328	5	1	2.0	1.0
119	1.507961612099509	5	1	2.0	1.0
120	2.371839236708585	5	1	2.0	1.0
121	3.2357168613176612	5	1	2.0	1.0
122	4.099594485926738	5	1	2.0	1.0
123	4.963472110535814	5	1	2.0	1.0
124	5.82734973514489	5	1	2.0	1.0
125	6.691227359753966	5	1	2.0	1.0
126	7.555104984363042	5	1	2.0	1.0
127	8.418982608972119	5	1	2.0	1.0
128	9.282860233581195	5	1	2.0	1.0
129	10.14673785819027	5	1	2.0	1.0
130	11.010615482799347	5	1	2.0	1.0
131	11.874493107408423	5	1	2.0	1.0
132	12.738370732017499	5	1	2.0	1.0
133	13	4.397751643373425	0	2.0	1.0
134	13	3.533874018764349	0	2.0	1.0
135	13	2.669996394155273	0	2.0	1.0
136	13	1.806118769546197	0	2.0	1.0
137	13	0.942241144937121	0	2.0	1.0
138	13	0.07836352032804483	0	2.0	1.0
139	13	0.7855141042810313	1	2.0	1.0
140	13	1.6493917288901074	1	2.0	1.0
141	13	2.5132693534991835	1	2.0	1.0
142	13	3.3771469781082595	1	2.0	1.0
143	13	4.241024602717336	1	2.0	1.0
144	13.104902227326413	5	1	2.0	1.0
145	13.968779851935489	5	1	2.0	1.0
146	14.832657476544565	5	1	2.0	1.0
147	15.696535101153641	5	1	2.0	1.0
148	15.439587274237283	5	0	2.0	1.0
149	14.575709649628207	5	0	2.0	1.0
150	13.711832025019131	5	0	2.0	1.0
151	13	5.152045599589945	1	2.0	1.0
152	13	6.015923224199021	1	2.0	1.0
153	13	6.879800848808097	1	2.0	1.0
154	13	7.743678473417173	1	2.0	1.0
155	13	8.607556098026249	1	2.0	1.0
156	13	9.471433722635325	1	2.0	1.0
157	13	10.335311347244401	1	2.0	1.0
158	13	11.199188971853477	1	2.0	1.0
159	13	12.063066596462553	1	2.0	1.0
160	13	12.92694422107163	1	2.0	1.0
161	13.790821845680705	13	1	2.0	1.0
162	14.654699470289781	13	1	2.0	1.0
163	15.518577094898857	13	1	2.0	1.0
164	15.617545280492067	13	0	2.0	1.0
165	14.75366765588299	13	0	2.0	1.0
166	13.889790031273915	13	0	2.0	1.0
167	13.025912406664839	13	0	2.0	1.0
168	13	12.162034782055763	0	2.0	1.0
169	13	11.298157157446687	0	2.0	1.0
170	13	10.43427953283761	0	2.0	1.0
171	13	9.570401908228535	0	2.0	1.0
172	13	9	1	2.0	1.0
173	13.863877624609076	9	1	2.0	1.0
174	14.727755249218152	9	1	2.0	1.0
175	15.591632873827228	9	1	2.0	1.0
176	15.544489501563696	9	0	2.0	1.0
177	14.68061187695462	9	0	2.0	1.0
178	13.816734252345544	9	0	2.0	1.0
179	13	9.047143372263532	1	2.0	1.0
180	13	9.911020996872608	1	2.0	1.0
181	13	10.774898621481684	1	2.0	1.0
182	13	11.63877624609076	1	2.0	1.0
183	13	12.502653870699836	1	2.0	1.0
184	13	13.366531495308912	1	2.0	1.0
185	13	14.230409119917988	1	2.0	1.0
186	13	15.094286744527064	1	2.0	1.0
187	13	15.95816436913614	1	2.0	1.0
188	13	15.177958006254784	0	2.0	1.0
189	13	14.314080381645708	0	2.0	1.0
190	13	13.450202757036632	0	2.0	1.0
191	12.586325132427556	13	0	2.0	1.0
192	11.72244750781848	13	0	2.0	1.0
193	10.858569883209404	13	0	2.0	1.0
194	9.994692258600328	13	0	2.0	1.0
195	9.130814633991251	13	0	2.0	1.0
196	8.266937009382175	13	0	2.0	1.0
197	7.403059384773099	13	0	2.0	1.0
198	6.539181760164023	13	0	2.0	1.0
199	5.675304135554947	13	0	2.0	1.0
200	5	13.188573489054129	1	2.0	1.0
201	5	14.052451113663205	1	2.0	1.0
202	5	14.91632873827228	1	2.0	1.0
203	5	15.780206362881357	1	2.0	1.0
204	5	15.355916012509567	0	2.0	1.0
205	5	14.492038387900491	0	2.0	1.0
206	5	13.628160763291415	0	2.0	1.0
207	5	13	1	2.0	1.0
208	5.863877624609076	13	1	2.0	1.0
209	6.727755249218152	13	1	2.0	1.0
210	7.591632873827228	13	1	2.0	1.0
211	8.455510498436304	13	1	2.0	1.0
212	9.31938812304538	13	1	2.0	1.0
213	10.183265747654456	13	1	2.0	1.0
214	11.047143372263532	13	1	2.0	1.0
215	11.911020996872608	13	1	2.0	1.0
216	12.774898621481684	13	1	2.0	1.0
217	13.63877624609076	13	1	2.0	1.0
218	14.502653870699836	13	1	2.0	1.0
219	15.366531495308912	13	1	2.0	1.0
220	15.76959088008201	13	0	2.0	1.0
221	14.905713255472934	13	0	2.0	1.0
222	14.041835630863858	13	0	2.0	1.0
223	13.177958006254782	13	0	2.0	1.0
224	13	13.685919618354294	1	2.0	1.0
225	13	14.54979724296337	1	2.0	1.0
226	13	15.413674867572446	1	2.0	1.0
227	13	15.722447507818476	0	2.0	1.0
228	13	14.8585698832094	0	2.0	1.0
229	13	13.994692258600324	0	2.0	1.0
230	13	13.130814633991248	0	2.0	1.0
231	13	13	1	2.0	1.0
232	13.863877624609076	13	1	2.0	1.0
233	14.727755249218152	13	1	2.0	1.0
234	15.591632873827228	13	1	2.0	1.0
235	15.544489501563696	13	0	2.0	1.0
236	14.68061187695462	13	0	2.0	1.0
237	13.816734252345544	13	0	2.0	1.0
238	13	12.952856627736468	0	2.0	1.0
239	13	12.088979003127392	0	2.0	1.0
240	13	11.225101378518316	0	2.0	1.0
241	13	10.36122375390924	0	2.0	1.0
242	13	9.497346129300164	0	2.0	1.0
243	12.633468504691088	9	0	2.0	1.0
244	11.769590880082012	9	0	2.0	1.0
245	10.905713255472936	9	0	2.0	1.0
246	10.04183563086386	9	0	2.0	1.0
247	9.177958006254784	9	0	2.0	1.0
248	8.314080381645708	9	0	2.0	1.0
249	7.450202757036632	9	0	2.0	1.0
250	6.586325132427556	9	0	2.0	1.0
251	5.7224475078184796	9	0	2.0	1.0
252	4.8585698832094035	9	0	2.0	1.0
253	3.9946922586003275	9	0	2.0	1.0
254	3.1308146339912515	9	0	2.0	1.0
255	2.2669370093821755	9	0	2.0	1.0
256	1.4030593847730994	9	0	2.0	1.0
257	0.5391817601640233	9	0	2.0	1.0
258	0.32469586444505283	9	1	2.0	1.0
259	1.188573489054129	9	1	2.0	1.0
260	2.052451113663205	9	1	2.0	1.0
261	2.916328738272281	9	1	2.0	1.0
262	3.780206362881357	9	1	2.0	1.0
263	4.644083987490434	9	1	2.0	1.0
264	5.50796161209951	9	1	2.0	1.0
265	6.371839236708586	9	1	2.0	1.0
266	7.235716861317662	9	1	2.0	1.0
267	8.099594485926739	9	1	2.0	1.0
268	8.963472110535815	9	1	2.0	1.0
269	9.82734973514489	9	1	2.0	1.0
270	10.691227359753967	9	1	2.0	1.0
271	11.555104984363043	9	1	2.0	1.0
272	12.418982608972119	9	1	2.0	1.0
273	13.282860233581195	9	1	2.0	1.0
274	14.14673785819027	9	1	2.0	1.0
275	15.010615482799347	9	1	2.0	1.0
276	15.874493107408423	9	1	2.0	1.0
277	15.2616292679825	9	0	2.0	1.0
278	14.397751643373423	9	0	2.0	1.0
279	13.533874018764347	9	0	2.0	1.0
280	13	8.669996394155271	0	2.0	1.0
281	13	7.806118769546195	0	2.0	1.0
282	13	6.942241144937119	0	2.0	1.0
283	13	6.078363520328043	0	2.0	1.0
284	13	5.214485895718967	0	2.0	1.0
285	13	4.350608271109891	0	2.0	1.0
286	13	3.486730646500815	0	2.0	1.0
287	13	2.622853021891739	0	2.0	1.0
288	13	1.7589753972826632	0	2.0	1.0
289	13	0.895097772673587	0	2.0	1.0
290	13	0.0312201480645109	0	2.0	1.0
291	13	0.8326574765445652	1	2.0	1.0
292	12.303464898846359	1	0	2.0	1.0
293	11.439587274237283	1	0	2.0	1.0
294	10.575709649628207	1	0	2.0	1.0
295	9.711832025019131	1	0	2.0	1.0
296	9	1.152045599589945	1	2.0	1.0
297	9	2.015923224199021	1	2.0	1.0
298	9	2.879800848808097	1	2.0	1.0
299	9	3.743678473417173	1	2.0	1.0
300	9	4.607556098026249	1	2.0	1.0
301	9	5.471433722635325	1	2.0	1.0
302	9	6.335311347244401	1	2.0	1.0
303	9	7.199188971853477	1	2.0	1.0
304	9	8.063066596462553	1	2.0	1.0
305	9	8.92694422107163	1	2.0	1.0
306	8.209178154319295	9	0	2.0	1.0
307	7.345300529710219	9	0	2.0	1.0
308	6.481422905101143	9	0	2.0	1.0
309	5.617545280492067	9	0	2.0	1.0
310	5	9.24633234411701	1	2.0	1.0
311	5	10.110209968726085	1	2.0	1.0
312	5	10.974087593335161	1	2.0	1.0
313	5	11.837965217944237	1	2.0	1.0
314	5	12.701842842553313	1	2.0	1.0
315	5	13.56572046716239	1	2.0	1.0
316	5	14.429598091771465	1	2.0	1.0
317	5	15.293475716380541	1	2.0	1.0
318	5	15.84264665901038	0	2.0	1.0
319	5	14.978769034401305	0	2.0	1.0
320	5	14.114891409792229	0	2.0	1.0
321	5	13.251013785183153	0	2.0	1.0
322	4.387136160574077	13	0	2.0	1.0
323	3.5232585359650006	13	0	2.0	1.0
324	2.6593809113559246	13	0	2.0	1.0
325	1.7955032867468486	13	0	2.0	1.0
326	1	13.068374337862227	1	2.0	1.0
327	1	13.932251962471303	1	2.0	1.0
328	1	14.79612958708038	1	2.0	1.0
329	1	15.660007211689456	1	2.0	1.0
330	1	15.476115163701468	0	2.0	1.0
331	1	14.612237539092392	0	2.0	1.0
332	1	13.748359914483316	0	2.0	1.0
333	1	13	1	2.0	1.0
334	1.863877624609076	13	1	2.0	1.0
335	2.727755249218152	13	1	2.0	1.0
336	3.591632873827228	13	1	2.0	1.0
337	4.455510498436304	13	1	2.0	1.0
338	5.31938812304538	13	1	2.0	1.0
339	6.183265747654456	13	1	2.0	1.0
340	7.047143372263532	13	1	2.0	1.0
341	7.911020996872608	13	1	2.0	1.0
342	8.774898621481684	13	1	2.0	1.0
343	9.63877624609076	13	1	2.0	1.0
344	10.502653870699836	13	1	2.0	1.0
345	11.366531495308912	13	1	2.0	1.0
346	12.230409119917988	13	1	2.0	1.0
347	13.094286744527064	13	1	2.0	1.0
348	13.95816436913614	13	1	2.0	1.0
349	14.822041993745216	13	1	2.0	1.0
350	15.685919618354292	13	1	2.0	1.0
351	15.450202757036632	13	0	2.0	1.0
352	14.586325132427556	13	0	2.0	1.0
353	13.72244750781848	13	0	2.0	1.0
354	13	12.858569883209404	0	2.0	1.0
355	13	11.994692258600328	0	2.0	1.0
356	13	11.130814633991251	0	2.0	1.0
357	13	10.266937009382175	0	2.0	1.0
358	13	9.4030593847731	0	2.0	1.0
359	13	8.539181760164023	0	2.0	1.0
360	13	7.675304135554947	0	2.0	1.0
361	13	6.811426510945871	0	2.0	1.0
362	13	5.947548886336795	0	2.0	1.0
363	13	5.083671261727719	0	2.0	1.0
364	13	5	1	2.0	1.0
365	13.863877624609076	5	1	2.0	1.0
366	14.727755249218152	5	1	2.0	1.0
367	15.591632873827228	5	1	2.0	1.0
368	15.544489501563696	5	0	2.0	1.0
369	14.68061187695462	5	0	2.0	1.0
370	13.816734252345544	5	0	2.0	1.0
371	12.952856627736468	5	0	2.0	1.0
372	12.088979003127392	5	0	2.0	1.0
373	11.225101378518316	5	0	2.0	1.0
374	10.36122375390924	5	0	2.0	1.0
375	9.497346129300164	5	0	2.0	1.0
376	9	5.366531495308912	1	2.0	1.0
377	9	6.230409119917988	1	2.0	1.0
378	9	7.094286744527064	1	2.0	1.0
379	9	7.95816436913614	1	2.0	1.0
380	9	8.822041993745216	1	2.0	1.0
381	8.314080381645708	9	0	2.0	1.0
382	7.450202757036632	9	0	2.0	1.0
383	6.586325132427556	9	0	2.0	1.0
384	5.7224475078184796	9	0	2.0	1.0
385	4.8585698832094035	9	0	2.0	1.0
386	3.9946922586003275	9	0	2.0	1.0
387	3.1308146339912515	9	0	2.0	1.0
388	2.2669370093821755	9	0	2.0	1.0
389	1.4030593847730994	9	0	2.0	1.0
390	1	8.539181760164023	0	2.0	1.0
391	1	7.675304135554947	0	2.0	1.0
392	1	6.811426510945871	0	2.0	1.0
393	1	5.947548886336795	0	2.0	1.0
394	1	5.083671261727719	0	2.0	1.0
395	0.2197936371186433	5	0	2.0	1.0
396	0.6440839874904328	5	1	2.0	1.0
397	1.507961612099509	5	1	2.0	1.0
398	2.371839236708585	5	1	2.0	1.0
399	3.2357168613176612	5	1	2.0	1.0
400	4.099594485926738	5	1	2.0	1.0
