EpNum	EpSteps	Reward	ener	dist
1	7	87	364.0	0.0
2	7	87	364.0	0.0
3	7	68	364.0	0.0
4	15	60	780.0	0.0
5	7	77	364.0	0.0
6	7	88	364.0	0.0
7	15	81	780.0	0.0
8	7	77	364.0	0.0
9	7	88	364.0	0.0
10	16	79	832.0	0.0
11	7	78	364.0	0.0
12	7	78	364.0	0.0
13	7	78	364.0	0.0
14	8	87	416.0	0.0
15	16	80	832.0	0.0
16	7	78	364.0	0.0
17	7	78	364.0	0.0
18	7	87	364.0	0.0
19	7	87	364.0	0.0
20	8	86	416.0	0.0
21	16	81	832.0	0.0
22	7	77	364.0	0.0
23	7	77	364.0	0.0
24	7	77	364.0	0.0
25	7	77	364.0	0.0
26	8	78	416.0	0.0
27	8	78	416.0	0.0
28	7	77	364.0	0.0
29	14	71	728.0	0.0
30	14	81	728.0	0.0
31	8	87	416.0	0.0
32	7	78	364.0	0.0
33	7	78	364.0	0.0
34	8	89	416.0	0.0
35	16	81	832.0	0.0
36	15	70	780.0	0.0
37	7	66	364.0	0.0
38	7	66	364.0	0.0
39	13	82	676.0	0.0
40	7	87	364.0	0.0
41	14	80	728.0	0.0
42	16	80	832.0	0.0
43	7	68	364.0	0.0
44	8	66	416.0	0.0
45	8	77	416.0	0.0
46	7	89	364.0	0.0
47	7	89	364.0	0.0
48	16	80	832.0	0.0
49	7	78	364.0	0.0
50	16	81	832.0	0.0
51	7	78	364.0	0.0
52	16	70	832.0	0.0
53	7	78	364.0	0.0
54	16	81	832.0	0.0
55	7	78	364.0	0.0
56	7	87	364.0	0.0
57	7	87	364.0	0.0
58	16	80	832.0	0.0
59	8	77	416.0	0.0
60	7	88	364.0	0.0
61	15	80	780.0	0.0
62	7	87	364.0	0.0
63	15	81	780.0	0.0
64	20	76	1040.0	0.0
65	7	77	364.0	0.0
66	15	82	780.0	0.0
67	7	89	364.0	0.0
68	16	79	832.0	0.0
69	7	76	364.0	0.0
70	7	87	364.0	0.0
71	16	79	832.0	0.0
72	7	76	364.0	0.0
73	7	76	364.0	0.0
74	23	61	1196.0	0.0
75	8	68	416.0	0.0
76	16	81	832.0	0.0
77	15	70	780.0	0.0
78	8	77	416.0	0.0
79	8	88	416.0	0.0
80	8	87	416.0	0.0
81	7	87	364.0	0.0
82	16	79	832.0	0.0
83	7	77	364.0	0.0
84	8	88	416.0	0.0
85	8	88	416.0	0.0
86	8	88	416.0	0.0
87	21	75	1092.0	0.0
88	7	87	364.0	0.0
89	7	88	364.0	0.0
90	15	70	780.0	0.0
91	16	59	832.0	0.0
92	8	77	416.0	0.0
93	16	79	832.0	0.0
94	8	77	416.0	0.0
95	16	69	832.0	0.0
96	7	67	364.0	0.0
97	15	82	780.0	0.0
98	7	78	364.0	0.0
99	8	77	416.0	0.0
100	8	88	416.0	0.0
101	8	87	416.0	0.0
102	11	85	572.0	0.0
103	8	87	416.0	0.0
104	15	81	780.0	0.0
105	7	87	364.0	0.0
106	7	87	364.0	0.0
107	16	79	832.0	0.0
108	7	77	364.0	0.0
109	15	70	780.0	0.0
110	12	74	624.0	0.0
111	14	83	728.0	0.0
112	7	66	364.0	0.0
113	12	63	624.0	0.0
114	16	70	832.0	0.0
115	7	78	364.0	0.0
116	7	77	364.0	0.0
117	14	71	728.0	0.0
118	16	68	832.0	0.0
119	7	78	364.0	0.0
120	7	67	364.0	0.0
121	7	68	364.0	0.0
122	7	78	364.0	0.0
123	7	78	364.0	0.0
124	13	73	676.0	0.0
125	8	77	416.0	0.0
126	7	77	364.0	0.0
127	7	77	364.0	0.0
128	15	70	780.0	0.0
129	8	77	416.0	0.0
130	16	80	832.0	0.0
131	7	57	364.0	0.0
132	7	68	364.0	0.0
133	7	67	364.0	0.0
134	7	66	364.0	0.0
135	7	78	364.0	0.0
136	7	78	364.0	0.0
137	7	88	364.0	0.0
138	7	77	364.0	0.0
139	7	78	364.0	0.0
140	14	62	728.0	0.0
141	7	66	364.0	0.0
142	7	76	364.0	0.0
143	16	69	832.0	0.0
144	7	67	364.0	0.0
145	16	81	832.0	0.0
146	12	73	624.0	0.0
147	16	80	832.0	0.0
148	7	78	364.0	0.0
149	7	78	364.0	0.0
150	7	77	364.0	0.0
151	7	88	364.0	0.0
152	15	80	780.0	0.0
153	7	88	364.0	0.0
154	8	67	416.0	0.0
155	7	67	364.0	0.0
156	7	77	364.0	0.0
157	16	69	832.0	0.0
158	7	66	364.0	0.0
159	7	78	364.0	0.0
160	16	70	832.0	0.0
161	7	66	364.0	0.0
162	7	78	364.0	0.0
163	15	72	780.0	0.0
164	22	74	1144.0	0.0
165	16	79	832.0	0.0
166	7	78	364.0	0.0
167	15	81	780.0	0.0
168	24	72	1248.0	0.0
169	16	80	832.0	0.0
170	7	77	364.0	0.0
171	7	88	364.0	0.0
172	7	87	364.0	0.0
173	14	81	728.0	0.0
174	7	88	364.0	0.0
175	8	89	416.0	0.0
176	16	81	832.0	0.0
177	7	77	364.0	0.0
178	7	87	364.0	0.0
179	24	71	1248.0	0.0
180	8	87	416.0	0.0
181	8	86	416.0	0.0
182	16	69	832.0	0.0
183	8	77	416.0	0.0
184	15	70	780.0	0.0
185	14	82	728.0	0.0
186	8	86	416.0	0.0
187	16	69	832.0	0.0
188	7	77	364.0	0.0
189	13	72	676.0	0.0
190	7	89	364.0	0.0
191	7	88	364.0	0.0
192	15	82	780.0	0.0
193	7	77	364.0	0.0
194	7	78	364.0	0.0
195	7	88	364.0	0.0
196	7	89	364.0	0.0
197	7	76	364.0	0.0
198	7	76	364.0	0.0
199	7	88	364.0	0.0
200	7	88	364.0	0.0
201	15	81	780.0	0.0
202	7	77	364.0	0.0
203	13	72	676.0	0.0
204	7	89	364.0	0.0
205	14	82	728.0	0.0
206	7	78	364.0	0.0
207	7	78	364.0	0.0
208	15	72	780.0	0.0
209	13	72	676.0	0.0
210	7	88	364.0	0.0
211	16	79	832.0	0.0
212	24	61	1248.0	0.0
213	9	76	468.0	0.0
214	21	75	1092.0	0.0
215	8	88	416.0	0.0
216	13	83	676.0	0.0
217	16	60	832.0	0.0
218	7	67	364.0	0.0
219	21	64	1092.0	0.0
220	7	68	364.0	0.0
221	7	68	364.0	0.0
222	14	72	728.0	0.0
223	7	78	364.0	0.0
224	7	68	364.0	0.0
225	15	71	780.0	0.0
226	7	87	364.0	0.0
227	7	86	364.0	0.0
228	16	79	832.0	0.0
229	7	77	364.0	0.0
230	7	77	364.0	0.0
231	21	66	1092.0	0.0
232	7	78	364.0	0.0
233	15	70	780.0	0.0
234	7	88	364.0	0.0
235	18	78	936.0	0.0
236	16	80	832.0	0.0
237	14	72	728.0	0.0
238	15	70	780.0	0.0
239	16	69	832.0	0.0
240	7	67	364.0	0.0
241	15	59	780.0	0.0
242	15	70	780.0	0.0
243	7	87	364.0	0.0
244	7	87	364.0	0.0
245	16	79	832.0	0.0
246	7	79	364.0	0.0
247	16	70	832.0	0.0
248	7	79	364.0	0.0
249	15	81	780.0	0.0
250	7	89	364.0	0.0
251	16	80	832.0	0.0
252	9	76	468.0	0.0
253	15	70	780.0	0.0
254	7	88	364.0	0.0
255	7	89	364.0	0.0
256	7	89	364.0	0.0
257	21	75	1092.0	0.0
258	7	78	364.0	0.0
259	15	80	780.0	0.0
260	16	79	832.0	0.0
261	7	77	364.0	0.0
262	16	79	832.0	0.0
263	7	77	364.0	0.0
264	8	87	416.0	0.0
265	16	79	832.0	0.0
266	16	69	832.0	0.0
267	7	67	364.0	0.0
268	7	67	364.0	0.0
269	7	67	364.0	0.0
270	7	88	364.0	0.0
271	7	89	364.0	0.0
272	7	79	364.0	0.0
273	7	78	364.0	0.0
274	15	81	780.0	0.0
275	15	80	780.0	0.0
276	15	71	780.0	0.0
277	8	87	416.0	0.0
278	8	87	416.0	0.0
279	15	71	780.0	0.0
280	8	87	416.0	0.0
281	7	77	364.0	0.0
282	7	66	364.0	0.0
283	8	77	416.0	0.0
284	11	85	572.0	0.0
285	7	77	364.0	0.0
286	15	71	780.0	0.0
287	16	79	832.0	0.0
288	8	77	416.0	0.0
289	13	73	676.0	0.0
290	7	77	364.0	0.0
291	7	77	364.0	0.0
292	13	83	676.0	0.0
293	8	88	416.0	0.0
294	7	87	364.0	0.0
295	7	87	364.0	0.0
296	7	88	364.0	0.0
297	7	89	364.0	0.0
298	16	81	832.0	0.0
299	8	67	416.0	0.0
300	8	78	416.0	0.0
301	16	80	832.0	0.0
302	7	67	364.0	0.0
303	8	77	416.0	0.0
304	7	90	364.0	0.0
305	15	82	780.0	0.0
306	16	78	832.0	0.0
307	15	71	780.0	0.0
308	16	70	832.0	0.0
309	7	77	364.0	0.0
310	7	87	364.0	0.0
311	18	78	936.0	0.0
312	7	86	364.0	0.0
313	11	73	572.0	0.0
314	15	71	780.0	0.0
315	7	77	364.0	0.0
316	8	87	416.0	0.0
317	13	83	676.0	0.0
318	7	88	364.0	0.0
319	7	88	364.0	0.0
320	7	88	364.0	0.0
321	7	87	364.0	0.0
322	7	88	364.0	0.0
323	16	80	832.0	0.0
324	7	66	364.0	0.0
325	7	57	364.0	0.0
326	7	66	364.0	0.0
327	14	80	728.0	0.0
328	7	77	364.0	0.0
329	15	70	780.0	0.0
330	7	86	364.0	0.0
331	7	87	364.0	0.0
332	16	79	832.0	0.0
333	7	67	364.0	0.0
334	7	78	364.0	0.0
335	15	70	780.0	0.0
336	15	70	780.0	0.0
337	8	77	416.0	0.0
338	13	73	676.0	0.0
339	8	77	416.0	0.0
340	7	76	364.0	0.0
341	7	66	364.0	0.0
342	7	77	364.0	0.0
343	7	88	364.0	0.0
344	7	88	364.0	0.0
345	7	88	364.0	0.0
346	12	74	624.0	0.0
347	13	83	676.0	0.0
348	16	70	832.0	0.0
349	7	77	364.0	0.0
350	7	78	364.0	0.0
351	7	68	364.0	0.0
352	7	66	364.0	0.0
353	12	72	624.0	0.0
354	7	78	364.0	0.0
355	7	77	364.0	0.0
356	7	88	364.0	0.0
357	7	88	364.0	0.0
358	22	74	1144.0	0.0
359	7	88	364.0	0.0
360	15	81	780.0	0.0
361	7	87	364.0	0.0
362	7	87	364.0	0.0
363	11	86	572.0	0.0
364	15	81	780.0	0.0
365	16	80	832.0	0.0
366	16	70	832.0	0.0
367	13	73	676.0	0.0
368	13	83	676.0	0.0
369	7	88	364.0	0.0
370	7	87	364.0	0.0
371	12	83	624.0	0.0
372	8	78	416.0	0.0
373	15	71	780.0	0.0
374	15	60	780.0	0.0
375	7	66	364.0	0.0
376	7	87	364.0	0.0
377	8	88	416.0	0.0
378	8	88	416.0	0.0
379	15	81	780.0	0.0
380	7	87	364.0	0.0
381	15	70	780.0	0.0
382	15	81	780.0	0.0
383	7	87	364.0	0.0
384	8	87	416.0	0.0
385	15	80	780.0	0.0
386	16	79	832.0	0.0
387	7	57	364.0	0.0
388	7	88	364.0	0.0
389	14	80	728.0	0.0
390	7	87	364.0	0.0
391	7	87	364.0	0.0
392	16	79	832.0	0.0
393	7	57	364.0	0.0
394	7	67	364.0	0.0
395	7	67	364.0	0.0
396	7	77	364.0	0.0
397	7	88	364.0	0.0
398	16	81	832.0	0.0
399	7	67	364.0	0.0
400	8	77	416.0	0.0
401	15	71	780.0	0.0
402	16	78	832.0	0.0
403	15	70	780.0	0.0
404	7	77	364.0	0.0
405	7	88	364.0	0.0
406	7	79	364.0	0.0
407	7	89	364.0	0.0
408	7	87	364.0	0.0
409	15	81	780.0	0.0
410	7	77	364.0	0.0
411	7	77	364.0	0.0
412	7	88	364.0	0.0
413	16	80	832.0	0.0
414	16	69	832.0	0.0
415	7	77	364.0	0.0
416	7	87	364.0	0.0
417	8	88	416.0	0.0
418	14	83	728.0	0.0
419	13	71	676.0	0.0
420	7	77	364.0	0.0
421	15	81	780.0	0.0
422	7	77	364.0	0.0
423	15	71	780.0	0.0
424	7	77	364.0	0.0
425	7	66	364.0	0.0
426	7	77	364.0	0.0
427	7	77	364.0	0.0
428	16	69	832.0	0.0
429	7	67	364.0	0.0
430	7	89	364.0	0.0
431	16	80	832.0	0.0
432	7	57	364.0	0.0
433	7	67	364.0	0.0
434	7	77	364.0	0.0
435	16	79	832.0	0.0
436	7	77	364.0	0.0
437	7	77	364.0	0.0
438	16	69	832.0	0.0
439	16	70	832.0	0.0
440	7	78	364.0	0.0
441	16	70	832.0	0.0
442	7	66	364.0	0.0
443	7	76	364.0	0.0
444	8	77	416.0	0.0
445	8	77	416.0	0.0
446	7	78	364.0	0.0
447	7	78	364.0	0.0
448	7	77	364.0	0.0
449	16	70	832.0	0.0
450	11	74	572.0	0.0
451	11	84	572.0	0.0
452	11	84	572.0	0.0
453	8	78	416.0	0.0
454	15	71	780.0	0.0
455	7	77	364.0	0.0
456	7	87	364.0	0.0
457	24	72	1248.0	0.0
458	8	88	416.0	0.0
459	8	87	416.0	0.0
460	16	80	832.0	0.0
461	8	78	416.0	0.0
462	7	78	364.0	0.0
463	15	80	780.0	0.0
464	7	88	364.0	0.0
465	16	79	832.0	0.0
466	15	70	780.0	0.0
467	7	77	364.0	0.0
468	8	88	416.0	0.0
469	16	80	832.0	0.0
470	7	79	364.0	0.0
471	7	78	364.0	0.0
472	7	79	364.0	0.0
473	7	90	364.0	0.0
474	15	70	780.0	0.0
475	7	88	364.0	0.0
476	8	87	416.0	0.0
477	11	73	572.0	0.0
478	14	71	728.0	0.0
479	8	87	416.0	0.0
480	15	71	780.0	0.0
481	16	80	832.0	0.0
482	7	68	364.0	0.0
483	8	66	416.0	0.0
484	8	76	416.0	0.0
485	8	78	416.0	0.0
486	7	78	364.0	0.0
487	7	77	364.0	0.0
488	21	64	1092.0	0.0
489	7	88	364.0	0.0
490	15	80	780.0	0.0
491	15	70	780.0	0.0
492	7	87	364.0	0.0
493	7	88	364.0	0.0
494	19	77	988.0	0.0
495	11	75	572.0	0.0
496	15	70	780.0	0.0
497	14	61	728.0	0.0
498	20	76	1040.0	0.0
499	7	89	364.0	0.0
500	16	81	832.0	0.0
501	16	70	832.0	0.0
502	7	66	364.0	0.0
503	7	78	364.0	0.0
504	13	82	676.0	0.0
505	7	88	364.0	0.0
506	8	88	416.0	0.0
507	8	78	416.0	0.0
508	17	81	884.0	0.0
509	15	69	780.0	0.0
510	7	87	364.0	0.0
511	7	87	364.0	0.0
512	7	89	364.0	0.0
513	16	81	832.0	0.0
514	8	77	416.0	0.0
515	8	76	416.0	0.0
516	15	70	780.0	0.0
517	7	77	364.0	0.0
518	7	87	364.0	0.0
519	7	89	364.0	0.0
520	7	89	364.0	0.0
521	7	88	364.0	0.0
522	11	87	572.0	0.0
523	15	70	780.0	0.0
524	15	81	780.0	0.0
525	13	72	676.0	0.0
526	8	88	416.0	0.0
527	15	81	780.0	0.0
528	7	89	364.0	0.0
529	7	89	364.0	0.0
530	7	88	364.0	0.0
531	7	87	364.0	0.0
532	16	79	832.0	0.0
533	7	68	364.0	0.0
534	7	66	364.0	0.0
535	9	75	468.0	0.0
536	16	79	832.0	0.0
537	7	79	364.0	0.0
538	7	78	364.0	0.0
539	8	77	416.0	0.0
540	15	69	780.0	0.0
541	8	87	416.0	0.0
542	11	84	572.0	0.0
543	16	81	832.0	0.0
544	7	77	364.0	0.0
545	15	80	780.0	0.0
546	8	87	416.0	0.0
547	16	81	832.0	0.0
548	15	49	780.0	0.0
549	7	68	364.0	0.0
550	8	78	416.0	0.0
551	15	82	780.0	0.0
552	12	73	624.0	0.0
553	15	81	780.0	0.0
554	12	84	624.0	0.0
555	22	75	1144.0	0.0
556	7	79	364.0	0.0
557	16	81	832.0	0.0
558	15	59	780.0	0.0
559	7	77	364.0	0.0
560	8	76	416.0	0.0
561	7	77	364.0	0.0
562	7	77	364.0	0.0
563	13	71	676.0	0.0
564	7	88	364.0	0.0
565	8	87	416.0	0.0
566	8	87	416.0	0.0
567	20	76	1040.0	0.0
568	7	78	364.0	0.0
569	7	77	364.0	0.0
570	15	81	780.0	0.0
571	7	87	364.0	0.0
572	7	77	364.0	0.0
573	7	67	364.0	0.0
574	7	77	364.0	0.0
575	7	88	364.0	0.0
576	7	88	364.0	0.0
577	8	77	416.0	0.0
578	15	71	780.0	0.0
579	7	77	364.0	0.0
580	7	78	364.0	0.0
581	7	57	364.0	0.0
582	8	67	416.0	0.0
583	16	79	832.0	0.0
584	8	67	416.0	0.0
585	16	70	832.0	0.0
586	16	59	832.0	0.0
587	7	77	364.0	0.0
588	8	78	416.0	0.0
589	8	77	416.0	0.0
590	8	77	416.0	0.0
591	7	76	364.0	0.0
592	7	77	364.0	0.0
593	7	79	364.0	0.0
594	15	82	780.0	0.0
595	10	75	520.0	0.0
596	7	78	364.0	0.0
597	15	69	780.0	0.0
598	7	87	364.0	0.0
599	8	88	416.0	0.0
600	16	80	832.0	0.0
601	7	78	364.0	0.0
602	7	78	364.0	0.0
603	8	78	416.0	0.0
604	12	85	624.0	0.0
605	7	67	364.0	0.0
606	7	68	364.0	0.0
607	8	78	416.0	0.0
608	7	78	364.0	0.0
609	15	70	780.0	0.0
610	8	77	416.0	0.0
611	16	80	832.0	0.0
612	7	78	364.0	0.0
613	7	78	364.0	0.0
614	13	71	676.0	0.0
615	7	77	364.0	0.0
616	7	76	364.0	0.0
617	11	74	572.0	0.0
618	7	67	364.0	0.0
619	7	78	364.0	0.0
620	16	69	832.0	0.0
621	7	67	364.0	0.0
622	8	76	416.0	0.0
623	7	77	364.0	0.0
624	7	77	364.0	0.0
625	7	77	364.0	0.0
626	15	70	780.0	0.0
627	16	79	832.0	0.0
628	8	77	416.0	0.0
629	7	78	364.0	0.0
630	7	77	364.0	0.0
631	7	76	364.0	0.0
632	13	72	676.0	0.0
633	14	71	728.0	0.0
634	8	76	416.0	0.0
635	7	87	364.0	0.0
636	15	80	780.0	0.0
637	7	77	364.0	0.0
638	7	77	364.0	0.0
639	15	80	780.0	0.0
640	7	66	364.0	0.0
641	16	59	832.0	0.0
642	13	73	676.0	0.0
643	15	70	780.0	0.0
644	7	77	364.0	0.0
645	7	79	364.0	0.0
646	15	71	780.0	0.0
647	15	70	780.0	0.0
648	7	77	364.0	0.0
649	7	76	364.0	0.0
650	7	88	364.0	0.0
651	10	87	520.0	0.0
652	12	84	624.0	0.0
653	8	77	416.0	0.0
654	16	68	832.0	0.0
655	7	68	364.0	0.0
656	7	69	364.0	0.0
657	7	78	364.0	0.0
658	7	78	364.0	0.0
659	7	77	364.0	0.0
660	7	88	364.0	0.0
661	7	89	364.0	0.0
662	7	88	364.0	0.0
663	14	82	728.0	0.0
664	15	80	780.0	0.0
665	7	88	364.0	0.0
666	13	83	676.0	0.0
667	16	81	832.0	0.0
668	7	78	364.0	0.0
669	8	87	416.0	0.0
670	8	88	416.0	0.0
671	14	82	728.0	0.0
672	7	87	364.0	0.0
673	12	74	624.0	0.0
674	13	73	676.0	0.0
675	7	88	364.0	0.0
676	8	78	416.0	0.0
677	7	78	364.0	0.0
678	7	77	364.0	0.0
679	16	69	832.0	0.0
680	7	67	364.0	0.0
681	7	77	364.0	0.0
682	7	87	364.0	0.0
683	15	80	780.0	0.0
684	7	78	364.0	0.0
685	16	59	832.0	0.0
686	8	66	416.0	0.0
687	15	71	780.0	0.0
688	7	89	364.0	0.0
689	7	90	364.0	0.0
690	16	71	832.0	0.0
691	7	57	364.0	0.0
692	7	77	364.0	0.0
693	8	78	416.0	0.0
694	15	70	780.0	0.0
695	16	79	832.0	0.0
696	7	67	364.0	0.0
697	7	66	364.0	0.0
698	15	80	780.0	0.0
699	7	78	364.0	0.0
700	16	69	832.0	0.0
701	7	68	364.0	0.0
702	7	77	364.0	0.0
703	7	87	364.0	0.0
704	7	88	364.0	0.0
705	7	78	364.0	0.0
706	15	70	780.0	0.0
707	7	78	364.0	0.0
708	15	70	780.0	0.0
709	7	77	364.0	0.0
710	15	70	780.0	0.0
711	13	72	676.0	0.0
712	7	78	364.0	0.0
713	15	70	780.0	0.0
714	15	69	780.0	0.0
715	7	77	364.0	0.0
716	8	88	416.0	0.0
717	16	81	832.0	0.0
718	15	69	780.0	0.0
719	7	87	364.0	0.0
720	7	87	364.0	0.0
721	16	78	832.0	0.0
722	7	78	364.0	0.0
723	15	70	780.0	0.0
724	7	77	364.0	0.0
725	7	77	364.0	0.0
726	8	86	416.0	0.0
727	11	84	572.0	0.0
728	8	67	416.0	0.0
729	8	86	416.0	0.0
730	16	79	832.0	0.0
731	7	76	364.0	0.0
732	8	76	416.0	0.0
733	7	78	364.0	0.0
734	15	72	780.0	0.0
735	7	77	364.0	0.0
736	24	73	1248.0	0.0
737	10	85	520.0	0.0
738	8	77	416.0	0.0
739	12	73	624.0	0.0
740	17	79	884.0	0.0
741	7	78	364.0	0.0
742	16	80	832.0	0.0
743	13	51	676.0	0.0
744	7	78	364.0	0.0
745	7	78	364.0	0.0
746	7	78	364.0	0.0
747	8	77	416.0	0.0
748	15	80	780.0	0.0
749	16	81	832.0	0.0
750	15	70	780.0	0.0
751	8	76	416.0	0.0
752	8	87	416.0	0.0
753	16	79	832.0	0.0
754	7	77	364.0	0.0
755	7	77	364.0	0.0
756	8	77	416.0	0.0
757	15	71	780.0	0.0
758	15	81	780.0	0.0
759	15	70	780.0	0.0
760	7	87	364.0	0.0
761	8	87	416.0	0.0
762	13	84	676.0	0.0
763	7	79	364.0	0.0
764	24	62	1248.0	0.0
765	13	72	676.0	0.0
766	7	87	364.0	0.0
767	7	86	364.0	0.0
768	13	82	676.0	0.0
769	7	78	364.0	0.0
770	8	78	416.0	0.0
771	11	76	572.0	0.0
772	15	70	780.0	0.0
773	8	76	416.0	0.0
774	16	69	832.0	0.0
775	7	67	364.0	0.0
776	7	67	364.0	0.0
777	16	59	832.0	0.0
778	7	68	364.0	0.0
779	7	77	364.0	0.0
780	8	77	416.0	0.0
781	11	85	572.0	0.0
782	8	77	416.0	0.0
783	16	70	832.0	0.0
784	15	60	780.0	0.0
785	12	73	624.0	0.0
786	7	88	364.0	0.0
787	7	88	364.0	0.0
788	7	88	364.0	0.0
789	15	81	780.0	0.0
790	7	86	364.0	0.0
791	8	86	416.0	0.0
792	7	87	364.0	0.0
793	14	83	728.0	0.0
794	7	88	364.0	0.0
795	15	80	780.0	0.0
796	12	73	624.0	0.0
797	16	80	832.0	0.0
798	14	71	728.0	0.0
799	7	77	364.0	0.0
800	15	71	780.0	0.0
801	7	77	364.0	0.0
802	7	87	364.0	0.0
803	8	88	416.0	0.0
804	8	78	416.0	0.0
805	8	77	416.0	0.0
806	7	87	364.0	0.0
807	19	76	988.0	0.0
808	7	79	364.0	0.0
809	18	68	936.0	0.0
810	7	76	364.0	0.0
811	7	77	364.0	0.0
812	15	70	780.0	0.0
813	14	83	728.0	0.0
814	15	80	780.0	0.0
815	7	87	364.0	0.0
816	16	79	832.0	0.0
817	8	77	416.0	0.0
818	8	78	416.0	0.0
819	7	78	364.0	0.0
820	7	87	364.0	0.0
821	7	88	364.0	0.0
822	8	88	416.0	0.0
823	16	80	832.0	0.0
824	15	70	780.0	0.0
825	7	66	364.0	0.0
826	7	76	364.0	0.0
827	7	78	364.0	0.0
828	8	88	416.0	0.0
829	15	71	780.0	0.0
830	7	88	364.0	0.0
831	7	88	364.0	0.0
832	16	79	832.0	0.0
833	7	57	364.0	0.0
834	8	67	416.0	0.0
835	7	78	364.0	0.0
836	7	67	364.0	0.0
837	7	77	364.0	0.0
838	7	87	364.0	0.0
839	14	70	728.0	0.0
840	7	66	364.0	0.0
841	8	67	416.0	0.0
842	15	60	780.0	0.0
843	8	76	416.0	0.0
844	8	78	416.0	0.0
845	8	77	416.0	0.0
846	12	74	624.0	0.0
847	15	71	780.0	0.0
848	10	75	520.0	0.0
849	7	88	364.0	0.0
850	16	80	832.0	0.0
851	8	77	416.0	0.0
852	7	78	364.0	0.0
853	14	61	728.0	0.0
854	7	77	364.0	0.0
855	16	79	832.0	0.0
856	7	78	364.0	0.0
857	16	80	832.0	0.0
858	7	79	364.0	0.0
859	15	70	780.0	0.0
860	7	77	364.0	0.0
861	7	77	364.0	0.0
862	7	88	364.0	0.0
863	16	79	832.0	0.0
864	7	78	364.0	0.0
865	7	77	364.0	0.0
866	13	72	676.0	0.0
867	7	78	364.0	0.0
868	7	77	364.0	0.0
869	7	77	364.0	0.0
870	8	76	416.0	0.0
871	15	69	780.0	0.0
872	7	88	364.0	0.0
873	16	80	832.0	0.0
874	15	71	780.0	0.0
875	15	81	780.0	0.0
876	7	77	364.0	0.0
877	15	71	780.0	0.0
878	7	88	364.0	0.0
879	8	87	416.0	0.0
880	16	80	832.0	0.0
881	7	78	364.0	0.0
882	8	88	416.0	0.0
883	16	71	832.0	0.0
884	14	70	728.0	0.0
885	11	85	572.0	0.0
886	7	87	364.0	0.0
887	7	88	364.0	0.0
888	16	81	832.0	0.0
889	12	73	624.0	0.0
890	15	70	780.0	0.0
891	15	70	780.0	0.0
892	7	76	364.0	0.0
893	7	87	364.0	0.0
894	7	88	364.0	0.0
895	14	81	728.0	0.0
896	7	77	364.0	0.0
897	15	70	780.0	0.0
898	7	77	364.0	0.0
899	7	88	364.0	0.0
900	7	77	364.0	0.0
901	12	73	624.0	0.0
902	8	88	416.0	0.0
903	7	88	364.0	0.0
904	7	89	364.0	0.0
905	7	88	364.0	0.0
906	7	78	364.0	0.0
907	7	66	364.0	0.0
908	12	72	624.0	0.0
909	7	77	364.0	0.0
910	16	68	832.0	0.0
911	7	66	364.0	0.0
912	10	76	520.0	0.0
913	15	82	780.0	0.0
914	7	76	364.0	0.0
915	7	78	364.0	0.0
916	7	88	364.0	0.0
917	16	80	832.0	0.0
918	7	77	364.0	0.0
919	7	77	364.0	0.0
920	7	77	364.0	0.0
921	7	87	364.0	0.0
922	21	74	1092.0	0.0
923	7	78	364.0	0.0
924	16	79	832.0	0.0
925	7	77	364.0	0.0
926	15	70	780.0	0.0
927	7	88	364.0	0.0
928	16	69	832.0	0.0
929	16	69	832.0	0.0
930	16	70	832.0	0.0
931	15	69	780.0	0.0
932	7	76	364.0	0.0
933	7	77	364.0	0.0
934	7	88	364.0	0.0
935	16	79	832.0	0.0
936	7	77	364.0	0.0
937	7	87	364.0	0.0
938	15	81	780.0	0.0
939	7	77	364.0	0.0
940	7	88	364.0	0.0
941	7	88	364.0	0.0
942	8	88	416.0	0.0
943	7	89	364.0	0.0
944	16	79	832.0	0.0
945	7	77	364.0	0.0
946	7	77	364.0	0.0
947	7	76	364.0	0.0
948	7	86	364.0	0.0
949	16	70	832.0	0.0
950	7	77	364.0	0.0
951	7	77	364.0	0.0
952	7	77	364.0	0.0
953	7	87	364.0	0.0
954	7	87	364.0	0.0
955	15	80	780.0	0.0
956	7	77	364.0	0.0
957	7	88	364.0	0.0
958	14	81	728.0	0.0
959	7	76	364.0	0.0
960	8	77	416.0	0.0
961	7	78	364.0	0.0
962	7	88	364.0	0.0
963	15	81	780.0	0.0
964	7	77	364.0	0.0
965	7	77	364.0	0.0
966	7	77	364.0	0.0
967	11	75	572.0	0.0
968	7	78	364.0	0.0
969	16	71	832.0	0.0
970	7	66	364.0	0.0
971	8	77	416.0	0.0
972	16	69	832.0	0.0
973	12	74	624.0	0.0
974	16	80	832.0	0.0
975	7	78	364.0	0.0
976	15	81	780.0	0.0
977	7	76	364.0	0.0
978	8	77	416.0	0.0
979	16	59	832.0	0.0
980	7	68	364.0	0.0
981	7	78	364.0	0.0
982	7	88	364.0	0.0
983	8	88	416.0	0.0
984	16	80	832.0	0.0
985	8	78	416.0	0.0
986	15	81	780.0	0.0
987	7	77	364.0	0.0
988	7	77	364.0	0.0
989	7	87	364.0	0.0
990	15	80	780.0	0.0
991	7	88	364.0	0.0
992	16	79	832.0	0.0
993	7	67	364.0	0.0
994	7	77	364.0	0.0
995	7	88	364.0	0.0
996	7	88	364.0	0.0
997	16	81	832.0	0.0
998	7	68	364.0	0.0
999	15	70	780.0	0.0
1000	7	78	364.0	0.0
1001	15	82	780.0	0.0
1002	7	78	364.0	0.0
1003	15	71	780.0	0.0
1004	7	77	364.0	0.0
1005	8	77	416.0	0.0
1006	15	70	780.0	0.0
1007	16	79	832.0	0.0
1008	16	69	832.0	0.0
1009	16	70	832.0	0.0
1010	7	76	364.0	0.0
1011	12	72	624.0	0.0
1012	7	77	364.0	0.0
1013	10	75	520.0	0.0
1014	7	88	364.0	0.0
1015	7	88	364.0	0.0
1016	7	89	364.0	0.0
1017	16	80	832.0	0.0
1018	7	76	364.0	0.0
1019	16	79	832.0	0.0
1020	7	77	364.0	0.0
1021	8	78	416.0	0.0
1022	7	78	364.0	0.0
1023	7	88	364.0	0.0
1024	7	77	364.0	0.0
1025	7	77	364.0	0.0
1026	7	78	364.0	0.0
1027	8	78	416.0	0.0
1028	15	70	780.0	0.0
1029	8	76	416.0	0.0
1030	14	70	728.0	0.0
1031	7	77	364.0	0.0
1032	13	73	676.0	0.0
1033	7	87	364.0	0.0
1034	8	87	416.0	0.0
1035	20	77	1040.0	0.0
1036	7	90	364.0	0.0
1037	7	78	364.0	0.0
1038	15	70	780.0	0.0
1039	7	66	364.0	0.0
1040	7	78	364.0	0.0
1041	7	88	364.0	0.0
1042	7	77	364.0	0.0
1043	14	72	728.0	0.0
1044	16	80	832.0	0.0
1045	8	68	416.0	0.0
1046	15	80	780.0	0.0
1047	8	77	416.0	0.0
1048	7	78	364.0	0.0
1049	7	76	364.0	0.0
1050	7	66	364.0	0.0
1051	7	77	364.0	0.0
1052	7	87	364.0	0.0
1053	13	82	676.0	0.0
1054	7	78	364.0	0.0
1055	7	77	364.0	0.0
1056	7	87	364.0	0.0
1057	7	87	364.0	0.0
1058	7	77	364.0	0.0
1059	7	77	364.0	0.0
1060	12	74	624.0	0.0
1061	8	77	416.0	0.0
1062	7	88	364.0	0.0
1063	13	83	676.0	0.0
1064	16	82	832.0	0.0
1065	11	64	572.0	0.0
1066	15	72	780.0	0.0
1067	12	72	624.0	0.0
1068	7	78	364.0	0.0
1069	8	77	416.0	0.0
1070	15	70	780.0	0.0
1071	8	77	416.0	0.0
1072	8	78	416.0	0.0
1073	16	81	832.0	0.0
1074	12	52	624.0	0.0
1075	15	61	780.0	0.0
1076	8	66	416.0	0.0
1077	16	58	832.0	0.0
1078	7	67	364.0	0.0
1079	7	87	364.0	0.0
1080	7	86	364.0	0.0
1081	8	87	416.0	0.0
1082	11	84	572.0	0.0
1083	16	80	832.0	0.0
1084	7	77	364.0	0.0
1085	7	78	364.0	0.0
1086	16	79	832.0	0.0
1087	16	69	832.0	0.0
1088	7	77	364.0	0.0
1089	7	89	364.0	0.0
1090	8	88	416.0	0.0
1091	11	84	572.0	0.0
1092	15	81	780.0	0.0
1093	16	79	832.0	0.0
1094	7	69	364.0	0.0
1095	14	82	728.0	0.0
1096	7	87	364.0	0.0
1097	7	77	364.0	0.0
1098	14	61	728.0	0.0
1099	8	87	416.0	0.0
1100	16	79	832.0	0.0
1101	12	63	624.0	0.0
1102	11	75	572.0	0.0
1103	7	87	364.0	0.0
1104	16	79	832.0	0.0
1105	16	60	832.0	0.0
1106	15	60	780.0	0.0
1107	8	67	416.0	0.0
1108	7	78	364.0	0.0
1109	15	70	780.0	0.0
1110	7	77	364.0	0.0
1111	7	77	364.0	0.0
1112	7	77	364.0	0.0
1113	7	77	364.0	0.0
1114	7	87	364.0	0.0
1115	7	88	364.0	0.0
1116	15	81	780.0	0.0
1117	7	78	364.0	0.0
1118	8	78	416.0	0.0
1119	7	77	364.0	0.0
1120	7	78	364.0	0.0
1121	7	78	364.0	0.0
1122	7	78	364.0	0.0
1123	15	81	780.0	0.0
1124	7	76	364.0	0.0
1125	7	67	364.0	0.0
1126	15	59	780.0	0.0
1127	7	87	364.0	0.0
1128	16	79	832.0	0.0
1129	7	67	364.0	0.0
1130	7	67	364.0	0.0
1131	7	77	364.0	0.0
1132	7	68	364.0	0.0
1133	7	77	364.0	0.0
1134	15	70	780.0	0.0
1135	7	79	364.0	0.0
1136	7	78	364.0	0.0
1137	15	82	780.0	0.0
1138	7	77	364.0	0.0
1139	7	78	364.0	0.0
1140	7	77	364.0	0.0
1141	7	66	364.0	0.0
1142	8	76	416.0	0.0
1143	7	86	364.0	0.0
1144	7	77	364.0	0.0
1145	7	77	364.0	0.0
1146	14	80	728.0	0.0
1147	8	86	416.0	0.0
1148	16	70	832.0	0.0
1149	7	78	364.0	0.0
1150	7	88	364.0	0.0
1151	8	87	416.0	0.0
1152	8	87	416.0	0.0
1153	15	82	780.0	0.0
1154	7	86	364.0	0.0
1155	7	87	364.0	0.0
1156	8	87	416.0	0.0
1157	16	80	832.0	0.0
1158	7	67	364.0	0.0
1159	7	67	364.0	0.0
1160	7	78	364.0	0.0
1161	15	71	780.0	0.0
1162	7	77	364.0	0.0
1163	7	68	364.0	0.0
1164	7	67	364.0	0.0
1165	16	70	832.0	0.0
1166	7	67	364.0	0.0
1167	7	78	364.0	0.0
1168	13	84	676.0	0.0
1169	15	71	780.0	0.0
1170	7	78	364.0	0.0
1171	7	88	364.0	0.0
1172	16	80	832.0	0.0
1173	7	67	364.0	0.0
1174	7	77	364.0	0.0
1175	7	76	364.0	0.0
1176	7	87	364.0	0.0
1177	16	69	832.0	0.0
1178	7	77	364.0	0.0
1179	7	88	364.0	0.0
1180	16	79	832.0	0.0
1181	7	78	364.0	0.0
1182	7	87	364.0	0.0
1183	7	88	364.0	0.0
1184	7	88	364.0	0.0
1185	16	80	832.0	0.0
1186	7	79	364.0	0.0
1187	16	80	832.0	0.0
1188	7	46	364.0	0.0
1189	7	78	364.0	0.0
1190	15	71	780.0	0.0
1191	16	79	832.0	0.0
1192	7	77	364.0	0.0
1193	7	67	364.0	0.0
1194	7	67	364.0	0.0
1195	8	77	416.0	0.0
1196	15	81	780.0	0.0
1197	7	87	364.0	0.0
1198	7	87	364.0	0.0
1199	15	80	780.0	0.0
1200	7	78	364.0	0.0
1201	14	81	728.0	0.0
1202	16	69	832.0	0.0
1203	15	71	780.0	0.0
1204	7	77	364.0	0.0
1205	12	73	624.0	0.0
1206	8	88	416.0	0.0
1207	15	80	780.0	0.0
1208	7	67	364.0	0.0
1209	14	71	728.0	0.0
1210	7	88	364.0	0.0
1211	7	87	364.0	0.0
1212	7	67	364.0	0.0
1213	15	79	780.0	0.0
1214	7	88	364.0	0.0
1215	18	78	936.0	0.0
1216	7	88	364.0	0.0
1217	19	77	988.0	0.0
1218	21	74	1092.0	0.0
1219	7	77	364.0	0.0
1220	12	73	624.0	0.0
1221	15	71	780.0	0.0
1222	7	77	364.0	0.0
1223	7	87	364.0	0.0
1224	15	80	780.0	0.0
1225	16	79	832.0	0.0
1226	15	71	780.0	0.0
1227	7	88	364.0	0.0
1228	7	89	364.0	0.0
1229	8	87	416.0	0.0
1230	10	86	520.0	0.0
1231	7	88	364.0	0.0
1232	7	87	364.0	0.0
1233	7	78	364.0	0.0
1234	16	69	832.0	0.0
1235	17	59	884.0	0.0
1236	7	77	364.0	0.0
1237	7	87	364.0	0.0
1238	16	80	832.0	0.0
1239	7	67	364.0	0.0
1240	8	66	416.0	0.0
1241	8	86	416.0	0.0
1242	7	88	364.0	0.0
1243	7	88	364.0	0.0
1244	7	88	364.0	0.0
1245	15	80	780.0	0.0
1246	15	81	780.0	0.0
1247	7	88	364.0	0.0
1248	7	87	364.0	0.0
1249	8	87	416.0	0.0
1250	16	79	832.0	0.0
1251	15	70	780.0	0.0
1252	16	79	832.0	0.0
1253	15	72	780.0	0.0
1254	8	87	416.0	0.0
1255	16	80	832.0	0.0
1256	15	69	780.0	0.0
1257	16	79	832.0	0.0
1258	11	74	572.0	0.0
1259	15	80	780.0	0.0
1260	15	81	780.0	0.0
1261	16	80	832.0	0.0
1262	7	78	364.0	0.0
1263	8	88	416.0	0.0
1264	16	79	832.0	0.0
1265	7	76	364.0	0.0
1266	16	78	832.0	0.0
1267	7	76	364.0	0.0
1268	7	67	364.0	0.0
1269	7	67	364.0	0.0
1270	8	76	416.0	0.0
1271	11	74	572.0	0.0
1272	16	70	832.0	0.0
1273	14	72	728.0	0.0
1274	7	87	364.0	0.0
1275	15	69	780.0	0.0
1276	8	88	416.0	0.0
1277	7	88	364.0	0.0
1278	7	88	364.0	0.0
1279	16	70	832.0	0.0
1280	7	78	364.0	0.0
1281	8	88	416.0	0.0
1282	15	80	780.0	0.0
1283	8	88	416.0	0.0
1284	8	88	416.0	0.0
1285	21	76	1092.0	0.0
1286	12	74	624.0	0.0
1287	15	82	780.0	0.0
1288	7	76	364.0	0.0
1289	16	69	832.0	0.0
1290	7	67	364.0	0.0
1291	7	78	364.0	0.0
1292	7	69	364.0	0.0
1293	7	68	364.0	0.0
1294	7	77	364.0	0.0
1295	7	88	364.0	0.0
1296	7	88	364.0	0.0
1297	7	88	364.0	0.0
1298	8	87	416.0	0.0
1299	8	87	416.0	0.0
1300	24	71	1248.0	0.0
1301	16	79	832.0	0.0
1302	13	74	676.0	0.0
1303	7	77	364.0	0.0
1304	7	77	364.0	0.0
1305	17	68	884.0	0.0
1306	16	79	832.0	0.0
1307	7	78	364.0	0.0
1308	7	88	364.0	0.0
1309	21	74	1092.0	0.0
1310	7	87	364.0	0.0
1311	14	81	728.0	0.0
1312	7	78	364.0	0.0
1313	7	89	364.0	0.0
1314	7	87	364.0	0.0
1315	18	78	936.0	0.0
1316	7	88	364.0	0.0
1317	7	88	364.0	0.0
1318	11	74	572.0	0.0
1319	14	72	728.0	0.0
1320	15	71	780.0	0.0
1321	7	78	364.0	0.0
1322	7	78	364.0	0.0
1323	7	78	364.0	0.0
1324	7	77	364.0	0.0
1325	7	86	364.0	0.0
1326	8	76	416.0	0.0
1327	8	87	416.0	0.0
1328	16	78	832.0	0.0
1329	16	70	832.0	0.0
1330	7	76	364.0	0.0
1331	16	79	832.0	0.0
1332	16	70	832.0	0.0
1333	7	67	364.0	0.0
1334	15	71	780.0	0.0
1335	8	76	416.0	0.0
1336	8	77	416.0	0.0
1337	12	74	624.0	0.0
1338	7	78	364.0	0.0
1339	14	83	728.0	0.0
1340	7	88	364.0	0.0
1341	15	70	780.0	0.0
1342	7	78	364.0	0.0
1343	13	73	676.0	0.0
1344	8	88	416.0	0.0
1345	16	80	832.0	0.0
1346	7	76	364.0	0.0
1347	8	77	416.0	0.0
1348	16	70	832.0	0.0
1349	22	52	1144.0	0.0
1350	7	78	364.0	0.0
1351	15	81	780.0	0.0
1352	15	80	780.0	0.0
1353	15	80	780.0	0.0
1354	7	77	364.0	0.0
1355	7	77	364.0	0.0
1356	8	87	416.0	0.0
1357	16	79	832.0	0.0
1358	7	56	364.0	0.0
1359	7	67	364.0	0.0
1360	7	67	364.0	0.0
1361	7	77	364.0	0.0
1362	7	87	364.0	0.0
1363	7	87	364.0	0.0
1364	8	78	416.0	0.0
1365	8	78	416.0	0.0
1366	8	88	416.0	0.0
1367	21	74	1092.0	0.0
1368	8	88	416.0	0.0
1369	16	80	832.0	0.0
1370	7	66	364.0	0.0
1371	7	76	364.0	0.0
1372	14	71	728.0	0.0
1373	7	67	364.0	0.0
1374	7	89	364.0	0.0
1375	16	81	832.0	0.0
1376	7	78	364.0	0.0
1377	7	78	364.0	0.0
1378	15	80	780.0	0.0
1379	16	69	832.0	0.0
1380	7	79	364.0	0.0
1381	7	78	364.0	0.0
1382	8	77	416.0	0.0
1383	7	77	364.0	0.0
1384	7	78	364.0	0.0
1385	7	78	364.0	0.0
1386	7	78	364.0	0.0
1387	7	79	364.0	0.0
1388	7	77	364.0	0.0
1389	15	80	780.0	0.0
1390	7	77	364.0	0.0
1391	7	78	364.0	0.0
1392	15	70	780.0	0.0
1393	15	80	780.0	0.0
1394	7	78	364.0	0.0
1395	7	78	364.0	0.0
1396	7	88	364.0	0.0
1397	16	80	832.0	0.0
1398	7	78	364.0	0.0
1399	7	77	364.0	0.0
1400	16	69	832.0	0.0
1401	12	72	624.0	0.0
1402	14	81	728.0	0.0
1403	7	86	364.0	0.0
1404	8	77	416.0	0.0
1405	15	71	780.0	0.0
1406	7	77	364.0	0.0
1407	15	81	780.0	0.0
1408	16	68	832.0	0.0
1409	7	66	364.0	0.0
1410	8	76	416.0	0.0
1411	8	77	416.0	0.0
1412	15	81	780.0	0.0
1413	7	67	364.0	0.0
1414	7	66	364.0	0.0
1415	8	86	416.0	0.0
1416	16	79	832.0	0.0
1417	14	60	728.0	0.0
1418	16	68	832.0	0.0
1419	7	77	364.0	0.0
1420	7	87	364.0	0.0
1421	16	80	832.0	0.0
1422	15	60	780.0	0.0
1423	7	87	364.0	0.0
1424	8	87	416.0	0.0
1425	15	81	780.0	0.0
1426	14	82	728.0	0.0
1427	8	86	416.0	0.0
1428	12	83	624.0	0.0
1429	7	88	364.0	0.0
1430	16	82	832.0	0.0
1431	15	69	780.0	0.0
1432	16	79	832.0	0.0
1433	7	78	364.0	0.0
1434	7	77	364.0	0.0
1435	7	77	364.0	0.0
1436	7	77	364.0	0.0
1437	7	77	364.0	0.0
1438	15	70	780.0	0.0
1439	7	87	364.0	0.0
1440	7	87	364.0	0.0
1441	7	88	364.0	0.0
1442	16	80	832.0	0.0
1443	7	76	364.0	0.0
1444	7	78	364.0	0.0
1445	14	71	728.0	0.0
1446	7	77	364.0	0.0
1447	7	77	364.0	0.0
1448	7	88	364.0	0.0
1449	8	77	416.0	0.0
1450	16	70	832.0	0.0
1451	7	67	364.0	0.0
1452	14	61	728.0	0.0
1453	7	77	364.0	0.0
1454	7	78	364.0	0.0
1455	15	70	780.0	0.0
1456	7	77	364.0	0.0
1457	11	84	572.0	0.0
1458	7	88	364.0	0.0
1459	15	80	780.0	0.0
1460	7	77	364.0	0.0
1461	7	77	364.0	0.0
1462	8	76	416.0	0.0
1463	8	77	416.0	0.0
1464	7	78	364.0	0.0
1465	7	89	364.0	0.0
1466	17	78	884.0	0.0
1467	7	89	364.0	0.0
1468	7	89	364.0	0.0
1469	7	88	364.0	0.0
1470	7	88	364.0	0.0
1471	8	87	416.0	0.0
1472	8	88	416.0	0.0
1473	7	89	364.0	0.0
1474	17	80	884.0	0.0
1475	7	77	364.0	0.0
1476	7	77	364.0	0.0
1477	7	79	364.0	0.0
1478	16	81	832.0	0.0
1479	7	67	364.0	0.0
1480	7	77	364.0	0.0
1481	7	77	364.0	0.0
1482	16	69	832.0	0.0
1483	7	67	364.0	0.0
1484	8	86	416.0	0.0
1485	16	81	832.0	0.0
1486	7	77	364.0	0.0
1487	7	88	364.0	0.0
1488	16	80	832.0	0.0
1489	7	77	364.0	0.0
1490	7	77	364.0	0.0
1491	7	78	364.0	0.0
1492	7	88	364.0	0.0
1493	16	81	832.0	0.0
1494	7	77	364.0	0.0
1495	7	67	364.0	0.0
1496	7	68	364.0	0.0
1497	7	68	364.0	0.0
1498	7	89	364.0	0.0
1499	11	85	572.0	0.0
1500	7	78	364.0	0.0
1501	7	77	364.0	0.0
1502	7	87	364.0	0.0
1503	15	80	780.0	0.0
1504	8	77	416.0	0.0
1505	15	82	780.0	0.0
1506	7	67	364.0	0.0
1507	16	69	832.0	0.0
1508	7	68	364.0	0.0
1509	15	71	780.0	0.0
1510	15	70	780.0	0.0
1511	7	89	364.0	0.0
1512	16	80	832.0	0.0
1513	16	69	832.0	0.0
1514	16	68	832.0	0.0
1515	7	78	364.0	0.0
1516	8	87	416.0	0.0
1517	15	81	780.0	0.0
1518	23	61	1196.0	0.0
1519	16	79	832.0	0.0
1520	7	77	364.0	0.0
1521	15	81	780.0	0.0
1522	7	79	364.0	0.0
1523	14	72	728.0	0.0
1524	7	88	364.0	0.0
1525	8	88	416.0	0.0
1526	14	81	728.0	0.0
1527	7	87	364.0	0.0
1528	7	87	364.0	0.0
1529	7	77	364.0	0.0
1530	7	78	364.0	0.0
1531	17	79	884.0	0.0
1532	7	79	364.0	0.0
1533	8	77	416.0	0.0
1534	16	70	832.0	0.0
1535	7	68	364.0	0.0
1536	7	89	364.0	0.0
1537	7	89	364.0	0.0
1538	15	70	780.0	0.0
1539	12	72	624.0	0.0
1540	15	71	780.0	0.0
1541	7	78	364.0	0.0
1542	7	76	364.0	0.0
1543	7	87	364.0	0.0
1544	7	87	364.0	0.0
1545	16	79	832.0	0.0
1546	7	77	364.0	0.0
1547	7	78	364.0	0.0
1548	16	70	832.0	0.0
1549	7	77	364.0	0.0
1550	7	87	364.0	0.0
1551	7	78	364.0	0.0
1552	7	78	364.0	0.0
1553	16	80	832.0	0.0
1554	16	70	832.0	0.0
1555	8	67	416.0	0.0
1556	8	87	416.0	0.0
1557	8	88	416.0	0.0
1558	16	80	832.0	0.0
1559	8	79	416.0	0.0
1560	7	78	364.0	0.0
1561	7	78	364.0	0.0
1562	7	88	364.0	0.0
1563	7	87	364.0	0.0
1564	15	81	780.0	0.0
1565	7	87	364.0	0.0
1566	8	87	416.0	0.0
1567	16	71	832.0	0.0
1568	8	77	416.0	0.0
1569	15	69	780.0	0.0
1570	14	71	728.0	0.0
1571	7	67	364.0	0.0
1572	15	69	780.0	0.0
1573	7	77	364.0	0.0
1574	7	68	364.0	0.0
1575	7	67	364.0	0.0
1576	12	73	624.0	0.0
1577	7	68	364.0	0.0
1578	15	71	780.0	0.0
1579	7	87	364.0	0.0
1580	8	76	416.0	0.0
1581	8	77	416.0	0.0
1582	7	78	364.0	0.0
1583	8	78	416.0	0.0
1584	15	80	780.0	0.0
1585	13	82	676.0	0.0
1586	7	88	364.0	0.0
1587	16	79	832.0	0.0
1588	7	77	364.0	0.0
1589	7	78	364.0	0.0
1590	7	79	364.0	0.0
1591	7	78	364.0	0.0
1592	7	77	364.0	0.0
1593	7	77	364.0	0.0
1594	7	77	364.0	0.0
1595	12	73	624.0	0.0
1596	7	89	364.0	0.0
1597	16	79	832.0	0.0
1598	23	53	1196.0	0.0
1599	7	68	364.0	0.0
1600	16	70	832.0	0.0
1601	7	58	364.0	0.0
1602	7	68	364.0	0.0
1603	17	78	884.0	0.0
1604	7	77	364.0	0.0
1605	12	73	624.0	0.0
1606	15	80	780.0	0.0
1607	15	79	780.0	0.0
1608	7	78	364.0	0.0
1609	16	70	832.0	0.0
1610	7	68	364.0	0.0
1611	15	70	780.0	0.0
1612	7	79	364.0	0.0
1613	8	88	416.0	0.0
1614	16	79	832.0	0.0
1615	16	70	832.0	0.0
1616	7	56	364.0	0.0
1617	15	72	780.0	0.0
1618	15	71	780.0	0.0
1619	7	88	364.0	0.0
1620	16	69	832.0	0.0
1621	7	67	364.0	0.0
1622	7	88	364.0	0.0
1623	13	84	676.0	0.0
1624	7	88	364.0	0.0
1625	7	88	364.0	0.0
1626	11	84	572.0	0.0
1627	7	88	364.0	0.0
1628	7	89	364.0	0.0
1629	7	88	364.0	0.0
1630	15	80	780.0	0.0
1631	7	87	364.0	0.0
1632	7	76	364.0	0.0
1633	7	76	364.0	0.0
1634	7	87	364.0	0.0
1635	16	80	832.0	0.0
1636	7	77	364.0	0.0
1637	7	88	364.0	0.0
1638	8	87	416.0	0.0
1639	7	88	364.0	0.0
1640	7	77	364.0	0.0
1641	16	70	832.0	0.0
1642	15	60	780.0	0.0
1643	16	79	832.0	0.0
1644	15	71	780.0	0.0
1645	7	89	364.0	0.0
1646	7	78	364.0	0.0
1647	7	77	364.0	0.0
1648	7	87	364.0	0.0
1649	14	81	728.0	0.0
1650	7	86	364.0	0.0
1651	14	81	728.0	0.0
1652	16	80	832.0	0.0
1653	12	73	624.0	0.0
1654	7	78	364.0	0.0
1655	7	78	364.0	0.0
1656	7	78	364.0	0.0
1657	16	69	832.0	0.0
1658	7	78	364.0	0.0
1659	10	77	520.0	0.0
1660	15	81	780.0	0.0
1661	14	82	728.0	0.0
1662	7	77	364.0	0.0
1663	15	71	780.0	0.0
1664	7	88	364.0	0.0
1665	7	89	364.0	0.0
1666	16	80	832.0	0.0
1667	7	67	364.0	0.0
1668	7	66	364.0	0.0
1669	7	77	364.0	0.0
1670	7	77	364.0	0.0
1671	15	71	780.0	0.0
1672	8	86	416.0	0.0
1673	8	86	416.0	0.0
1674	16	79	832.0	0.0
1675	8	68	416.0	0.0
1676	16	69	832.0	0.0
1677	7	77	364.0	0.0
1678	8	88	416.0	0.0
1679	17	80	884.0	0.0
1680	7	87	364.0	0.0
1681	7	87	364.0	0.0
1682	15	81	780.0	0.0
1683	7	77	364.0	0.0
1684	7	67	364.0	0.0
1685	7	68	364.0	0.0
1686	7	77	364.0	0.0
1687	16	79	832.0	0.0
1688	16	69	832.0	0.0
1689	15	71	780.0	0.0
1690	8	88	416.0	0.0
1691	16	80	832.0	0.0
1692	7	77	364.0	0.0
1693	7	77	364.0	0.0
1694	7	77	364.0	0.0
1695	7	78	364.0	0.0
1696	7	78	364.0	0.0
1697	8	78	416.0	0.0
1698	12	74	624.0	0.0
1699	7	88	364.0	0.0
1700	8	87	416.0	0.0
1701	8	88	416.0	0.0
1702	7	78	364.0	0.0
1703	7	78	364.0	0.0
1704	15	72	780.0	0.0
1705	8	76	416.0	0.0
1706	14	71	728.0	0.0
1707	8	87	416.0	0.0
1708	8	87	416.0	0.0
1709	15	81	780.0	0.0
1710	7	88	364.0	0.0
1711	7	78	364.0	0.0
1712	15	70	780.0	0.0
1713	7	88	364.0	0.0
1714	7	87	364.0	0.0
1715	16	79	832.0	0.0
1716	14	60	728.0	0.0
1717	15	81	780.0	0.0
1718	16	79	832.0	0.0
1719	7	66	364.0	0.0
1720	7	77	364.0	0.0
1721	7	78	364.0	0.0
1722	7	78	364.0	0.0
1723	7	78	364.0	0.0
1724	7	76	364.0	0.0
1725	8	86	416.0	0.0
1726	8	88	416.0	0.0
1727	8	88	416.0	0.0
1728	7	76	364.0	0.0
1729	8	76	416.0	0.0
1730	8	78	416.0	0.0
1731	7	78	364.0	0.0
1732	7	78	364.0	0.0
1733	16	69	832.0	0.0
1734	8	67	416.0	0.0
1735	16	69	832.0	0.0
1736	15	60	780.0	0.0
1737	7	87	364.0	0.0
1738	7	87	364.0	0.0
1739	8	87	416.0	0.0
1740	15	71	780.0	0.0
1741	13	82	676.0	0.0
1742	7	78	364.0	0.0
1743	7	77	364.0	0.0
1744	8	77	416.0	0.0
1745	15	71	780.0	0.0
1746	7	79	364.0	0.0
1747	7	89	364.0	0.0
1748	7	88	364.0	0.0
1749	7	89	364.0	0.0
1750	16	81	832.0	0.0
1751	8	77	416.0	0.0
1752	15	70	780.0	0.0
1753	8	76	416.0	0.0
1754	16	80	832.0	0.0
1755	15	60	780.0	0.0
1756	8	78	416.0	0.0
1757	15	71	780.0	0.0
1758	7	76	364.0	0.0
1759	7	77	364.0	0.0
1760	15	70	780.0	0.0
1761	7	77	364.0	0.0
1762	7	78	364.0	0.0
1763	7	78	364.0	0.0
1764	7	87	364.0	0.0
1765	16	80	832.0	0.0
1766	7	76	364.0	0.0
1767	7	77	364.0	0.0
1768	8	77	416.0	0.0
1769	16	70	832.0	0.0
1770	7	67	364.0	0.0
1771	7	77	364.0	0.0
1772	7	77	364.0	0.0
1773	8	87	416.0	0.0
1774	14	81	728.0	0.0
1775	7	76	364.0	0.0
1776	7	77	364.0	0.0
1777	7	88	364.0	0.0
1778	15	81	780.0	0.0
1779	16	80	832.0	0.0
1780	8	78	416.0	0.0
1781	7	88	364.0	0.0
1782	7	88	364.0	0.0
1783	7	78	364.0	0.0
1784	7	76	364.0	0.0
1785	14	71	728.0	0.0
1786	14	82	728.0	0.0
1787	7	78	364.0	0.0
1788	7	77	364.0	0.0
1789	7	88	364.0	0.0
1790	15	82	780.0	0.0
1791	16	80	832.0	0.0
1792	7	78	364.0	0.0
1793	7	89	364.0	0.0
1794	7	88	364.0	0.0
1795	16	79	832.0	0.0
1796	7	67	364.0	0.0
1797	23	52	1196.0	0.0
1798	15	82	780.0	0.0
1799	7	78	364.0	0.0
1800	7	77	364.0	0.0
1801	7	88	364.0	0.0
1802	21	73	1092.0	0.0
1803	8	87	416.0	0.0
1804	7	88	364.0	0.0
1805	7	89	364.0	0.0
1806	15	81	780.0	0.0
1807	7	77	364.0	0.0
1808	15	70	780.0	0.0
1809	7	88	364.0	0.0
1810	7	79	364.0	0.0
1811	7	79	364.0	0.0
1812	8	89	416.0	0.0
1813	15	82	780.0	0.0
1814	20	76	1040.0	0.0
1815	7	88	364.0	0.0
1816	16	79	832.0	0.0
1817	16	69	832.0	0.0
1818	7	77	364.0	0.0
1819	7	88	364.0	0.0
1820	16	70	832.0	0.0
1821	7	67	364.0	0.0
1822	7	78	364.0	0.0
1823	16	81	832.0	0.0
1824	8	78	416.0	0.0
1825	8	79	416.0	0.0
1826	15	72	780.0	0.0
1827	8	87	416.0	0.0
1828	16	81	832.0	0.0
1829	7	79	364.0	0.0
1830	8	79	416.0	0.0
1831	8	78	416.0	0.0
1832	7	89	364.0	0.0
1833	16	80	832.0	0.0
1834	7	76	364.0	0.0
1835	14	82	728.0	0.0
1836	16	80	832.0	0.0
1837	7	78	364.0	0.0
1838	7	80	364.0	0.0
1839	7	79	364.0	0.0
1840	7	79	364.0	0.0
1841	7	78	364.0	0.0
1842	7	77	364.0	0.0
1843	7	78	364.0	0.0
1844	11	85	572.0	0.0
1845	20	76	1040.0	0.0
1846	7	88	364.0	0.0
1847	7	88	364.0	0.0
1848	15	71	780.0	0.0
1849	7	78	364.0	0.0
1850	7	78	364.0	0.0
1851	14	72	728.0	0.0
1852	7	88	364.0	0.0
1853	7	88	364.0	0.0
1854	8	89	416.0	0.0
1855	8	88	416.0	0.0
1856	16	80	832.0	0.0
1857	7	78	364.0	0.0
1858	7	78	364.0	0.0
1859	15	72	780.0	0.0
1860	16	70	832.0	0.0
1861	7	67	364.0	0.0
1862	7	67	364.0	0.0
1863	7	66	364.0	0.0
1864	7	76	364.0	0.0
1865	7	87	364.0	0.0
1866	23	72	1196.0	0.0
1867	7	77	364.0	0.0
1868	16	81	832.0	0.0
1869	16	69	832.0	0.0
1870	7	57	364.0	0.0
1871	7	68	364.0	0.0
1872	7	87	364.0	0.0
1873	16	79	832.0	0.0
1874	14	61	728.0	0.0
1875	7	87	364.0	0.0
1876	7	87	364.0	0.0
1877	8	87	416.0	0.0
1878	8	76	416.0	0.0
1879	16	68	832.0	0.0
1880	13	71	676.0	0.0
1881	15	71	780.0	0.0
1882	16	68	832.0	0.0
1883	8	66	416.0	0.0
1884	8	77	416.0	0.0
1885	16	80	832.0	0.0
1886	7	78	364.0	0.0
1887	7	88	364.0	0.0
1888	7	88	364.0	0.0
1889	7	88	364.0	0.0
1890	7	88	364.0	0.0
1891	7	78	364.0	0.0
1892	14	81	728.0	0.0
1893	12	83	624.0	0.0
1894	8	88	416.0	0.0
1895	16	79	832.0	0.0
1896	7	78	364.0	0.0
1897	14	71	728.0	0.0
1898	7	77	364.0	0.0
1899	7	77	364.0	0.0
1900	14	71	728.0	0.0
1901	7	88	364.0	0.0
1902	7	87	364.0	0.0
1903	14	81	728.0	0.0
1904	16	80	832.0	0.0
1905	16	70	832.0	0.0
1906	7	67	364.0	0.0
1907	7	78	364.0	0.0
1908	16	80	832.0	0.0
1909	21	64	1092.0	0.0
1910	15	70	780.0	0.0
1911	7	86	364.0	0.0
1912	7	87	364.0	0.0
1913	7	88	364.0	0.0
1914	8	77	416.0	0.0
1915	16	71	832.0	0.0
1916	7	67	364.0	0.0
1917	7	77	364.0	0.0
1918	8	77	416.0	0.0
1919	8	76	416.0	0.0
1920	8	76	416.0	0.0
1921	15	70	780.0	0.0
1922	7	77	364.0	0.0
1923	16	59	832.0	0.0
1924	7	68	364.0	0.0
1925	15	71	780.0	0.0
1926	16	79	832.0	0.0
1927	7	66	364.0	0.0
1928	8	78	416.0	0.0
1929	16	80	832.0	0.0
1930	7	77	364.0	0.0
1931	16	70	832.0	0.0
1932	15	59	780.0	0.0
1933	7	78	364.0	0.0
1934	7	88	364.0	0.0
1935	16	79	832.0	0.0
1936	7	66	364.0	0.0
1937	7	76	364.0	0.0
1938	7	88	364.0	0.0
1939	10	86	520.0	0.0
1940	11	75	572.0	0.0
1941	16	80	832.0	0.0
1942	7	77	364.0	0.0
1943	7	78	364.0	0.0
1944	7	78	364.0	0.0
1945	7	88	364.0	0.0
1946	7	89	364.0	0.0
1947	7	89	364.0	0.0
1948	7	87	364.0	0.0
1949	15	80	780.0	0.0
1950	16	78	832.0	0.0
1951	7	66	364.0	0.0
1952	7	88	364.0	0.0
1953	16	80	832.0	0.0
1954	7	77	364.0	0.0
1955	15	71	780.0	0.0
1956	7	88	364.0	0.0
1957	7	77	364.0	0.0
1958	7	77	364.0	0.0
1959	7	77	364.0	0.0
1960	7	77	364.0	0.0
1961	14	71	728.0	0.0
1962	7	67	364.0	0.0
1963	15	69	780.0	0.0
1964	16	68	832.0	0.0
1965	7	67	364.0	0.0
1966	15	81	780.0	0.0
1967	7	87	364.0	0.0
1968	11	84	572.0	0.0
1969	7	57	364.0	0.0
1970	7	57	364.0	0.0
1971	7	68	364.0	0.0
1972	7	67	364.0	0.0
1973	7	78	364.0	0.0
1974	7	78	364.0	0.0
1975	7	77	364.0	0.0
1976	9	76	468.0	0.0
1977	16	69	832.0	0.0
1978	7	76	364.0	0.0
1979	7	77	364.0	0.0
1980	7	79	364.0	0.0
1981	8	78	416.0	0.0
1982	15	71	780.0	0.0
1983	7	76	364.0	0.0
1984	7	77	364.0	0.0
1985	7	78	364.0	0.0
1986	12	84	624.0	0.0
1987	7	78	364.0	0.0
1988	20	65	1040.0	0.0
1989	7	67	364.0	0.0
1990	7	67	364.0	0.0
1991	7	78	364.0	0.0
1992	7	78	364.0	0.0
1993	23	73	1196.0	0.0
1994	15	81	780.0	0.0
1995	16	80	832.0	0.0
1996	7	57	364.0	0.0
1997	24	50	1248.0	0.0
1998	10	75	520.0	0.0
1999	7	78	364.0	0.0
2000	15	71	780.0	0.0
2001	8	77	416.0	0.0
2002	8	88	416.0	0.0
2003	15	69	780.0	0.0
2004	16	79	832.0	0.0
2005	15	60	780.0	0.0
2006	8	77	416.0	0.0
2007	12	73	624.0	0.0
2008	7	78	364.0	0.0
2009	7	78	364.0	0.0
2010	7	88	364.0	0.0
2011	15	81	780.0	0.0
2012	7	87	364.0	0.0
2013	16	79	832.0	0.0
2014	7	56	364.0	0.0
2015	7	57	364.0	0.0
2016	7	66	364.0	0.0
2017	7	87	364.0	0.0
2018	7	87	364.0	0.0
2019	7	88	364.0	0.0
2020	8	87	416.0	0.0
2021	8	87	416.0	0.0
2022	15	70	780.0	0.0
2023	7	78	364.0	0.0
2024	7	78	364.0	0.0
2025	7	88	364.0	0.0
2026	16	80	832.0	0.0
2027	15	70	780.0	0.0
2028	7	87	364.0	0.0
2029	7	77	364.0	0.0
2030	13	72	676.0	0.0
2031	9	87	468.0	0.0
2032	15	80	780.0	0.0
2033	7	87	364.0	0.0
2034	7	89	364.0	0.0
2035	15	81	780.0	0.0
2036	8	88	416.0	0.0
2037	22	74	1144.0	0.0
2038	7	87	364.0	0.0
2039	7	88	364.0	0.0
2040	7	88	364.0	0.0
2041	15	79	780.0	0.0
2042	7	77	364.0	0.0
2043	7	77	364.0	0.0
2044	15	71	780.0	0.0
2045	8	87	416.0	0.0
2046	7	87	364.0	0.0
2047	7	88	364.0	0.0
2048	7	89	364.0	0.0
2049	15	81	780.0	0.0
2050	7	86	364.0	0.0
2051	16	78	832.0	0.0
2052	7	79	364.0	0.0
2053	7	77	364.0	0.0
2054	7	77	364.0	0.0
2055	7	87	364.0	0.0
2056	16	80	832.0	0.0
2057	7	68	364.0	0.0
2058	7	77	364.0	0.0
2059	16	79	832.0	0.0
2060	12	64	624.0	0.0
2061	7	57	364.0	0.0
2062	16	58	832.0	0.0
2063	7	66	364.0	0.0
2064	7	77	364.0	0.0
2065	7	87	364.0	0.0
2066	8	87	416.0	0.0
2067	21	74	1092.0	0.0
2068	8	88	416.0	0.0
2069	16	80	832.0	0.0
2070	7	77	364.0	0.0
2071	7	77	364.0	0.0
2072	8	88	416.0	0.0
2073	16	80	832.0	0.0
2074	7	77	364.0	0.0
2075	7	77	364.0	0.0
2076	7	78	364.0	0.0
2077	7	89	364.0	0.0
2078	8	89	416.0	0.0
2079	8	78	416.0	0.0
2080	8	77	416.0	0.0
2081	11	85	572.0	0.0
2082	7	78	364.0	0.0
2083	8	78	416.0	0.0
2084	16	59	832.0	0.0
2085	7	68	364.0	0.0
2086	12	74	624.0	0.0
2087	8	77	416.0	0.0
2088	16	71	832.0	0.0
2089	8	77	416.0	0.0
2090	15	81	780.0	0.0
2091	7	67	364.0	0.0
2092	15	60	780.0	0.0
2093	7	66	364.0	0.0
2094	7	67	364.0	0.0
2095	8	77	416.0	0.0
2096	15	82	780.0	0.0
2097	13	84	676.0	0.0
2098	16	80	832.0	0.0
2099	7	78	364.0	0.0
2100	8	88	416.0	0.0
2101	16	80	832.0	0.0
2102	7	78	364.0	0.0
2103	15	70	780.0	0.0
2104	7	77	364.0	0.0
2105	11	74	572.0	0.0
2106	16	80	832.0	0.0
2107	15	70	780.0	0.0
2108	7	67	364.0	0.0
2109	7	79	364.0	0.0
2110	8	78	416.0	0.0
2111	8	88	416.0	0.0
2112	15	83	780.0	0.0
2113	7	88	364.0	0.0
2114	7	87	364.0	0.0
2115	21	74	1092.0	0.0
2116	14	82	728.0	0.0
2117	11	84	572.0	0.0
2118	7	77	364.0	0.0
2119	12	73	624.0	0.0
2120	7	89	364.0	0.0
2121	7	77	364.0	0.0
2122	7	77	364.0	0.0
2123	15	60	780.0	0.0
2124	7	87	364.0	0.0
2125	7	87	364.0	0.0
2126	15	82	780.0	0.0
2127	16	80	832.0	0.0
2128	15	70	780.0	0.0
2129	7	78	364.0	0.0
2130	7	78	364.0	0.0
2131	17	69	884.0	0.0
2132	7	67	364.0	0.0
2133	7	67	364.0	0.0
2134	7	77	364.0	0.0
2135	8	77	416.0	0.0
2136	7	78	364.0	0.0
2137	10	76	520.0	0.0
2138	7	89	364.0	0.0
2139	8	89	416.0	0.0
2140	15	71	780.0	0.0
2141	7	77	364.0	0.0
2142	7	77	364.0	0.0
2143	11	74	572.0	0.0
2144	7	88	364.0	0.0
2145	15	81	780.0	0.0
2146	15	70	780.0	0.0
2147	7	77	364.0	0.0
2148	7	78	364.0	0.0
2149	15	80	780.0	0.0
2150	7	67	364.0	0.0
2151	7	58	364.0	0.0
2152	8	67	416.0	0.0
2153	15	70	780.0	0.0
2154	7	77	364.0	0.0
2155	16	69	832.0	0.0
2156	8	77	416.0	0.0
2157	8	78	416.0	0.0
2158	14	83	728.0	0.0
2159	15	81	780.0	0.0
2160	7	77	364.0	0.0
2161	7	78	364.0	0.0
2162	7	78	364.0	0.0
2163	8	77	416.0	0.0
2164	8	77	416.0	0.0
2165	8	77	416.0	0.0
2166	14	83	728.0	0.0
2167	7	77	364.0	0.0
2168	7	77	364.0	0.0
2169	23	72	1196.0	0.0
2170	16	80	832.0	0.0
2171	14	72	728.0	0.0
2172	7	66	364.0	0.0
2173	7	66	364.0	0.0
2174	16	69	832.0	0.0
2175	7	67	364.0	0.0
2176	7	78	364.0	0.0
2177	7	79	364.0	0.0
2178	16	69	832.0	0.0
2179	7	68	364.0	0.0
2180	7	78	364.0	0.0
2181	7	78	364.0	0.0
2182	7	77	364.0	0.0
2183	21	64	1092.0	0.0
2184	15	70	780.0	0.0
2185	7	77	364.0	0.0
2186	7	78	364.0	0.0
2187	7	88	364.0	0.0
2188	8	87	416.0	0.0
2189	16	80	832.0	0.0
2190	12	74	624.0	0.0
2191	16	80	832.0	0.0
2192	7	77	364.0	0.0
2193	7	77	364.0	0.0
2194	15	81	780.0	0.0
2195	7	78	364.0	0.0
2196	7	78	364.0	0.0
2197	8	78	416.0	0.0
2198	8	77	416.0	0.0
2199	7	88	364.0	0.0
2200	14	81	728.0	0.0
2201	14	80	728.0	0.0
2202	13	71	676.0	0.0
2203	7	88	364.0	0.0
2204	16	70	832.0	0.0
2205	7	77	364.0	0.0
2206	7	77	364.0	0.0
2207	7	86	364.0	0.0
2208	7	87	364.0	0.0
2209	7	87	364.0	0.0
2210	15	81	780.0	0.0
2211	16	81	832.0	0.0
2212	16	68	832.0	0.0
2213	15	70	780.0	0.0
2214	7	87	364.0	0.0
2215	16	80	832.0	0.0
2216	10	64	520.0	0.0
2217	7	88	364.0	0.0
2218	14	81	728.0	0.0
2219	8	87	416.0	0.0
2220	23	73	1196.0	0.0
2221	7	88	364.0	0.0
2222	16	80	832.0	0.0
2223	7	77	364.0	0.0
2224	8	68	416.0	0.0
2225	8	88	416.0	0.0
2226	15	82	780.0	0.0
2227	16	79	832.0	0.0
2228	12	74	624.0	0.0
2229	7	89	364.0	0.0
2230	8	78	416.0	0.0
2231	8	76	416.0	0.0
2232	8	76	416.0	0.0
2233	16	69	832.0	0.0
2234	16	68	832.0	0.0
2235	15	71	780.0	0.0
2236	7	77	364.0	0.0
2237	7	77	364.0	0.0
2238	7	89	364.0	0.0
2239	7	89	364.0	0.0
2240	7	77	364.0	0.0
2241	7	77	364.0	0.0
2242	7	79	364.0	0.0
2243	7	79	364.0	0.0
2244	22	53	1144.0	0.0
2245	8	89	416.0	0.0
2246	16	80	832.0	0.0
2247	16	70	832.0	0.0
2248	7	67	364.0	0.0
2249	7	77	364.0	0.0
2250	12	84	624.0	0.0
2251	8	88	416.0	0.0
2252	15	71	780.0	0.0
2253	7	88	364.0	0.0
2254	16	79	832.0	0.0
2255	16	68	832.0	0.0
2256	8	66	416.0	0.0
2257	15	71	780.0	0.0
2258	8	76	416.0	0.0
2259	15	71	780.0	0.0
2260	15	81	780.0	0.0
2261	7	89	364.0	0.0
2262	7	89	364.0	0.0
2263	7	89	364.0	0.0
2264	16	79	832.0	0.0
2265	8	78	416.0	0.0
2266	15	82	780.0	0.0
2267	15	71	780.0	0.0
2268	14	70	728.0	0.0
2269	7	78	364.0	0.0
2270	7	67	364.0	0.0
2271	16	59	832.0	0.0
2272	7	78	364.0	0.0
2273	8	77	416.0	0.0
2274	16	69	832.0	0.0
2275	7	67	364.0	0.0
2276	7	68	364.0	0.0
2277	8	78	416.0	0.0
2278	13	83	676.0	0.0
2279	7	77	364.0	0.0
2280	8	66	416.0	0.0
2281	9	87	468.0	0.0
2282	8	86	416.0	0.0
2283	16	79	832.0	0.0
2284	7	78	364.0	0.0
2285	7	77	364.0	0.0
2286	16	69	832.0	0.0
2287	7	67	364.0	0.0
2288	16	79	832.0	0.0
2289	8	77	416.0	0.0
2290	7	78	364.0	0.0
2291	7	88	364.0	0.0
2292	21	76	1092.0	0.0
2293	7	67	364.0	0.0
2294	7	78	364.0	0.0
2295	7	88	364.0	0.0
2296	7	88	364.0	0.0
2297	8	77	416.0	0.0
2298	13	73	676.0	0.0
2299	8	88	416.0	0.0
2300	7	87	364.0	0.0
2301	7	88	364.0	0.0
2302	16	80	832.0	0.0
2303	7	78	364.0	0.0
2304	7	89	364.0	0.0
2305	7	78	364.0	0.0
2306	16	80	832.0	0.0
2307	7	67	364.0	0.0
2308	7	57	364.0	0.0
2309	7	67	364.0	0.0
2310	7	76	364.0	0.0
2311	7	66	364.0	0.0
2312	14	60	728.0	0.0
2313	7	77	364.0	0.0
2314	7	76	364.0	0.0
