Episode_Group	numSteps	Reward	Energy
1	9.0	79.0	494.0
2	8.0	81.0	421.0
3	9.0	77.0	494.0
4	9.0	78.0	494.0
5	10.0	78.0	551.0
6	9.0	80.0	509.0
7	11.0	81.0	603.0
8	11.0	76.0	603.0
9	10.0	82.0	540.0
10	10.0	75.0	566.0
11	10.0	81.0	551.0
12	10.0	72.0	556.0
13	9.0	75.0	494.0
14	7.0	71.0	400.0
15	10.0	74.0	530.0
16	9.0	75.0	504.0
17	13.0	75.0	707.0
18	10.0	83.0	546.0
19	11.0	77.0	582.0
20	7.0	83.0	405.0
21	10.0	78.0	546.0
22	14.0	72.0	738.0
23	9.0	76.0	488.0
24	13.0	73.0	707.0
25	11.0	78.0	582.0
26	12.0	80.0	624.0
27	9.0	75.0	509.0
28	10.0	81.0	546.0
29	9.0	75.0	514.0
30	8.0	82.0	457.0
31	11.0	77.0	592.0
32	10.0	81.0	520.0
33	9.0	75.0	488.0
34	10.0	75.0	535.0
35	9.0	78.0	468.0
36	9.0	78.0	509.0
37	11.0	82.0	582.0
38	10.0	78.0	530.0
39	11.0	79.0	577.0
40	8.0	74.0	462.0
41	10.0	79.0	535.0
42	10.0	79.0	530.0
43	9.0	75.0	494.0
44	10.0	73.0	551.0
45	9.0	74.0	488.0
46	11.0	80.0	598.0
47	10.0	79.0	551.0
48	9.0	79.0	514.0
49	10.0	75.0	540.0
50	13.0	77.0	681.0
51	10.0	78.0	546.0
52	8.0	82.0	462.0
53	10.0	83.0	546.0
54	9.0	75.0	514.0
55	11.0	77.0	577.0
56	12.0	76.0	670.0
57	9.0	79.0	514.0
58	7.0	78.0	410.0
59	10.0	70.0	530.0
60	9.0	79.0	514.0
61	8.0	75.0	447.0
62	9.0	74.0	509.0
63	8.0	75.0	462.0
64	10.0	76.0	520.0
65	10.0	74.0	566.0
66	8.0	77.0	457.0
67	10.0	84.0	530.0
68	9.0	77.0	509.0
69	10.0	76.0	546.0
70	10.0	72.0	546.0
71	9.0	76.0	488.0
72	11.0	77.0	572.0
73	10.0	78.0	535.0
74	11.0	76.0	598.0
75	11.0	75.0	577.0
76	10.0	78.0	551.0
77	10.0	79.0	556.0
78	10.0	70.0	530.0
79	10.0	79.0	546.0
80	11.0	79.0	598.0
81	9.0	79.0	499.0
82	10.0	79.0	540.0
83	9.0	79.0	504.0
84	8.0	73.0	452.0
85	10.0	74.0	556.0
86	10.0	75.0	540.0
87	8.0	77.0	447.0
88	12.0	79.0	629.0
89	11.0	79.0	587.0
90	9.0	79.0	483.0
91	9.0	78.0	468.0
92	9.0	77.0	468.0
93	12.0	76.0	665.0
94	9.0	79.0	494.0
95	8.0	80.0	462.0
96	8.0	80.0	447.0
97	9.0	76.0	473.0
98	11.0	73.0	582.0
99	9.0	81.0	504.0
100	9.0	78.0	499.0
101	12.0	74.0	634.0
102	9.0	80.0	499.0
103	8.0	77.0	457.0
104	9.0	78.0	509.0
105	9.0	76.0	499.0
106	8.0	80.0	421.0
107	11.0	76.0	582.0
108	10.0	71.0	540.0
109	10.0	80.0	535.0
110	11.0	78.0	598.0
111	11.0	71.0	592.0
112	7.0	79.0	410.0
113	9.0	73.0	494.0
114	8.0	76.0	447.0
115	8.0	78.0	457.0
116	9.0	80.0	468.0
117	10.0	73.0	525.0
118	9.0	78.0	504.0
119	9.0	77.0	499.0
120	9.0	78.0	499.0
121	11.0	76.0	598.0
122	12.0	78.0	624.0
123	10.0	81.0	556.0
124	9.0	75.0	514.0
125	9.0	85.0	504.0
126	14.0	77.0	738.0
127	9.0	76.0	514.0
128	10.0	78.0	561.0
129	11.0	78.0	608.0
130	8.0	80.0	462.0
131	11.0	78.0	613.0
132	10.0	80.0	556.0
133	9.0	78.0	468.0
134	11.0	76.0	572.0
135	11.0	74.0	618.0
136	10.0	75.0	540.0
137	9.0	80.0	504.0
138	10.0	76.0	535.0
139	7.0	77.0	410.0
140	10.0	77.0	540.0
141	10.0	75.0	566.0
142	10.0	74.0	546.0
143	11.0	81.0	613.0
144	9.0	77.0	494.0
145	9.0	78.0	499.0
146	9.0	75.0	504.0
147	8.0	82.0	426.0
148	9.0	80.0	473.0
149	9.0	77.0	509.0
150	8.0	77.0	431.0
151	11.0	74.0	582.0
152	13.0	76.0	681.0
153	9.0	81.0	483.0
154	11.0	76.0	577.0
155	8.0	79.0	457.0
156	10.0	78.0	525.0
157	10.0	79.0	540.0
158	9.0	72.0	478.0
159	9.0	79.0	494.0
160	10.0	74.0	566.0
161	11.0	72.0	572.0
162	12.0	74.0	634.0
163	8.0	84.0	457.0
164	8.0	82.0	416.0
165	11.0	77.0	577.0
166	11.0	77.0	577.0
167	9.0	77.0	488.0
168	11.0	79.0	572.0
169	10.0	76.0	546.0
170	8.0	79.0	447.0
171	9.0	80.0	504.0
172	11.0	76.0	577.0
173	7.0	80.0	390.0
174	10.0	75.0	551.0
175	9.0	81.0	488.0
176	11.0	73.0	592.0
177	8.0	76.0	462.0
178	9.0	80.0	499.0
179	9.0	80.0	478.0
180	11.0	77.0	582.0
181	10.0	82.0	525.0
182	11.0	79.0	618.0
183	10.0	78.0	520.0
184	9.0	80.0	499.0
185	9.0	79.0	494.0
186	10.0	80.0	546.0
187	10.0	71.0	540.0
188	10.0	77.0	535.0
189	9.0	79.0	509.0
190	10.0	78.0	551.0
191	12.0	76.0	655.0
192	8.0	78.0	431.0
193	11.0	72.0	592.0
194	10.0	76.0	535.0
195	9.0	82.0	499.0
196	8.0	77.0	452.0
197	10.0	70.0	551.0
198	8.0	74.0	421.0
199	9.0	74.0	504.0
200	13.0	72.0	681.0
201	10.0	76.0	535.0
202	8.0	77.0	457.0
203	10.0	78.0	530.0
204	10.0	84.0	540.0
205	9.0	82.0	494.0
206	10.0	76.0	530.0
207	10.0	75.0	540.0
208	8.0	81.0	431.0
209	10.0	74.0	561.0
210	10.0	74.0	535.0
211	10.0	75.0	566.0
212	10.0	82.0	566.0
213	10.0	77.0	535.0
214	9.0	76.0	483.0
215	9.0	76.0	509.0
216	10.0	73.0	546.0
217	10.0	77.0	546.0
218	9.0	71.0	494.0
219	10.0	77.0	556.0
220	9.0	79.0	499.0
221	10.0	80.0	520.0
222	13.0	77.0	686.0
223	10.0	80.0	540.0
224	9.0	76.0	509.0
225	10.0	75.0	566.0
226	12.0	75.0	639.0
227	10.0	79.0	535.0
228	9.0	72.0	504.0
229	10.0	77.0	525.0
230	9.0	81.0	478.0
231	8.0	76.0	457.0
232	3.0	27.0	182.0
