TS	X	Y
0	373.1244899785203	1666.9263905848836
1	372.90640064590747	1666.4042319653934
2	371.8280331984725	1666.72253696406
3	372.9572246990196	1666.2364223007846
4	2824.746694549064	1666.6848785337872
5	1781.663167682048	1666.2451549027112
6	739.2979321551366	1667.604750424675
7	3754.5107425460596	1666.3317658273356
8	4312.747017308547	1666.990952420714
9	2384.4088865411713	1666.370098125734
10	455.7823702631812	1667.4573252189507
11	1474.0913943677601	1666.8050122396796
12	3883.5171914938323	1666.494301752645
13	1995.4413671723803	1666.6566933501495
14	109.33568067316182	1666.460376188065
15	1776.2671950589893	1666.2254445185542
16	3660.623814250988	1667.5765727752844
17	4449.20666412167	1666.653507670928
18	2335.7149164817924	1666.6027372460323
19	3623.590588591449	1666.6175859197454
20	4909.920064334568	1667.9045177113912
21	3799.997230917383	1667.7469641223847
22	2408.963364470944	1666.5115553765115
23	4034.8268421948014	1666.735617680683
24	1823.1524464156912	1667.7274935217868
25	513.1514403001393	1666.4866249864938
26	1082.9750989187353	1666.8154372395475
27	3407.4784490115935	1666.9498931859428
28	4263.9450017882145	1666.3910004574486
29	1939.4562527326236	1667.3024126775672
30	3466.6898008490407	1667.0110377966753
31	1207.8259690435257	1666.8974525727463
32	4113.74353192298	1666.598678943711
33	562.4078572194892	1666.7732120467551
34	704.0591856197643	1667.0619551090326
35	423.4558862832983	1666.409427065424
36	1626.5292719164095	1667.4303562223645
37	3675.585346849776	1666.7736514204755
38	4267.467379359987	1667.6904750599977
39	2217.2903911437147	1667.8335519034015
40	3340.8165127554657	1666.6262199297198
41	598.8210713036294	1667.1017172514119
42	3933.6045954085776	1666.5149746146005
43	1531.4732814104352	1667.3363521996964
44	3002.8325913484596	1667.4680728842236
45	2460.5916869874086	1667.4841491591833
46	245.46136717683393	1667.3959106587913
47	4675.518910227436	1667.3278989670198
48	400.768364019824	1667.4904758064577
49	4517.040036716669	1667.092546991357
50	1871.2910403301873	1666.355996383904
51	2852.851428784812	1666.3457146550043
52	929.3479959961095	1667.2065373672685
53	4710.320466338068	1667.5781214020894
54	1502.8793386612963	1667.1198626745977
55	2277.2499239290282	1666.5663876095366
56	2555.9794421690694	1666.7119981525254
57	2180.8859452509123	1667.3211613029293
58	1804.9862981573087	1666.6532221968482
59	1430.0346120903819	1667.3192655288333
60	871.1825327909903	1667.7026966336666
61	491.51629612993133	1667.2543667578223
62	113.49028578708841	1667.135532493507
63	263.7463031168361	1667.214495800691
64	3308.069079411514	1666.6961076587224
65	2489.242660012509	1667.479161450556
66	1667.910909279031	1666.7816361526163
67	849.7636434072903	1666.92316222105
68	30.680615351731163	1666.2552445768813
69	789.7081287326947	1667.2345289902069
70	985.1599781456567	1666.4923181324327
71	883.0078364785069	1667.3896708457346
72	780.0770671181812	1666.3430711550666
73	678.384598883291	1666.2940418081585
74	579.3772380037037	1666.527586862719
75	4838.644347812679	1666.6668114445513
76	1702.9909534563387	1667.0439959008936
77	1751.3558127257463	1667.3421784647505
78	4790.734844369374	1667.3416621807057
79	1335.0839412485602	1666.3773786501545
80	2119.1615210776095	1667.7593735113533
81	3130.3997195378324	1666.904662799877
82	1783.0363473762402	1666.9837140039278
83	4722.905370414128	1667.0327932793084
84	1231.244335636138	1666.7405865660953
85	236.60999374053117	1667.597644201968
86	430.54321811080143	1666.282507018642
87	1815.5852393914013	1666.5887405752321
88	4057.3616024516537	1667.2702391826165
89	3691.923511668808	1666.2683616624238
90	4635.364091152365	1666.5532026876135
91	1946.782547620119	1666.710643570008
92	1765.6808071409732	1666.627338659254
93	1291.164007012399	1666.3301951982307
94	397.21508972256913	1667.2568066132064
95	2808.52299150263	1666.9970566754341
96	2014.517478881021	1667.124973805906
97	3210.7685282485204	1667.131741118685
98	1564.1211282678225	1667.4105574643759
99	3517.6766472741456	1666.466740868314
100	2297.4857340562244	1666.8357893018945
101	2674.1124972809134	1667.6353941430566
102	2351.2976682403987	1666.7055506693312
103	3041.4292124615345	1667.4708398940613
104	3812.0912112947353	1667.9182256782708
105	4581.4827333335015	1666.5306135931999
106	4642.562564381694	1666.248032528528
107	3871.614135424668	1666.3350076712295
108	4734.634200672433	1666.2604149872202
109	1039.1144477069681	1666.279793793808
110	1287.9580090308523	1666.4550779175647
111	1540.2337423279507	1667.2784548408674
112	4006.8606495543413	1666.3265467720496
113	1234.43390104381	1666.6921658851413
114	2890.8170280143513	1667.731095892599
115	4544.003065585023	1666.4633544074977
116	3796.397028065406	1667.7367366192982
117	3982.9004574537016	1666.3063550108038
118	1689.4817968973437	1666.981402184698
119	2635.649616128953	1667.4231685589934
120	2107.362094558242	1666.8367999319328
121	2440.7165030419524	1666.4786065210146
122	4058.614717216595	1667.7211558239094
123	4320.195871749726	1667.1504817364473
124	3941.2091067143538	1666.7120982603383
125	4761.428350336369	1667.2021406906708
126	1680.5361181235774	1667.4405510035688
127	2570.440802031828	1667.7874533102138
128	3460.4537049828755	1667.7577324768022
129	1767.1584089714243	1666.4187428171956
130	2514.61173362662	1666.4039664869595
131	4538.173208170886	1667.0793538055075
132	1594.6975778184933	1667.364340631297
133	28.008347654277927	1666.8992416954586
134	1077.3298667294937	1666.7126032634833
135	2183.0057404860845	1666.5626247932328
136	3289.1568104534094	1666.3737196652187
137	4393.515636557373	1666.7963337852875
138	4497.768930132298	1667.3573546029493
139	3355.609382404065	1667.8082504787872
140	4396.446067348978	1667.7699679428044
141	2152.990419495963	1667.3279923515097
142	740.0607851289176	1667.420245337091
143	4320.870197086492	1666.8194980835701
144	566.244247696952	1667.1302349990685
145	3111.2237396206933	1667.4917080601501
146	3205.4400203099112	1667.0939672288862
147	471.1921054437085	1666.2795646630136
148	4492.357521279745	1666.2582841266074
149	3476.0568646555107	1666.7270085681137
150	2456.577180913886	1667.4867485791322
151	2544.118704258798	1667.2474252728746
152	2860.413738568791	1666.3339653017863
153	1734.7034213554402	1667.102426959867
154	3666.402471087756	1666.5395818989894
155	4496.230438396215	1667.3236231197736
156	2852.3468123245243	1667.5310922299057
157	949.1515463839514	1667.8067048647772
158	957.2353550234857	1667.0803456064489
159	2861.5151817868045	1667.1872699579526
160	4766.238796962805	1666.5273907714152
161	3400.488912530793	1667.5523842942453
162	3603.3042181922287	1666.4143986682948
163	3809.311442687451	1666.3584564859348
164	939.3023863143517	1667.8306323629104
165	1793.8578308937197	1667.8295471890656
166	2700.110216257472	1666.481196169653
167	2798.8837508060797	1667.466494829976
168	1063.1575008999541	1666.2696422120898
169	686.2689748439105	1666.8893591756594
170	1372.4647804863241	1666.3771695924358
171	2062.5831468660786	1666.2445078948329
172	2749.8237823640534	1666.861802950345
173	3436.8343155620605	1666.4807459218935
174	4126.561111594592	1666.5967317830869
175	4969.360174404115	1667.4409796974576
176	406.3542927837719	1667.573366372733
177	4155.47744802716	1667.5253300702943
178	1836.3563190773948	1666.4664899368236
179	4699.471840616887	1667.6668608452476
180	3036.8830765087528	1667.2339255928248
181	778.9624933287316	1666.7408604754355
182	1481.3265840096485	1666.4907411265053
183	4338.462726225065	1666.2767928922074
184	930.8563284042143	1667.7290686717852
185	1741.858829141839	1666.719884806075
186	2551.4235745831247	1666.2910458882097
187	3358.124930736943	1667.426586745028
188	4169.296539598751	1666.6442636215234
189	2594.579452181163	1667.8235628090636
190	874.7401436018198	1666.3634581914907
191	847.0820913052105	1667.614946004895
192	490.60306057590344	1666.7746577066819
193	3083.7101925282277	1666.48397469295
194	1044.3801143214782	1666.22628143428
195	997.2105104333347	1667.4710829627766
196	3036.7552595663774	1666.3224532935178
197	4919.642407753979	1667.201786227966
198	4596.064827885452	1666.4770693256582
199	2571.7301394728765	1666.3215008446803
200	3452.9102852295905	1667.3530179032982
201	520.4411273583265	1666.6694447180682
202	4495.335885000518	1667.369007309222
203	4253.461668765849	1667.5113643423228
204	3441.3522010296397	1666.5400205882102
205	1142.2602579216348	1666.7504480710008
206	1155.9550835944608	1666.6138864556663
207	2282.3435931583767	1666.6512965807042
208	1215.9044085005833	1667.0879087052297
209	598.8588993503183	1666.8648881703002
210	2414.873241577162	1667.226360210799
211	4231.517062668263	1666.9950392874816
212	471.5607379587138	1666.6530886484586
213	1461.4597908385738	1667.0150758667965
214	2813.4212054216778	1666.5922441404912
215	4163.421462725494	1667.0659598290188
216	4479.928630510885	1666.8999836898715
217	3130.362750943156	1666.947031794443
218	1780.3976940059238	1666.8386797134303
219	4763.902163356649	1666.7402083947056
220	4797.911684625211	1667.4634901302582
221	4365.51236979721	1667.4227343363036
222	3934.095224276466	1666.573415340782
223	3501.659924147149	1666.466485606598
224	3068.1530188510897	1667.3895295798372
225	487.3098878770414	1666.2587899096563
226	1375.367104465794	1666.8409603010894
227	2264.6440699088603	1667.1210914185122
228	3156.274957234992	1666.255704738789
229	538.8713937514548	1667.1658394744404
230	4696.122901492492	1666.7483031801785
231	1141.5483868919325	1666.9994821490525
232	3015.4117677615004	1666.873446212952
233	2823.795079480827	1667.4181373700078
234	4976.291812190571	1667.2842421574005
235	4056.8963101980835	1666.9100816807577
236	3138.1544100059564	1666.2911232242402
237	287.8698060175511	1667.8555137180708
238	2551.0656525392787	1667.277691774204
239	1933.5773597550137	1666.7333194225744
240	1318.2652855077931	1667.348001566793
241	703.2166111192294	1666.84908502296
242	4090.9831462570332	1666.5142380863515
243	2870.7040208031117	1666.7190650266105
244	162.07518581868288	1667.9324784827804
245	3195.9030960351884	1666.5494073121279
246	3767.6009446981425	1667.6684970517574
247	4653.058995630002	1667.0310242171095
248	2576.3344563619967	1667.4771939749014
249	1535.0458829215004	1667.636115389644
250	4350.558394580687	1667.6671287239078
251	1240.962645595846	1666.5471681350311
252	4531.350467438455	1666.8106727298814
253	307.05510463076286	1666.5107803943974
254	3918.389759328161	1667.8050702051094
255	1855.029676042133	1666.3181079483948
256	2370.0660331418253	1667.7116306814355
257	44.570240863941955	1666.6364758503087
258	417.1763282947563	1667.5534911973918
259	633.705406046098	1667.7105932664545
260	1686.3538503737536	1667.358823262164
261	1439.214804547457	1667.39154025773
262	3528.954158590919	1667.8632302471967
263	4377.776625777067	1667.2883095430307
264	2286.6872708552996	1666.8894973278839
265	1111.698692026544	1666.4625913351592
266	2298.7556518858623	1666.9324457887055
267	4401.679626089912	1666.4710457400856
268	3490.220561380162	1666.4358978882583
269	1384.688544550532	1666.75806189692
