TS	X	Y
0	12	16
1	5.6	12.8
2	4.319999999999999	8.959999999999999
3	4.064	11.392
4	4.0128	11.878400000000001
5	4.00256	11.97568
6	4.000512	11.995136
7	4.0001024	11.9990272
8	4.00002048	11.999805440000001
9	4.000004096	11.999961088
10	4.0000008192	11.999992217600001
11	4.00000016384	11.999998443520001
12	4.000000032768	11.999999688704001
13	4.0000000065536	11.9999999377408
14	4.00000000131072	11.999999987548161
15	4.000000000262144	11.999999997509633
16	4.000000000052429	11.999999999501927
17	4.000000000010486	11.999999999900385
18	4.000000000002097	11.999999999980078
19	4.000000000000419	11.999999999996017
20	4.0000000000000835	11.999999999999204
21	4.000000000000017	11.999999999999842
22	4.0000000000000036	11.99999999999997
23	4.000000000000001	11.999999999999995
24	4.0	11.999999999999998
25	4.0	5.6
26	0.7999999999999998	7.52
27	0.15999999999999992	7.904
28	0.03199999999999998	7.9808
29	0.006399999999999994	7.99616
30	0.0012799999999999986	7.999232
31	0.00025599999999999966	7.9998464
32	5.119999999999992e-05	7.99996928
33	1.0239999999999982e-05	7.999993856
34	2.047999999999996e-06	7.9999987712
35	4.0959999999999933e-07	7.99999975424
36	8.191999999999985e-08	7.999999950848
37	1.6383999999999967e-08	7.9999999901696
38	3.2767999999999927e-09	7.99999999803392
39	6.553599999999983e-10	7.999999999606784
40	1.3107199999999965e-10	7.999999999921357
41	2.6214399999999938e-11	7.999999999984271
42	5.242879999999987e-12	7.999999999996854
43	1.048575999999997e-12	7.999999999999371
44	2.0971519999999936e-13	7.999999999999874
45	4.1943039999999865e-14	7.999999999999975
46	8.388607999999971e-15	7.999999999999995
47	1.6777215999999938e-15	7.999999999999999
48	3.3554431999999866e-16	8.0
49	6.710886399999971e-17	8.0
50	1.3421772799999939e-17	8.0
51	2.684354559999987e-18	8.0
52	5.368709119999973e-19	8.0
53	1.0737418239999944e-19	8.0
54	2.1474836479999884e-20	8.0
55	4.294967295999976e-21	8.0
56	8.589934591999946e-22	8.0
57	1.7179869183999888e-22	8.0
58	3.4359738367999767e-23	8.0
59	6.871947673599952e-24	8.0
60	1.3743895347199903e-24	8.0
61	2.74877906943998e-25	8.0
62	5.497558138879959e-26	8.0
63	1.0995116277759915e-26	8.0
64	2.1990232555519826e-27	8.0
65	4.398046511103965e-28	8.0
66	8.796093022207927e-29	8.0
67	1.759218604441585e-29	8.0
68	3.518437208883169e-30	8.0
69	7.036874417766336e-31	8.0
70	1.4073748835532668e-31	8.0
71	2.814749767106533e-32	8.0
72	5.629499534213065e-33	8.0
73	1.1258999068426129e-33	8.0
74	2.2517998136852265e-34	8.0
75	4.503599627370452e-35	8.0
76	9.007199254740903e-36	8.0
77	1.80143985094818e-36	8.0
78	3.6028797018963593e-37	8.0
79	7.205759403792717e-38	8.0
80	1.441151880758543e-38	8.0
81	2.8823037615170856e-39	8.0
82	5.76460752303417e-40	8.0
83	1.1529215046068338e-40	8.0
84	2.305843009213667e-41	8.0
85	4.611686018427333e-42	8.0
86	9.223372036854665e-43	8.0
87	1.8446744073709325e-43	8.0
88	3.6893488147418643e-44	8.0
89	7.378697629483723e-45	8.0
90	1.4757395258967444e-45	8.0
91	2.951479051793488e-46	8.0
92	5.9029581035869745e-47	8.0
93	1.1805916207173953e-47	8.0
94	2.36118324143479e-48	8.0
95	4.722366482869576e-49	8.0
96	9.44473296573915e-50	8.0
97	1.8889465931478293e-50	8.0
98	3.777893186295658e-51	8.0
99	7.555786372591315e-52	8.0
100	1.5111572745182627e-52	8.0
101	3.0223145490365245e-53	8.0
102	6.044629098073048e-54	8.0
103	1.2089258196146093e-54	8.0
104	2.417851639229218e-55	8.0
105	4.835703278458435e-56	8.0
106	9.671406556916868e-57	8.0
107	1.9342813113833732e-57	8.0
108	3.8685626227667435e-58	8.0
109	7.7371252455334855e-59	8.0
110	1.5474250491066968e-59	8.0
111	3.094850098213391e-60	8.0
112	6.189700196426781e-61	8.0
113	1.237940039285356e-61	8.0
114	2.4758800785707114e-62	8.0
115	4.951760157141422e-63	8.0
116	9.903520314282841e-64	8.0
117	1.980704062856568e-64	8.0
118	3.961408125713133e-65	8.0
119	7.922816251426265e-66	8.0
120	1.5845632502852525e-66	8.0
121	3.169126500570504e-67	8.0
122	6.338253001141006e-68	8.0
123	1.267650600228201e-68	8.0
124	2.535301200456403e-69	8.0
125	5.0706024009128045e-70	8.0
126	1.0141204801825607e-70	8.0
127	2.028240960365121e-71	8.0
128	4.0564819207302414e-72	8.0
129	8.112963841460482e-73	8.0
130	1.622592768292096e-73	8.0
131	3.245185536584191e-74	8.0
132	6.49037107316838e-75	8.0
133	1.2980742146336765e-75	8.0
134	2.5961484292673524e-76	8.0
135	5.192296858534704e-77	8.0
136	1.03845937170694e-77	8.0
137	2.0769187434138794e-78	8.0
138	4.153837486827758e-79	8.0
139	8.307674973655513e-80	8.0
140	1.6615349947311022e-80	8.0
141	3.3230699894622035e-81	8.0
142	6.646139978924405e-82	8.0
143	1.3292279957848807e-82	8.0
144	2.658455991569761e-83	8.0
145	5.316911983139521e-84	8.0
146	1.0633823966279046e-84	8.0
147	2.1267647932558087e-85	8.0
148	4.253529586511616e-86	8.0
149	8.50705917302323e-87	8.0
150	1.7014118346046457e-87	8.0
151	3.4028236692092885e-88	8.0
152	6.805647338418576e-89	8.0
153	1.3611294676837149e-89	8.0
154	2.722258935367429e-90	8.0
155	5.44451787073486e-91	8.0
156	1.0889035741469717e-91	8.0
157	2.177807148293943e-92	8.0
158	4.355614296587885e-93	8.0
159	8.711228593175767e-94	8.0
160	1.742245718635153e-94	8.0
161	3.4844914372703074e-95	8.0
162	6.968982874540613e-96	8.0
163	1.3937965749081225e-96	8.0
164	2.787593149816246e-97	8.0
165	5.5751862996324907e-98	8.0
166	1.1150372599264979e-98	8.0
167	2.2300745198529954e-99	8.0
168	4.46014903970599e-100	8.0
169	8.920298079411977e-101	8.0
170	1.784059615882395e-101	8.0
171	3.5681192317647896e-102	8.0
172	7.136238463529577e-103	8.0
173	1.4272476927059152e-103	8.0
174	2.85449538541183e-104	8.0
175	5.708990770823658e-105	8.0
176	1.1417981541647309e-105	8.0
177	2.2835963083294614e-106	8.0
178	4.567192616658922e-107	8.0
179	9.134385233317842e-108	8.0
180	1.826877046663568e-108	8.0
181	3.6537540933271355e-109	8.0
182	7.307508186654265e-110	8.0
183	1.4615016373308528e-110	8.0
184	2.923003274661705e-111	8.0
185	5.8460065493234085e-112	8.0
186	1.1692013098646815e-112	8.0
187	2.3384026197293626e-113	8.0
188	4.6768052394587245e-114	8.0
189	9.353610478917447e-115	8.0
190	1.8707220957834888e-115	8.0
191	3.741444191566977e-116	8.0
192	7.482888383133952e-117	8.0
193	1.4965776766267902e-117	8.0
194	2.9931553532535796e-118	8.0
195	5.986310706507158e-119	8.0
196	1.1972621413014313e-119	8.0
197	2.394524282602862e-120	8.0
198	4.789048565205723e-121	8.0
199	9.578097130411444e-122	8.0
200	1.9156194260822885e-122	8.0
201	3.8312388521645764e-123	8.0
202	7.662477704329152e-124	8.0
203	1.53249554086583e-124	8.0
204	3.064991081731659e-125	8.0
205	6.129982163463321e-126	8.0
206	1.2259964326926639e-126	8.0
207	2.451992865385327e-127	8.0
208	4.903985730770654e-128	8.0
209	9.807971461541305e-129	8.0
210	1.9615942923082605e-129	8.0
211	3.9231885846165206e-130	8.0
212	7.84637716923304e-131	8.0
213	1.5692754338466075e-131	8.0
214	3.138550867693214e-132	8.0
215	6.277101735386427e-133	8.0
216	1.2554203470772851e-133	8.0
217	2.51084069415457e-134	8.0
218	5.021681388309139e-135	8.0
219	1.0043362776618275e-135	8.0
220	2.0086725553236548e-136	8.0
221	4.017345110647309e-137	8.0
222	8.034690221294616e-138	8.0
223	1.6069380442589227e-138	8.0
224	3.2138760885178448e-139	8.0
225	6.427752177035688e-140	8.0
226	1.2855504354071374e-140	8.0
227	2.571100870814274e-141	8.0
228	5.142201741628547e-142	8.0
229	1.0284403483257086e-142	8.0
230	2.056880696651417e-143	8.0
231	4.113761393302833e-144	8.0
232	8.227522786605664e-145	8.0
233	1.6455045573211326e-145	8.0
234	3.2910091146422646e-146	8.0
235	6.582018229284528e-147	8.0
236	1.316403645856906e-147	8.0
237	2.6328072917138115e-148	8.0
238	5.265614583427622e-149	8.0
239	1.0531229166855242e-149	8.0
240	2.106245833371048e-150	8.0
241	4.212491666742095e-151	8.0
242	8.424983333484187e-152	8.0
243	1.684996666696837e-152	8.0
244	3.369993333393673e-153	8.0
245	6.739986666787345e-154	8.0
246	1.3479973333574686e-154	8.0
247	2.6959946667149366e-155	8.0
248	5.391989333429875e-156	8.0
249	1.0783978666859748e-156	8.0
250	2.1567957333719492e-157	8.0
251	4.3135914667438974e-158	8.0
252	8.627182933487793e-159	8.0
253	1.725436586697558e-159	8.0
254	3.4508731733951154e-160	8.0
255	6.901746346790229e-161	8.0
256	1.3803492693580456e-161	8.0
257	2.760698538716091e-162	8.0
258	5.5213970774321806e-163	8.0
259	0	8
260	0	8
261	0	8
262	0	8
263	0	8
264	0	8
265	0	8
266	0	8
267	0	8
268	0	8
269	0	8
270	0	8
271	0	8
272	0	8
273	0	8
274	0	8
275	0	8
276	0	8
277	0	8
278	0	8
279	0	8
280	0	8
281	0	8
282	0	8
283	0	8
284	0	8
285	0	8
286	0	8
287	0	8
288	0	8
289	0	8
290	0	8
291	0	8
292	0	8
293	0	8
294	0	8
295	0	8
296	0	8
297	0	8
298	0	8
299	0	8
300	0	8
301	0	8
302	0	8
303	0	8
304	0	8
305	0	8
306	0	8
307	0	8
308	0	8
309	0	8
310	0	8
311	0	8
312	0	8
313	0	8
314	0	8
315	0	8
316	0	8
317	0	8
318	0	8
319	0	8
