TS	X	Y
0	12	12
1	5.6	12.0
2	4.32	12.0
3	4.064	12.0
4	4.0128	12.0
5	4.00256	12.0
6	4.000512	12.0
7	4.0001024	12.0
8	4.00002048	12.0
9	4.000004096	12.0
10	4.0000008192	12.0
11	4.00000016384	12.0
12	4.000000032768	12.0
13	4.0000000065536	12.0
14	4.00000000131072	12.0
15	4.000000000262144	12.0
16	4.000000000052429	12.0
17	4.000000000010486	12.0
18	4.000000000002097	12.0
19	4.000000000000419	12.0
20	4.0000000000000835	12.0
21	4.000000000000017	12.0
22	4.0000000000000036	12.0
23	4.000000000000001	12.0
24	4.0	12.0
25	0.7999999999999998	12.0
26	0.15999999999999992	12.0
27	0.03199999999999998	12.0
28	0.006399999999999994	12.0
29	0.001279999999999998	12.0
30	0.00025599999999999955	12.0
31	5.11999999999999e-05	12.0
32	1.0239999999999978e-05	12.0
33	2.047999999999995e-06	12.0
34	4.095999999999989e-07	12.0
35	8.191999999999976e-08	12.0
36	1.6383999999999947e-08	12.0
37	3.2767999999999885e-09	12.0
38	6.553599999999975e-10	12.0
39	1.3107199999999947e-10	12.0
40	2.6214399999999886e-11	12.0
41	5.242879999999976e-12	12.0
42	1.048575999999995e-12	12.0
43	2.0971519999999896e-13	12.0
44	4.194303999999978e-14	12.0
45	8.388607999999955e-15	12.0
46	1.6777215999999906e-15	12.0
47	3.3554431999999806e-16	12.0
48	6.71088639999996e-17	12.0
49	1.3421772799999917e-17	12.0
50	2.6843545599999828e-18	12.0
51	5.368709119999965e-19	12.0
52	1.0737418239999926e-19	12.0
53	2.1474836479999848e-20	12.0
54	4.2949672959999665e-21	12.0
55	8.589934591999931e-22	12.0
56	1.7179869183999858e-22	12.0
57	3.435973836799969e-23	12.0
58	6.87194767359994e-24	12.0
59	1.3743895347199879e-24	12.0
60	2.748779069439975e-25	12.0
61	5.497558138879952e-26	12.0
62	1.0995116277759902e-26	12.0
63	2.1990232555519798e-27	12.0
64	4.398046511103961e-28	12.0
65	8.79609302220792e-29	12.0
66	1.7592186044415838e-29	12.0
67	3.5184372088831666e-30	12.0
68	7.036874417766331e-31	12.0
69	1.407374883553266e-31	12.0
70	2.814749767106531e-32	12.0
71	5.629499534213061e-33	12.0
72	1.125899906842612e-33	12.0
73	2.2517998136852248e-34	12.0
74	4.5035996273704485e-35	12.0
75	9.007199254740895e-36	12.0
76	1.8014398509481784e-36	12.0
77	3.602879701896356e-37	12.0
78	7.20575940379271e-38	12.0
79	1.441151880758541e-38	12.0
80	2.8823037615170813e-39	12.0
81	5.764607523034161e-40	12.0
82	1.152921504606832e-40	12.0
83	2.3058430092136634e-41	12.0
84	4.611686018427326e-42	12.0
85	9.22337203685465e-43	12.0
86	1.8446744073709297e-43	12.0
87	3.689348814741859e-44	12.0
88	7.378697629483716e-45	12.0
89	1.475739525896743e-45	12.0
90	2.951479051793485e-46	12.0
91	5.902958103586969e-47	12.0
92	1.1805916207173934e-47	12.0
93	2.3611832414347864e-48	12.0
94	4.7223664828695715e-49	12.0
95	9.444732965739141e-50	12.0
96	1.8889465931478279e-50	12.0
97	3.7778931862956527e-51	12.0
98	7.555786372591303e-52	12.0
99	1.5111572745182603e-52	12.0
100	3.02231454903652e-53	12.0
101	6.044629098073039e-54	12.0
102	1.2089258196146074e-54	12.0
103	2.4178516392292145e-55	12.0
104	4.835703278458428e-56	12.0
105	9.671406556916853e-57	12.0
106	1.93428131138337e-57	12.0
107	3.868562622766739e-58	12.0
108	7.737125245533477e-59	12.0
109	1.547425049106695e-59	12.0
110	3.0948500982133896e-60	12.0
111	6.189700196426778e-61	12.0
112	1.2379400392853553e-61	12.0
113	2.475880078570709e-62	12.0
114	4.95176015714142e-63	12.0
115	9.903520314282837e-64	12.0
116	1.980704062856567e-64	12.0
117	3.961408125713133e-65	12.0
118	7.922816251426265e-66	12.0
119	1.5845632502852525e-66	12.0
120	3.169126500570504e-67	12.0
121	6.338253001141006e-68	12.0
122	1.267650600228201e-68	12.0
123	2.535301200456403e-69	12.0
124	5.0706024009128045e-70	12.0
125	1.0141204801825607e-70	12.0
126	2.028240960365121e-71	12.0
127	4.0564819207302414e-72	12.0
128	8.112963841460482e-73	12.0
129	1.622592768292096e-73	12.0
130	3.245185536584191e-74	12.0
131	6.49037107316838e-75	12.0
132	1.2980742146336765e-75	12.0
133	2.5961484292673524e-76	12.0
134	5.192296858534704e-77	12.0
135	1.03845937170694e-77	12.0
136	2.0769187434138794e-78	12.0
137	4.153837486827758e-79	12.0
138	8.307674973655513e-80	12.0
139	1.6615349947311022e-80	12.0
140	3.3230699894622035e-81	12.0
141	6.646139978924405e-82	12.0
142	1.3292279957848807e-82	12.0
143	2.658455991569761e-83	12.0
144	5.316911983139521e-84	12.0
145	1.0633823966279046e-84	12.0
146	2.1267647932558087e-85	12.0
147	4.253529586511616e-86	12.0
148	8.50705917302323e-87	12.0
149	1.7014118346046457e-87	12.0
150	3.4028236692092885e-88	12.0
151	6.805647338418576e-89	12.0
152	1.3611294676837149e-89	12.0
153	2.722258935367429e-90	12.0
154	5.44451787073486e-91	12.0
155	1.0889035741469717e-91	12.0
156	2.177807148293943e-92	12.0
157	4.355614296587885e-93	12.0
158	8.711228593175767e-94	12.0
159	1.742245718635153e-94	12.0
160	3.4844914372703074e-95	12.0
161	6.968982874540613e-96	12.0
162	1.3937965749081225e-96	12.0
163	2.787593149816246e-97	12.0
164	5.5751862996324907e-98	12.0
165	1.1150372599264979e-98	12.0
166	2.2300745198529954e-99	12.0
167	4.46014903970599e-100	12.0
168	8.920298079411977e-101	12.0
169	1.784059615882395e-101	12.0
170	3.5681192317647896e-102	12.0
171	7.136238463529577e-103	12.0
172	1.4272476927059152e-103	12.0
173	2.85449538541183e-104	12.0
174	5.708990770823658e-105	12.0
175	1.1417981541647309e-105	12.0
176	2.2835963083294614e-106	12.0
177	4.567192616658922e-107	12.0
178	9.134385233317842e-108	12.0
179	1.826877046663568e-108	12.0
180	3.6537540933271355e-109	12.0
181	7.307508186654265e-110	12.0
182	1.4615016373308528e-110	12.0
183	2.923003274661705e-111	12.0
184	5.8460065493234085e-112	12.0
185	1.1692013098646815e-112	12.0
186	2.3384026197293626e-113	12.0
187	4.6768052394587245e-114	12.0
188	9.353610478917447e-115	12.0
189	1.8707220957834888e-115	12.0
190	3.741444191566977e-116	12.0
191	7.482888383133952e-117	12.0
192	1.4965776766267902e-117	12.0
193	2.9931553532535796e-118	12.0
194	5.986310706507158e-119	12.0
195	1.1972621413014313e-119	12.0
196	2.394524282602862e-120	12.0
197	4.789048565205723e-121	12.0
198	9.578097130411444e-122	12.0
199	1.9156194260822885e-122	12.0
200	3.8312388521645764e-123	12.0
201	7.662477704329152e-124	12.0
202	1.53249554086583e-124	12.0
203	3.064991081731659e-125	12.0
204	6.129982163463321e-126	12.0
205	1.2259964326926639e-126	12.0
206	2.451992865385327e-127	12.0
207	4.903985730770654e-128	12.0
208	9.807971461541305e-129	12.0
209	1.9615942923082605e-129	12.0
210	3.9231885846165206e-130	12.0
211	7.84637716923304e-131	12.0
212	1.5692754338466075e-131	12.0
213	3.138550867693214e-132	12.0
214	6.277101735386427e-133	12.0
215	1.2554203470772851e-133	12.0
216	2.51084069415457e-134	12.0
217	5.021681388309139e-135	12.0
218	1.0043362776618275e-135	12.0
219	2.0086725553236548e-136	12.0
220	4.017345110647309e-137	12.0
221	8.034690221294616e-138	12.0
222	1.6069380442589227e-138	12.0
223	3.2138760885178448e-139	12.0
224	6.427752177035688e-140	12.0
225	1.2855504354071374e-140	12.0
226	2.571100870814274e-141	12.0
227	5.142201741628547e-142	12.0
228	1.0284403483257086e-142	12.0
229	2.056880696651417e-143	12.0
230	4.113761393302833e-144	12.0
231	8.227522786605664e-145	12.0
232	1.6455045573211326e-145	12.0
233	3.2910091146422646e-146	12.0
234	6.582018229284528e-147	12.0
235	1.316403645856906e-147	12.0
236	2.6328072917138115e-148	12.0
237	5.265614583427622e-149	12.0
238	1.0531229166855242e-149	12.0
239	2.106245833371048e-150	12.0
240	4.212491666742095e-151	12.0
241	8.424983333484187e-152	12.0
242	1.684996666696837e-152	12.0
243	3.369993333393673e-153	12.0
244	6.739986666787345e-154	12.0
245	1.3479973333574686e-154	12.0
246	2.6959946667149366e-155	12.0
247	5.391989333429875e-156	12.0
248	1.0783978666859748e-156	12.0
249	2.1567957333719492e-157	12.0
250	4.3135914667438974e-158	12.0
251	8.627182933487793e-159	12.0
252	1.725436586697558e-159	12.0
253	3.4508731733951154e-160	12.0
254	6.901746346790229e-161	12.0
255	1.3803492693580456e-161	12.0
256	2.760698538716091e-162	12.0
257	5.5213970774321806e-163	12.0
258	0	12
259	0	12
260	0	12
261	0	12
262	0	12
263	0	12
264	0	12
265	0	12
266	0	12
267	0	12
268	0	12
269	0	12
270	0	12
271	0	12
272	0	12
273	0	12
274	0	12
275	0	12
276	0	12
277	0	12
278	0	12
279	0	12
280	0	12
281	0	12
282	0	12
283	0	12
284	0	12
285	0	12
286	0	12
287	0	12
288	0	12
289	0	12
290	0	12
291	0	12
292	0	12
293	0	12
294	0	12
295	0	12
296	0	12
297	0	12
298	0	12
299	0	12
300	0	12
301	0	12
302	0	12
303	0	12
304	0	12
305	0	12
306	0	12
307	0	12
308	0	12
309	0	12
310	0	12
311	0	12
312	0	12
313	0	12
314	0	12
315	0	12
316	0	12
317	0	12
318	0	12
319	0	12
