TS	X	Y
0	20	24
1	13.600000000000001	17.6
2	12.32	13.120000000000001
3	8.864	15.424
4	11.372800000000002	12.684800000000001
5	11.87456	12.136960000000002
6	11.974912000000002	12.027392
7	11.994982400000001	12.005478400000001
8	11.99899648	12.00109568
9	11.999799296	12.000219136000002
10	11.9999598592	12.0000438272
11	11.99999197184	12.00000876544
12	11.999998394368001	12.000001753088
13	11.999999678873602	12.0000003506176
14	11.99999993577472	12.000000070123521
15	11.999999987154945	12.000000014024705
16	11.999999997430988	12.00000000280494
17	11.9999999994862	12.00000000056099
18	11.99999999989724	12.000000000112198
19	11.99999999997945	12.00000000002244
20	11.999999999995891	12.000000000004489
21	11.99999999999918	12.000000000000899
22	11.999999999999837	12.000000000000181
23	11.999999999999968	12.000000000000037
24	11.999999999999993	12.000000000000007
25	12.0	12.000000000000002
26	12.0	12.000000000000002
27	12.0	12.000000000000002
28	12.0	12.000000000000002
29	12.0	12.000000000000002
30	12.0	12.000000000000002
31	12.0	12.000000000000002
32	12.0	12.000000000000002
33	12.0	12.000000000000002
34	12.0	12.000000000000002
35	12.0	12.000000000000002
36	12.0	12.000000000000002
37	12.0	12.000000000000002
38	12.0	12.000000000000002
39	12.0	12.000000000000002
40	12.0	12.000000000000002
41	12.0	12.000000000000002
42	12.0	12.000000000000002
43	12.0	12.000000000000002
44	12.0	12.000000000000002
45	12.0	12.000000000000002
46	12.0	12.000000000000002
47	12.0	12.000000000000002
48	12.0	12.000000000000002
49	12.0	12.000000000000002
50	12.0	12.000000000000002
51	12.0	12.000000000000002
52	12.0	12.000000000000002
53	12.0	12.000000000000002
54	12.0	12.000000000000002
55	12.0	12.000000000000002
56	12.0	12.000000000000002
57	12.0	12.000000000000002
58	12.0	12.000000000000002
59	12.0	12.000000000000002
60	12.0	12.000000000000002
61	12.0	12.000000000000002
62	12.0	12.000000000000002
63	12.0	12.000000000000002
64	12.0	12.000000000000002
65	12.0	12.000000000000002
66	12.0	12.000000000000002
67	12.0	12.000000000000002
68	12.0	12.000000000000002
69	12.0	12.000000000000002
70	12.0	12.000000000000002
71	12.0	12.000000000000002
72	12.0	12.000000000000002
73	12.0	12.000000000000002
74	12.0	12.000000000000002
75	12.0	12.000000000000002
76	12.0	12.000000000000002
77	12.0	12.000000000000002
78	12.0	12.000000000000002
79	12.0	12.000000000000002
80	12.0	12.000000000000002
81	12.0	12.000000000000002
82	12.0	12.000000000000002
83	12.0	12.000000000000002
84	12.0	12.000000000000002
85	12.0	12.000000000000002
86	12.0	12.000000000000002
87	12.0	12.000000000000002
88	12.0	12.000000000000002
89	12.0	12.000000000000002
90	12.0	12.000000000000002
91	12.0	12.000000000000002
92	12.0	12.000000000000002
93	12.0	12.000000000000002
94	12.0	12.000000000000002
95	12.0	12.000000000000002
96	12.0	12.000000000000002
97	12.0	12.000000000000002
98	12.0	12.000000000000002
99	12.0	12.000000000000002
100	12.0	12.000000000000002
101	12.0	12.000000000000002
102	12.0	12.000000000000002
103	12.0	12.000000000000002
104	12.0	12.000000000000002
105	12.0	12.000000000000002
106	12.0	12.000000000000002
107	12.0	12.000000000000002
108	12.0	12.000000000000002
109	12.0	12.000000000000002
110	12.0	12.000000000000002
111	12.0	12.000000000000002
112	12.0	12.000000000000002
113	12.0	12.000000000000002
114	12.0	12.000000000000002
115	12.0	12.000000000000002
116	12.0	12.000000000000002
117	12.0	12.000000000000002
118	12.0	12.000000000000002
119	12.0	12.000000000000002
120	12.0	12.000000000000002
121	12.0	12.000000000000002
122	12.0	12.000000000000002
123	12.0	12.000000000000002
124	12.0	12.000000000000002
125	12.0	12.000000000000002
126	12.0	12.000000000000002
127	12.0	12.000000000000002
128	12.0	12.000000000000002
129	12.0	12.000000000000002
130	12.0	12.000000000000002
131	12.0	12.000000000000002
132	12.0	12.000000000000002
133	12.0	12.000000000000002
134	12.0	12.000000000000002
135	12.0	12.000000000000002
136	12.0	12.000000000000002
137	12.0	12.000000000000002
138	12.0	12.000000000000002
139	12.0	12.000000000000002
140	12.0	12.000000000000002
141	12.0	12.000000000000002
142	12.0	12.000000000000002
143	12.0	12.000000000000002
144	12.0	12.000000000000002
145	12.0	12.000000000000002
146	12.0	12.000000000000002
147	12.0	12.000000000000002
148	12.0	12.000000000000002
149	12.0	12.000000000000002
150	12.0	12.000000000000002
151	12.0	12.000000000000002
152	12.0	12.000000000000002
153	12.0	12.000000000000002
154	12.0	12.000000000000002
155	12.0	12.000000000000002
156	12.0	12.000000000000002
157	12.0	12.000000000000002
158	12.0	12.000000000000002
159	12.0	12.000000000000002
160	12.0	12.000000000000002
161	12.0	12.000000000000002
162	12.0	12.000000000000002
163	12.0	12.000000000000002
164	12.0	12.000000000000002
165	12.0	12.000000000000002
166	12.0	12.000000000000002
167	12.0	12.000000000000002
168	12.0	12.000000000000002
169	12.0	12.000000000000002
170	12.0	12.000000000000002
171	12.0	12.000000000000002
172	12.0	12.000000000000002
173	12.0	12.000000000000002
174	12.0	12.000000000000002
175	12.0	12.000000000000002
176	12.0	12.000000000000002
177	12.0	12.000000000000002
178	12.0	12.000000000000002
179	12.0	12.000000000000002
180	12.0	12.000000000000002
181	12.0	12.000000000000002
182	12.0	12.000000000000002
183	12.0	12.000000000000002
184	12.0	12.000000000000002
185	12.0	12.000000000000002
186	12.0	12.000000000000002
187	12.0	12.000000000000002
188	12.0	12.000000000000002
189	12.0	12.000000000000002
190	12.0	12.000000000000002
191	12.0	12.000000000000002
192	12.0	12.000000000000002
193	12.0	12.000000000000002
194	12.0	12.000000000000002
195	12.0	12.000000000000002
196	12.0	12.000000000000002
197	12.0	12.000000000000002
198	12.0	12.000000000000002
199	12.0	12.000000000000002
200	12.0	12.000000000000002
201	12.0	12.000000000000002
202	12.0	12.000000000000002
203	12.0	12.000000000000002
204	12.0	12.000000000000002
205	12.0	12.000000000000002
206	12.0	12.000000000000002
207	12.0	12.000000000000002
208	12.0	12.000000000000002
209	12.0	12.000000000000002
210	12.0	12.000000000000002
211	12.0	12.000000000000002
212	12.0	12.000000000000002
213	12.0	12.000000000000002
214	12.0	12.000000000000002
215	12.0	12.000000000000002
216	12.0	12.000000000000002
217	12.0	12.000000000000002
218	12.0	12.000000000000002
219	12.0	12.000000000000002
220	12.0	12.000000000000002
221	12.0	12.000000000000002
222	12.0	12.000000000000002
223	12.0	12.000000000000002
224	12.0	12.000000000000002
225	12.0	12.000000000000002
226	12.0	12.000000000000002
227	12.0	12.000000000000002
228	12.0	12.000000000000002
229	12.0	12.000000000000002
230	12.0	12.000000000000002
231	12.0	12.000000000000002
232	12.0	12.000000000000002
233	12.0	12.000000000000002
234	12.0	12.000000000000002
235	12.0	12.000000000000002
236	12.0	12.000000000000002
237	12.0	12.000000000000002
238	12.0	12.000000000000002
239	12.0	12.000000000000002
240	12.0	12.000000000000002
241	12.0	12.000000000000002
242	12.0	12.000000000000002
243	12.0	12.000000000000002
244	12.0	12.000000000000002
245	12.0	12.000000000000002
246	12.0	12.000000000000002
247	12.0	12.000000000000002
248	12.0	12.000000000000002
249	12.0	12.000000000000002
250	12.0	12.000000000000002
251	12.0	12.000000000000002
252	12.0	12.000000000000002
253	12.0	12.000000000000002
254	12.0	12.000000000000002
255	12.0	12.000000000000002
256	12.0	12.000000000000002
257	12.0	12.000000000000002
258	12.0	12.000000000000002
259	12.0	12.000000000000002
260	12.0	12.000000000000002
261	12.0	12.000000000000002
262	12.0	12.000000000000002
263	12.0	12.000000000000002
264	12.0	12.000000000000002
265	12.0	12.000000000000002
266	12.0	12.000000000000002
267	12.0	12.000000000000002
268	12.0	12.000000000000002
269	12.0	12.000000000000002
270	12.0	12.000000000000002
271	12.0	12.000000000000002
272	12.0	12.000000000000002
273	12.0	12.000000000000002
274	12.0	12.000000000000002
275	12.0	12.000000000000002
276	12.0	12.000000000000002
277	12.0	12.000000000000002
278	12.0	12.000000000000002
279	12.0	12.000000000000002
280	12.0	12.000000000000002
281	12.0	12.000000000000002
282	12.0	12.000000000000002
283	12.0	12.000000000000002
284	12.0	12.000000000000002
285	12.0	12.000000000000002
286	12.0	12.000000000000002
287	12.0	12.000000000000002
288	12.0	12.000000000000002
289	12.0	12.000000000000002
290	12.0	12.000000000000002
291	12.0	12.000000000000002
292	12.0	12.000000000000002
293	12.0	12.000000000000002
294	12.0	12.000000000000002
295	12.0	12.000000000000002
296	12.0	12.000000000000002
297	12.0	12.000000000000002
298	12.0	12.000000000000002
299	12.0	12.000000000000002
300	12.0	12.000000000000002
301	12.0	12.000000000000002
302	12.0	12.000000000000002
303	12.0	12.000000000000002
304	12.0	12.000000000000002
305	12.0	12.000000000000002
306	12.0	12.000000000000002
307	12.0	12.000000000000002
308	12.0	12.000000000000002
309	12.0	12.000000000000002
310	12.0	12.000000000000002
311	12.0	12.000000000000002
312	12.0	12.000000000000002
313	12.0	12.000000000000002
314	12.0	12.000000000000002
315	12.0	12.000000000000002
316	12.0	12.000000000000002
317	12.0	12.000000000000002
318	12.0	12.000000000000002
319	12.0	12.000000000000002
