TS	X	Y
0	3.226540760186624	0.9388260195639546
1	3.3057636705348634	2.2857506453034064
2	4.540329310572153	1.08873291470429
3	3.8608611589118507	2.4844101311620745
4	3.6290818532410953	1.108597290403616
5	6.301780032576948	2.094716568740334
6	6.324101897074848	2.5582143055021587
7	7.689956095351107	1.4550971830782995
8	10.04725361416483	1.1014326304222328
9	8.97613755280783	2.33093465609035
10	10.250987275372136	2.3351017691791274
11	11.264707411668722	2.002491213644206
12	11.909220246131522	1.1386099033246944
13	11.381649657674688	1.3866135850135173
14	13.1136356496823	1.2949670267326772
15	15.094530189409726	2.076573791662557
16	15.830219485600397	2.1184481212421855
17	15.674986193796467	1.6509254086985647
18	16.11669776616914	2.2742399707538996
19	18.792423769031597	2.173787848104468
20	18.89324479635646	1.2217602503818068
21	18.316509082181543	2.4760423182726616
22	18.42300431614446	1.0633388596432387
23	18.123244136069417	1.3568974446392994
24	18.854978500719533	2.5213529697464367
25	18.98133092356597	1.629707147723196
26	18.644515519967296	1.3654465718947573
27	18.217534176993734	2.587025492591482
28	19.80142340371211	1.9046559985690437
29	19.480683892494966	1.489125437995511
30	16.913172116181343	1.4176812356477924
31	18.098873945830807	1.9857529099453775
32	18.042230744032018	2.2209380769465494
33	19.98285495856663	1.2301877738319158
34	18.074758524703874	1.022237246316359
35	19.795392078473398	1.067766651624602
36	19.770871517666453	0.9735932792400734
37	19.511532572238114	1.9361611576282507
38	17.729580109664155	2.2426087370100447
39	17.600676889183095	1.724102016410161
40	16.285365442207404	1.03453737545898
41	15.402766493124009	1.4622878761840687
42	16.314607401409297	1.0675402145836657
43	16.274371022181978	1.67557087253692
44	18.1279308220517	2.0798829751650603
45	16.41713948210871	1.1825341980175752
46	17.599562299499105	2.1769370292492463
47	18.37792685407754	1.1625455496627426
48	17.91729526227836	2.2396172021093466
49	18.93407951283253	2.1545395892069292
50	19.128724784743554	1.4567109945552417
51	18.255661450823634	1.7540883989860778
52	18.805666811104125	1.8580649815368395
53	18.317092158874203	1.6838996952083005
54	18.298911202027668	1.2754101325972693
55	19.50059164544921	1.2204868100470203
56	17.66987404859566	1.2107618000989684
57	15.375703936484463	1.562017369872416
58	14.652875634537898	2.00606817044011
59	14.7636507741631	1.214140558642349
60	15.562136786070354	0.9866816919467529
61	17.56687629631568	0.932515242812073
62	18.96381867291914	1.3483008305542936
63	18.911521357591056	1.3172461022439372
64	17.15660652947267	2.4033883757590178
65	18.719582309317197	1.929911045241127
66	19.15634994493816	2.4112746826800953
67	19.167899207016536	2.4604680284545726
68	17.668600747688775	0.9604521408090301
69	19.546988584520633	2.222458086404636
70	17.55492495701734	0.9403702980918053
71	16.784912269792084	1.8954481365934632
72	16.570536683441457	2.1513944454619685
73	18.51688155552468	2.3264245368666945
74	18.30591572609616	2.2808723889166638
75	17.739451926966467	1.674081023803325
76	18.081143224121966	2.0000819129718073
77	14.472106090782749	1.69057672802631
78	14.481016248799698	1.662985159919161
79	15.82039419120813	0.9984602381443377
80	16.286485714061783	2.545331066612003
81	16.679103213483494	1.2325685151259957
82	17.853430445470018	1.768760988461969
83	18.125434643129065	1.7815850924555863
84	17.4026010565905	1.152998379021637
85	19.774442703218902	2.0243382638948737
86	17.82753569256572	1.8983956203315762
87	19.90916792414292	1.4095740321627248
88	17.121847241778323	1.5633766673205856
89	17.90452846262448	1.5695642015044657
90	17.579160555529146	2.087752333935489
91	18.351255376739147	1.5526085213221534
92	18.825814735696515	2.244916204531918
93	18.791814448781007	1.0481709094862413
94	19.189096244824814	2.503621637962114
95	18.88974855459177	2.2144630469732474
96	19.447686321637672	2.598028845569785
97	17.933937726399463	2.3217507162544964
98	17.928704297744453	1.8917373069399175
99	18.363979065145973	1.8256829537018895
100	17.936609577250067	1.6363557421252253
101	17.336656031969472	1.7982616767040915
102	17.027515680398093	2.3740524049654748
103	17.36527974114212	2.272331687043965
104	19.617012434326767	1.820649093380041
105	17.421423513351005	1.2241068552245804
106	18.689327524999285	1.1370478666086872
107	19.17150210924292	2.3191499293210334
108	18.18682271314233	1.040420708921095
109	19.97382377166461	2.4552468221231285
110	18.98116201233014	2.4791494406728933
111	18.39242712183686	2.350812268682345
112	19.062004086637955	1.0658664260739563
113	17.90192375430808	1.043557175763655
114	18.277212221915658	2.1606083530153652
115	17.029942898423222	1.8499264271779245
116	18.10772713721898	1.8855441354706248
117	19.061678038997506	1.1181411371736991
118	19.226249347495685	1.8742419661798084
119	19.576854813231478	1.5033030740484414
120	18.673525512435045	1.5724951122497708
121	18.783596567407457	1.1680933177430202
122	18.592155973995066	1.032992322190975
123	18.235403194933976	1.0585477373111176
124	19.838089445186355	1.0024899153002718
125	17.894849033750834	0.9634731568979834
126	15.934894664242758	0.9242189414733832
127	18.265254456725962	1.2920809708996677
128	19.604219955081515	1.5062154142367223
129	18.634401608647202	2.342138049045747
130	17.297293189215285	1.740022185978534
131	15.579508747836952	1.5663015388644803
132	16.8809924655486	1.2309833699919452
133	17.584543231817694	1.951366860338238
134	17.893001560383034	0.9736407911081548
135	17.31714571215233	1.2090529494164914
136	17.93629224495106	1.4319120062930082
137	19.705084087949757	1.8580725941424143
138	17.052090840871696	1.0296818333378819
139	16.75024971740258	2.355861470140633
140	15.92900746377614	1.1933955531890141
141	16.301715105413454	1.9022335053332555
142	17.06670420541572	2.500489930339664
143	17.576436092338124	2.3564787839642767
144	17.088557249430753	1.3020668688392902
145	18.201060302554797	1.4781498698806952
146	18.274645105784852	1.2512031527062903
147	18.911943006432235	1.39601965414685
148	18.742789007099034	2.270038205211736
149	16.64464732688052	1.1175892338718993
150	19.0999303154161	2.609286123474563
151	18.75127177573285	2.3749685395911087
152	18.606322618526182	2.12445694279506
153	18.720947182512496	2.2492621936507593
154	18.598664693000593	0.9521047325135609
155	17.23135842025993	1.8056541893095326
156	18.494266076604596	2.163332667111522
157	17.51135210262506	1.054009889916803
158	18.75914249537756	2.517434430316992
159	17.885913171341613	1.3215604324232944
160	19.30533407232125	1.7713817963746428
161	19.56293437169261	1.8041041074693003
162	18.628238132654047	0.9156644351360386
163	18.604909240532503	2.329826582453744
164	19.281862880435785	2.5708809862879294
165	18.168961817341053	1.6691822564504215
166	19.328950863652597	1.4401602900790411
167	19.470762907628107	1.5671567224658918
168	18.92006922637867	1.2096710279159115
169	19.849016858290035	1.1785593825515104
170	19.34314675727894	1.5495462968370988
171	17.227560444446677	0.9621687882980814
172	15.736988356148514	1.6884491407326212
173	17.4378780358499	2.1558490523794345
174	16.040854135385754	1.705004006054239
175	18.98859083215535	1.6306369053963854
176	19.951322420923617	1.4817048153792869
177	19.746887193052796	1.3850173082684176
178	19.726994780390253	2.3934496523035005
179	18.969143537837557	2.3205533914723646
180	17.6292818992525	1.7525529282297725
181	18.31823814864427	1.1775488933064353
182	17.109499074359274	1.3772216655119314
183	18.397873613151205	1.7859137829728982
184	18.498052712925023	0.918085437194736
185	18.422310564973632	2.0686630202984753
186	18.66463444034508	1.4986379117591646
187	18.314964694161684	1.9087781493922549
188	17.82731456179265	1.537986803344897
189	17.0010521813404	0.9651109944238422
190	17.357361006543098	1.2809654930093601
191	16.69662110222683	1.3635094141876176
192	19.85331906419673	2.218441547360217
193	19.154825056403975	2.1038770184200426
194	17.255960226820253	1.101139608400754
195	16.909959633210416	2.383444606729297
196	17.607471334748546	2.0026643185070174
197	19.141277340121	2.3686275461604502
198	19.53031975319458	0.9607834977971219
199	17.07435462412907	1.0286038678574718
200	17.607542332185247	1.429417862106383
201	18.932334719583654	1.8979554447386722
202	19.911687955884226	1.2896694732261789
203	18.005891610048497	2.432216483374427
204	16.51850675730579	1.9559949098294105
205	18.228998525480357	2.1422102288386293
206	19.32056069522271	1.510346070018374
207	16.30956326772985	1.1142188275633533
208	16.88857873408185	1.8854026752564366
209	19.398437929535003	1.8822150781179543
210	18.362866908952604	1.7286788587954258
211	18.99498831256589	1.4939333801103043
212	17.009387436259804	2.264760608196038
213	17.404111260615785	1.8514886695569794
214	14.864826664928218	2.11454299990112
215	14.67621833600472	2.5607606401659
216	12.480056893497716	1.7914548337750436
217	13.20274008780095	0.93043133616038
218	15.569086720760396	2.48529652549438
219	17.60100070593105	2.1062058988215417
220	18.355842816495755	1.7355855209968112
221	17.446903484741103	1.0215859906402471
222	19.220143343389736	1.1986083578227051
223	19.830692400992003	2.1489902605345788
224	18.60090012876372	1.158122291954287
225	16.46321480099137	1.530665868306153
226	17.84355752696287	1.908384705035468
227	18.334220630857608	1.5368211439874262
228	18.628376298787106	0.9319021959571734
229	19.74750271550542	1.025276051331692
230	18.496811057907802	1.7089812059846312
231	18.319318007253447	1.9545769993865507
232	18.356944833854456	1.2360845986190319
233	19.7954793696618	1.4627220858741823
234	18.902083241247517	0.9721832784473393
235	17.613698169961282	1.5899237507857773
236	14.93022879135533	1.7529406082705186
237	16.12795413715624	2.3689045199145955
238	17.162485943481936	1.8546729914124773
239	18.49657540985829	1.4314955166242118
240	18.9242074722793	1.7649667189160254
241	19.335691509090626	1.6930622936755384
242	17.592688619185193	1.2855822073501826
243	18.52934372271084	2.377038690080851
244	18.181746186501325	1.146653307529315
245	16.246121716019264	2.0813719887038533
246	17.988587555327914	2.1936534532064433
247	19.936435045055244	2.3131082383310755
248	18.626773770681687	1.4412408121427456
249	17.269189736166012	2.6113157356416896
