TS	X	Y
0	0.5311766056971559	16.020543441656027
1	0.8289613784292386	15.721020194002225
2	1.3179839191060423	14.57180433813152
3	0.05528647630113426	16.084653656748262
4	0.8360920668620528	14.832964494350396
5	1.7967024174083892	14.598222039227705
6	2.573734956123096	14.848725179841907
7	2.966207629509668	14.573738041702878
8	2.707261732563871	15.75797512519734
9	4.561675466969185	15.245482232058945
10	2.2645353489634097	15.185318705494652
11	2.79274911217558	14.6049163446978
12	5.20451982781031	14.767563765086532
13	5.095709239130034	15.726949066666263
14	6.724925586583057	15.543014112979535
15	7.359583504191861	14.547861769541512
16	9.835210819849602	14.812981804947619
17	9.262515298682358	14.746463520399775
18	9.64850456856739	15.856656761414836
19	10.238515316887842	14.99061878045612
20	11.31516129747478	15.133744471010253
21	10.35357184454547	14.936310560630154
22	11.910636168633507	15.315037564057551
23	13.237310841028533	15.524685976243003
24	13.718201633070086	15.376668111663228
25	14.39049370763492	15.052348715566938
26	17.233959090204024	14.860619553537482
27	15.872315497614084	15.834169482150703
28	17.412053695250695	15.577999084533742
29	17.901535578021722	14.849076876501897
30	17.66149189849729	14.906700436857397
31	19.755924228369864	15.390472015274412
32	17.708286373347573	14.770745963048414
33	19.336730485548983	15.254188482525453
34	18.050773559981568	15.562903009993962
35	18.875396352515345	15.614172210240481
36	19.05142570749462	15.308984832663395
37	19.344406525653024	15.858723669894864
38	19.816367625347514	14.949770125676059
39	18.341538464812945	15.801668879498544
40	19.548140178864127	15.051138516414905
41	17.142131561509306	14.727357112844262
42	19.64929101605587	15.271247266266718
43	19.24968813072116	15.01675818527786
44	17.12123636812955	15.048012026624287
45	16.981291917608115	14.740927132169174
46	17.165820398026405	14.460613401079062
47	18.013246831058943	15.349336900499877
48	18.306629857356256	14.663038602919057
49	18.25795728080571	15.914352244449386
50	18.593419278353217	14.78427425627461
51	19.815763236824665	14.780886772797295
52	17.698386960508298	14.795562605357699
53	19.415806488348363	14.649144016648092
54	17.94670691448053	15.673813563744986
55	15.756054955160158	15.69259214729208
56	16.13190458575351	15.818774938896826
57	15.872200127074553	15.890462948210427
58	15.682344704861757	15.126728399619648
59	17.4548573347241	15.905291948057178
60	16.624037112477744	15.182574852746566
61	19.860779687208424	15.04089747019838
62	18.99793607077572	15.000302940756798
63	18.302754527109236	15.426649150011354
64	18.745123035097354	15.515780694431935
65	17.68601375953868	15.01990400034369
66	18.91804623826585	14.905157092930782
67	19.922635506157516	14.87637002201491
68	18.19723581001838	15.285296051461122
69	18.050184805010705	15.70514969025632
70	18.45349569895681	15.321190024065926
71	19.21667973342131	14.619157478898341
72	15.4655055807272	14.928288542545454
73	17.227518162534494	15.424810433704666
74	17.376547333172837	16.040346872666603
75	19.23932511973846	15.464406606543207
76	18.03467612410584	14.879346349682423
77	18.23714605920214	15.537672127245816
78	18.27636246531945	14.588502347206983
79	18.71134566779449	15.046491920178617
80	18.985318586630665	14.618669035713193
81	17.377768870369763	15.786622043935793
82	17.75082535840456	15.76557706471034
83	18.96442321876681	15.789181682505308
84	18.844321068156706	15.753742407683339
85	19.177560074312325	15.273364577941846
86	16.828572355438595	15.939069788972569
87	18.670306575056287	15.38623088765819
88	17.957447746561595	15.111186251590114
89	19.652489986901145	14.595098990918439
90	17.655543401576818	16.009598526830047
91	16.75364988307526	15.59752040768875
92	16.131957909483468	14.693636232085785
93	15.529362043569435	14.881399823348048
94	15.464797753851181	15.23801097386798
95	16.438198960030917	15.827536747651259
96	15.978387679110241	15.771828221617108
97	18.603071035566742	14.75221300338495
98	17.673043705454077	15.217424360331332
99	19.24769309916226	14.658787404838545
100	16.960460859890777	15.437386232619119
101	15.46994701778235	15.615511813015527
102	14.61412471786581	15.53661256163426
103	12.486834991661468	15.328050195434189
104	14.151416982703191	14.940655316433201
105	13.114801391728333	14.917053627724465
106	12.6659523574644	14.692109633285732
107	15.188601280343654	14.837427874812118
108	17.041025503987417	15.118426406853665
109	17.845684031610045	15.829939749551286
110	19.923959551541316	15.14210924665849
111	17.489387304010407	14.466646114470828
112	19.619686267481466	14.806484462767084
113	18.057093770844663	14.820438630389644
114	17.737082629266112	16.058484894960543
115	18.90195602404381	14.491159762392137
116	17.966674233939578	15.801358929888135
117	18.147686405546537	15.239773885720442
118	19.352663786054723	14.71378530635922
119	16.604455133690678	15.454728889645008
120	16.288766118274065	14.850267874354184
121	17.442139050614596	15.781356158750567
122	19.487968665679016	15.807562194546648
123	19.140045103400542	15.914429425047974
124	16.32503202830394	15.084267141932258
125	14.864285315007631	15.43148977304526
126	16.244099699270834	14.506461143968382
127	15.908229234289593	15.175771166772709
128	17.87695558842584	15.082576232338935
129	17.552994860678293	15.082653399067642
130	19.057257408639718	14.978580880588286
131	19.72969563607226	15.982777424265075
132	18.887401226400904	14.878173922944796
133	18.8218875583829	14.558434227353736
134	16.157922017777658	14.511559447012766
135	17.74079892606774	15.900296433846304
136	17.527467233836724	14.663128096781588
137	19.26677700146806	14.603828888621337
138	19.98425736970153	14.57563589078796
139	18.93536764998524	14.933960329645357
140	18.742507346479467	16.13327211959508
141	18.675831502002513	15.899011826990506
142	17.01855145175691	15.673943360807836
143	14.463209430561138	15.37972041114775
144	13.917023547379934	14.894152133772984
145	15.912940152063348	15.914695242256267
146	17.084306074242882	15.569976088944495
147	17.822248184586897	15.649028636730794
148	18.36762117251478	16.158862739892726
149	17.732458283008423	14.60859238759748
150	18.637432340860546	14.583743472299192
151	18.946671338485206	15.402287407524561
152	18.05816534299583	15.258588078057418
153	19.089823566714138	14.527060895688471
154	19.99843598024314	14.954077731337716
155	17.785358860700168	14.541177048864952
156	18.402757056014487	15.389904958288689
157	18.492380653027062	15.020695496915565
158	14.608695085979848	14.592091386435817
159	16.410208185731157	15.624458627445557
160	14.963597255190264	15.05250975503529
161	17.04715895467076	15.055629736153538
162	16.521057480050462	14.751896874128349
163	16.504333266620772	15.87443924205759
164	17.578740205590904	14.647715626028585
165	18.621928936511043	14.815646354137105
166	17.96047651071571	15.075745602808706
167	16.750327927666728	14.576703169714943
168	19.13643367482327	14.573351531563825
169	19.601765364418217	15.304998700726076
170	18.394594384030814	15.687265320705471
171	18.760454372120883	14.836823382465644
172	19.403309253261728	15.077100390475286
173	16.72582935304816	14.75106835797976
174	18.14869060918475	15.159890304620397
175	16.293672458206164	14.751610740452955
176	16.663490829895114	15.334999840006713
177	18.191731097305944	15.265075296271222
178	17.14589277463905	14.597367430567843
179	18.119848746973382	14.92946062188509
180	17.611984224963177	14.458497572766364
181	19.620771687678538	15.18391964642747
182	19.47521708587183	15.26436690550872
183	16.52956408380977	14.503743881071019
184	16.231046059997453	15.239573173535103
185	18.183760383287385	14.749396204405283
186	15.169298589319238	14.849337317775934
187	17.631772734514612	14.541451237311861
188	18.442039745349156	16.07695860866498
189	18.7078349841188	14.74625003979591
190	18.219450961319605	15.44355902096873
191	17.833434882916468	15.522827788600013
192	19.699826756809692	16.070976654938327
193	17.269143338612402	14.867496864994017
194	17.763032386944246	14.475497090384744
195	15.343200747641795	15.772482538829285
196	16.96451548277731	16.03004482328573
197	17.3687747356172	14.917846847823046
198	19.397642928216154	15.186916305328946
199	17.763597592277865	15.62669099691391
200	19.83179692888058	14.481495146669305
201	19.018237762077668	14.516545551584844
202	19.275087358994387	14.603170280301528
203	19.533682452120328	14.806795665012359
204	17.724030234358192	14.680524545711105
205	17.82066519441542	16.044946053754252
206	16.46063975206988	15.025700418223838
207	14.58296325603139	14.862223747115602
208	15.981396797964672	14.96880466824075
209	13.911826465833004	15.690584312044802
210	14.96275343306574	15.482957993900488
211	15.866480507028042	14.883137254190625
212	17.75202900690115	15.89436443070049
213	17.80004494822893	15.081356821227944
214	17.936739205647587	16.09133946664036
215	18.218005812585012	15.156094473077955
216	18.186869859647416	14.84503732759292
217	19.340135004129397	15.866128205304033
218	19.212979050650663	14.872281431612326
219	19.83474303875666	15.462577132172537
220	19.14571275506222	14.463768358726606
221	17.9016652290794	14.750791202459146
222	18.288493865507384	15.446591894108021
223	19.66337897112586	15.669184189122022
224	19.49553483175592	15.279508395324537
225	17.15164810357501	14.846758407100202
226	19.7834622858935	15.593007142549055
227	19.8185670533315	14.563934973859302
228	17.26109733340146	16.01466336973365
229	16.95573827703385	15.26005012406812
230	15.285879747123253	14.754766204312114
231	17.182348598796132	14.807247693386392
232	16.678236816659023	14.981889030353456
233	17.774418622125314	14.73129064705128
234	18.683716522504977	15.33590906053753
235	18.48183340855119	14.46704509695184
236	18.665626975061993	15.759362455906803
237	18.559921442883844	15.293795332650305
238	16.98372851992058	14.97759730767209
239	19.385957299841696	15.061386114305218
240	18.431977282899172	15.321181799618891
241	19.513050205861035	15.623600439148039
242	18.864285857657546	15.514469633672487
243	16.084625041497034	15.334901762640703
244	17.036905151543753	15.44388208034731
245	18.31699075651786	15.832053783369366
246	19.1640590206121	15.392819317167401
247	18.555575469764214	15.442903182875542
248	18.057064335550233	15.360894791391226
249	17.781726200171875	15.142243278721892
