TS	X	Y
0	1.2391476311298966	7.3034159095933235
1	0.29877694583710934	7.7857843747199915
2	1.1229545837419066	8.469311768264697
3	0.7073767763879487	7.580432834296738
4	2.7274051911248147	7.338950235669819
5	2.4137704313823374	7.250901308146114
6	3.695942870582355	7.273201699961447
7	5.28602671850127	7.312776643815096
8	3.683803875058062	8.179753664005606
9	6.502295510610086	8.204902671157239
10	7.554098523430771	8.317237350239276
11	7.694071452729306	8.499077221519242
12	9.463844166539266	8.133636785539014
13	8.594955080731102	8.715512372815642
14	10.425068686105531	7.961276018399939
15	11.322541122224255	7.193379220860399
16	11.698858489527417	7.339677649116516
17	12.404859943342446	8.24293559217995
18	11.790973955480919	8.180447243118953
19	14.074897051761795	7.455025265028958
20	14.754565732570702	7.692180136398195
21	14.055437259915816	8.567678253671577
22	15.78198506808119	7.961151939835074
23	15.69751692727437	8.601017801402447
24	16.749088072704435	8.037538740681843
25	19.20532795444978	7.268096878516294
26	18.434932837144505	7.503481481871349
27	19.80717235818327	8.389474770523659
28	18.961209468969166	8.507236214502221
29	19.779490544339804	7.728959077642478
30	18.70668675085215	8.552416483012344
31	19.07501934476418	7.129066277085166
32	18.6679182532016	7.929992357437512
33	18.019918428654616	7.96341785702123
34	17.633638924062584	8.45841810959153
35	17.74539372560532	8.0049980547493
36	18.308603598498607	7.8723552922651905
37	17.875587162945948	7.163545685835479
38	18.157060173644716	8.1431615365312
39	17.251724911648097	8.14040583161264
40	17.4957135589055	7.129081663714882
41	18.5919003220972	7.267336521381255
42	18.391930308200394	8.137663367181286
43	18.261200073531874	7.470332448505623
44	19.16923930083488	8.273963621266741
45	19.614194166440797	7.775836688730656
46	17.337268135864186	7.196115310815162
47	17.21834725179911	8.676596978375393
48	16.68682423118515	7.538531775362396
49	16.21756884829979	7.424940030012426
50	16.137919433137714	8.011363614766578
51	19.468068237897203	7.382454125220531
52	18.412318396703167	8.099411789284488
53	18.52099038052055	8.408111352756872
54	19.188874216437455	8.606068080832017
55	18.095548647006094	7.7864329350795245
56	16.93056498111638	7.3397036542408856
57	19.165350809015585	7.397486365489735
58	19.845275259028703	8.426396341304251
59	17.75239347026615	7.183172526061522
60	17.945030262744897	8.75723097496152
61	15.490663325678865	8.295959843063285
62	16.099495432836694	8.548086896709151
63	16.493245727051047	8.641154228337614
64	16.932983209064446	8.41685129954188
65	17.749411841729245	7.665818333376659
66	18.261229625239316	8.078663147074627
67	18.59756922031423	8.002117331272391
68	18.63940430897221	8.349120792909492
69	19.73584208460328	8.794177995112452
70	17.858923441390615	8.023728848447746
71	16.495915879204073	8.19095579945167
72	16.594113322112207	7.563150670198313
73	16.03948298484933	8.207401231661375
74	13.54791379239766	7.876070255100533
75	14.647931037259312	7.716036592082409
76	15.897249296840105	7.15017131986114
77	15.29036200135102	8.282802724252758
78	16.820136321895216	7.5592115976314185
79	18.52140054241655	8.22053090645635
80	19.095795899427184	7.1975975441201925
81	18.51365694533849	8.498302071078022
82	17.35381038673723	7.946057772668644
83	17.556383866203916	8.26827967971283
84	18.834240826305095	8.73240168617471
85	18.185274617434022	7.23807628626949
86	18.878860521915517	8.6473598166276
87	18.011681266276266	7.146698669924278
88	19.4001027028784	8.129280158661452
89	19.237472779603294	7.604343110631204
90	19.91257273758299	8.185585648248967
91	18.975111259470626	7.605305523199907
92	18.642495836865056	8.678337870096652
93	19.623109127913352	7.390539943120579
94	19.431286813097515	8.197998818665692
95	18.135573373730605	8.56915246837958
96	19.457497549560554	8.647063424553119
97	19.330861563421493	8.670376793725076
98	17.33850850859346	8.127494787886876
99	17.15578678782701	7.204622873496954
100	16.253326524954065	7.6795297797777895
101	15.448455167059992	8.49826717301076
102	16.695977527813994	8.367440055285062
103	17.030109593233007	7.302058831029544
104	16.85694063458309	8.261458971151487
105	18.437385987704484	8.479171251645184
106	18.50184637002669	7.346657575232245
107	18.38686812915557	7.315299188625582
108	19.014707613056157	7.844317989613404
109	17.641057951227914	8.388117840425213
110	19.97395309290644	7.158746647557318
111	18.62210056833327	7.596916931397285
112	17.588273535798926	8.287191285066797
113	19.47831570823016	7.207324989008955
114	18.368038530070024	8.182385300564142
115	18.96560889713286	7.191946239593367
116	16.963726781988164	7.813199424886781
117	19.05442395663718	8.646469322091024
118	19.778298734137156	8.585769557608327
119	19.06141880745698	7.925786866438395
120	16.793518180483463	7.127402396755433
121	17.215167099341755	7.958176872891027
122	17.220989205011275	7.2762095988552415
123	16.445812919301908	7.20361535268586
124	18.25222535002228	7.321763754154472
125	17.914700454559537	8.619857932545887
126	18.915799425343053	8.074767260183304
127	19.15579214949486	8.102021015871738
128	17.876414346877603	7.35774737299851
129	18.1624139072042	8.266297777795371
130	17.799699585598628	7.864164606219377
131	16.480750647617562	7.442412556894787
132	17.34282303358222	8.504564692685616
133	17.407203410077248	7.493980617145896
134	17.290559963278174	7.170881402153676
135	18.523250364274748	7.140011729115452
136	18.774505412767315	8.077415095064577
137	18.658291457980713	7.4361349007348245
138	17.732099470332212	7.873851902909584
139	19.105633086576194	8.589971257204951
140	16.371117160445717	7.683709796417266
141	18.133837315390682	8.323682069881011
142	19.266672629874886	7.944996780409774
143	18.40009045286983	7.725765777017323
144	18.148472896567974	7.563899510120377
145	19.219400446460163	8.694619597290938
146	18.158894039916948	7.469978448786009
147	16.76525319538328	7.940725849505319
148	15.544935745479792	8.419038495014629
149	16.97842553437761	8.783220091046303
150	19.886204195670395	7.541061686715622
151	18.158764432396655	8.550191467994965
152	16.166178769968663	7.197283725863416
153	17.03775596370386	7.4797800842856
154	18.447123602829617	7.240605379300082
155	18.646539595194238	8.619476610301179
156	19.560504478912247	8.591143493267111
157	18.662943941362222	7.376977088820181
158	19.33771066481985	7.3064198557867
159	17.287735995166074	7.552405940074738
160	16.80317551705651	8.449545948239873
161	16.468052765276333	7.414239224102932
162	17.259592213253114	8.685989032073339
163	19.66083405854982	7.7680774776580215
164	18.38125696153015	7.5371246139749495
165	18.811751690865098	7.499707677370329
166	17.23386269209887	7.606558877698231
167	17.07224875926258	7.557927613647475
168	18.99577626355347	7.546887574435428
169	19.688766607712363	8.430460495318847
170	19.36550173518635	8.678667698595621
171	17.668866291231286	7.150536683748972
172	19.691592845130668	7.651206192361075
173	15.896798355967222	7.375280426552445
174	15.678630845570567	8.658219674812493
175	14.280492253526809	8.288716096475385
176	11.566680768571178	7.761880525364991
177	14.126898732179212	7.993933858252737
178	13.146640328970008	7.1831772320182745
179	15.151515495935033	7.34551298240396
180	18.466661818213083	7.425481733800536
181	18.0675342488068	7.722414520215393
182	19.52987237680231	8.283935271081099
183	19.487217595435087	7.171072763283093
184	17.394109695996733	7.744818639793382
185	18.836807360421027	7.52358410308392
186	17.327084284988015	7.168964046015371
187	19.75721342456704	7.324060480968401
188	17.739023153812735	7.228589188543206
189	17.806692681154022	7.8886891616446615
190	16.640920793789224	7.4510189347052584
191	15.067740592040225	8.44530852533348
192	15.672203101544557	8.697355526926648
193	17.166995385770594	8.17975814996766
194	18.12595056904608	7.583673565193562
195	17.415583931471808	7.491251104089032
196	18.83054793104245	7.762420695088185
197	18.42368624813859	7.836808844426888
198	17.284442823683865	7.5913086968681185
199	17.244791367434726	7.880790092710462
200	17.890445743792757	8.147481141107832
201	17.824903408159194	8.510272975561719
202	19.034849138705205	7.511879668055505
203	16.97442092924151	7.282543232324727
204	18.918518340780892	8.061051470235599
205	15.910095434403694	8.310686215915794
206	17.98824239753603	7.213103113344968
207	18.72521414421479	8.639955012868967
208	18.233450516808215	7.337325780590554
209	18.621598385442258	8.486314005753526
210	16.59913345860193	7.155820178505544
211	17.138428116183682	8.282882789755929
212	17.355388869430406	8.581432626153145
213	18.36270606199574	8.162371301453444
214	18.946291726506203	7.547864300654244
215	19.12151973897078	8.74603030562498
216	19.832865535903014	8.061524162686057
217	17.793070811484217	7.504335202809585
218	19.904186690890388	8.184738576064932
219	18.944329442899264	7.9393786790990335
220	19.143619511363294	7.617016213389587
221	17.576773944839676	7.904608431483502
222	16.653306444766663	8.638646921185876
223	17.381395961937017	8.246073437411841
224	19.531751882493644	7.870886805539673
225	18.957358701992604	8.426918222065803
226	18.74475928727845	7.534149111690024
227	18.355899724315524	7.7017570052369555
228	19.5213159058265	7.457260012350063
229	17.444579707763218	8.043757930312024
230	16.73480171823332	8.418914017315533
231	17.036036183819668	8.582476898485258
232	18.6943927314002	7.724981511954313
233	19.69564360350191	7.539949401437896
234	17.113254830453872	7.533382550871074
235	17.29533670405059	7.583989381573224
236	18.201372774781568	7.842889114654692
237	18.776941041817732	8.052673256538437
238	19.677531186571045	7.73895747143351
239	17.84508074774254	8.488119933782285
240	19.065471714256237	7.393611707280853
241	18.81734782185951	7.613246151192184
242	17.769517865875493	7.719130796059642
243	18.170386248508617	8.787061824696194
244	16.44168935947504	7.791675550609617
245	18.17959136381432	7.232352822328934
246	17.417692127435338	7.239707961330227
247	17.592147738887412	7.433560382101118
248	18.794137284338753	8.530383501131046
249	17.696494115056556	7.322580130522642
