EpNum	EpSteps	Reward	ener	dist	NumCovTargets
1	4	87	80.80000000000001	0.0	10
2	25	41.0	920.434631460406	0.0	10
3	21	-8.0	796.5564209736041	0.0	10
4	15	17.0	420.617315730203	0.0	10
5	3	72.0	71.2	0.0	10
6	1	90	52.0	0.0	10
7	16	75	535.878210486802	0.0	10
8	12	37.0	434.2173157302029	0.0	10
9	5	86	154.33910524340098	0.0	10
10	6	85	163.93910524340095	0.0	10
11	37	55	1227.4519471906087	0.0	10
12	3	88	199.0782104868019	0.0	10
13	4	26.0	144.73910524340096	0.0	10
14	1	90	52.0	0.0	10
15	14	26.0	601.478210486802	0.0	10
16	11	80	424.6173157302029	0.0	10
17	46	-36.0	1631.5128419472073	0.0	9
18	22	1.0	700.4955262170049	0.0	10
19	5	18.0	90.4	0.0	10
20	18	6.0	555.078210486802	0.0	10
21	46	-42.0	1887.9474734076125	0.0	4
22	1	90	52.0	0.0	10
23	23	68	836.6173157302029	0.0	10
24	7	69.0	300.73910524340096	0.0	10
25	5	86	90.4	0.0	10
26	6	77.0	206.33910524340095	0.0	10
27	6	5.0	57.60000000000001	0.0	10
28	1	90	52.0	0.0	10
29	7	84	301.41731573020286	0.0	10
30	30	63	926.034631460406	0.0	10
31	8	6.0	119.19999999999999	0.0	10
32	1	90	52.0	0.0	10
33	8	15.0	119.20000000000002	0.0	10
34	4	80.0	208.6782104868019	0.0	10
35	42	51	1572.2519471906085	0.0	10
36	6	85	163.93910524340095	0.0	10
37	12	62.0	539.878210486802	0.0	10
38	2	89	125.53910524340095	0.0	10
39	23	16.0	730.956420973604	0.0	10
40	11	63.0	510.0955262170049	0.0	10
41	1	90	52.0	0.0	10
42	29	55.0	1022.095526217005	0.0	10
43	1	90	52.0	0.0	10
44	46	16	1589.1128419472068	0.0	7
45	29	48.0	1277.8519471906086	0.0	10
46	32	44.0	901.4782104868024	0.0	10
47	7	84	194.4	0.0	10
48	1	90	52.0	0.0	10
49	1	90	52.0	0.0	10
50	7	31.0	237.47821048680188	0.0	10
51	3	9.0	28.800000000000004	0.0	10
52	2	81.0	61.6	0.0	10
53	35	4.0	1122.773736703807	0.0	10
54	1	90	52.0	0.0	10
55	1	90	52.0	0.0	10
56	12	10.0	199.99999999999997	0.0	10
57	5	87	175.2	0.0	10
58	1	90	52.0	0.0	10
59	27	47.0	578.2173157302033	0.0	10
60	46	12.0	1504.9910524340091	0.0	9
61	4	52.0	144.73910524340096	0.0	10
62	46	-21.0	1249.9128419472074	0.0	6
63	4	44.0	80.80000000000001	0.0	10
64	14	52.0	602.1564209736039	0.0	10
65	27	15.0	833.2955262170051	0.0	10
66	1	90	52.0	0.0	10
67	25	-13.0	579.8782104868021	0.0	10
68	11	81	360.6782104868019	0.0	10
69	5	86	90.4	0.0	10
70	6	70.0	312.6782104868019	0.0	10
71	3	88	71.2	0.0	10
72	31	44.0	956.4955262170051	0.0	10
73	3	80.0	135.13910524340096	0.0	10
74	5	86	239.13910524340093	0.0	10
75	34	59	1580.9301576774099	0.0	10
76	1	90	52.0	0.0	10
77	3	45.0	71.2	0.0	10
78	37	12.0	1312.2519471906085	0.0	10
79	2	89	61.6	0.0	10
80	41	34.0	1201.234631460405	0.0	10
81	12	21.0	455.078210486802	0.0	10
82	46	-10.0	1568.251947190608	0.0	7
83	46	-25.0	1354.895526217004	0.0	9
84	4	45.0	80.80000000000001	0.0	10
85	10	82	329.53910524340097	0.0	10
86	26	6.0	759.7564209736041	0.0	10
87	21	55.0	1009.9128419472078	0.0	10
88	2	89	61.6	0.0	10
89	3	88	71.2	0.0	10
90	2	89	125.53910524340095	0.0	10
91	25	16.0	877.356420973604	0.0	10
92	3	88	199.0782104868019	0.0	10
93	11	55.0	403.07821048680194	0.0	10
94	19	66.0	820.4346314604059	0.0	10
95	36	-5.0	1025.3564209736041	0.0	10
96	1	90	52.0	0.0	10
97	4	44.0	144.73910524340096	0.0	10
98	2	89	61.6	0.0	10
99	33	-12.0	1316.2519471906087	0.0	10
100	46	-35.0	1292.3128419472075	0.0	9
101	2	89	61.6	0.0	10
102	3	88	71.2	0.0	10
103	1	90	52.0	0.0	10
104	5	86	218.27821048680192	0.0	10
105	46	-46	1673.2346314604051	0.0	1
106	30	55.0	1457.7301576774103	0.0	10
107	27	49.0	832.6173157302031	0.0	10
108	18	14.0	598.156420973604	0.0	10
109	5	86	175.2	0.0	10
110	1	90	52.0	0.0	10
111	4	80.0	165.6	0.0	10
112	40	53	1468.93015767741	0.0	10
113	4	87	208.6782104868019	0.0	10
114	2	89	61.6	0.0	10
115	27	13.0	770.034631460406	0.0	10
116	46	-36.0	1653.7301576774096	0.0	9
117	2	89	61.6	0.0	10
118	2	89	61.6	0.0	10
119	1	90	52.0	0.0	10
120	18	66.0	810.8346314604058	0.0	10
121	5	86	90.4	0.0	10
122	4	62.0	80.80000000000001	0.0	10
123	6	85	163.93910524340095	0.0	10
124	3	89	156.0	0.0	10
125	21	72	966.156420973604	0.0	10
126	1	90	52.0	0.0	10
127	5	86	218.2782104868019	0.0	10
128	23	62.0	709.4173157302031	0.0	10
129	33	16.0	933.2955262170051	0.0	10
130	10	74.0	265.59999999999997	0.0	10
131	2	81.0	61.6	0.0	10
132	1	90	52.0	0.0	10
133	1	90	52.0	0.0	10
134	34	5.0	1240.3737367038063	0.0	10
135	6	69.0	248.73910524340093	0.0	10
136	4	88	229.53910524340097	0.0	10
137	18	32.0	406.339105243401	0.0	10
138	2	89	125.53910524340095	0.0	10
139	3	88	71.2	0.0	10
140	1	90	52.0	0.0	10
141	46	-46	1122.034631460406	0.0	1
142	3	88	135.13910524340096	0.0	10
143	46	0.0	1760.0692629208104	0.0	8
144	46	36	1185.2955262170049	0.0	9
145	4	18.0	80.80000000000001	0.0	10
146	29	64	1298.7128419472076	0.0	10
147	11	65.0	403.07821048680194	0.0	10
148	44	41.0	1762.4083681642112	0.0	10
149	4	80.0	165.6	0.0	10
150	1	90	52.0	0.0	10
151	3	63.0	71.2	0.0	10
152	20	73	893.295526217005	0.0	10
153	3	88	199.0782104868019	0.0	10
154	46	37	1738.5301576774093	0.0	9
155	1	90	52.0	0.0	10
156	8	84	331.8782104868019	0.0	10
157	2	72.0	61.6	0.0	10
158	32	60	1094.651947190609	0.0	10
159	43	49	1028.6173157302032	0.0	10
160	5	79.0	175.2	0.0	10
161	5	7.0	48.00000000000001	0.0	10
162	2	89	61.6	0.0	10
163	5	26.0	90.4	0.0	10
164	2	89	125.53910524340095	0.0	10
165	3	54.0	71.2	0.0	10
166	2	89	125.53910524340095	0.0	10
167	24	28.0	825.356420973604	0.0	10
168	4	87	165.6	0.0	10
169	3	88	71.2	0.0	10
170	2	63.0	61.6	0.0	10
171	1	90	52.0	0.0	10
172	6	60.0	142.39999999999998	0.0	10
173	3	71.0	135.13910524340096	0.0	10
174	2	89	61.6	0.0	10
175	2	54.0	61.6	0.0	10
176	20	49.0	595.1391052434011	0.0	10
177	5	86	239.13910524340096	0.0	10
178	8	68.0	395.8173157302029	0.0	10
179	2	89	61.6	0.0	10
180	2	89	61.6	0.0	10
181	2	63.0	61.6	0.0	10
182	3	88	71.2	0.0	10
183	1	90	52.0	0.0	10
184	6	77.0	248.73910524340096	0.0	10
185	7	84	386.2173157302029	0.0	10
186	1	90	52.0	0.0	10
187	1	90	52.0	0.0	10
188	6	79.0	312.67821048680196	0.0	10
189	4	87	165.6	0.0	10
190	20	47.0	659.078210486802	0.0	10
191	2	89	125.53910524340095	0.0	10
192	5	71.0	260.6782104868019	0.0	10
193	2	45.0	61.6	0.0	10
194	7	85	300.73910524340096	0.0	10
195	19	40.0	841.2955262170049	0.0	10
196	11	56.0	360.67821048680196	0.0	10
197	4	54.0	80.80000000000001	0.0	10
198	3	88	156.0	0.0	10
199	1	90	52.0	0.0	10
200	3	88	71.2	0.0	10
201	3	63.0	71.2	0.0	10
202	5	9.0	48.00000000000001	0.0	10
203	1	90	52.0	0.0	10
204	4	9.0	38.400000000000006	0.0	10
205	1	90	52.0	0.0	10
206	46	27	1716.991052434009	0.0	8
207	2	89	61.6	0.0	10
208	16	50.0	706.1564209736039	0.0	10
209	2	89	61.6	0.0	10
210	8	75.0	352.739105243401	0.0	10
211	41	1.0	1436.1301576774097	0.0	10
212	17	74	567.017315730203	0.0	10
213	46	35	1419.5128419472073	0.0	9
214	40	0.0	1064.4346314604056	0.0	10
215	25	68	856.4955262170049	0.0	10
216	2	89	61.6	0.0	10
217	8	83	247.07821048680188	0.0	10
218	14	77	410.339105243401	0.0	10
219	3	89	156.0	0.0	10
220	4	26.0	166.27821048680192	0.0	10
221	1	90	52.0	0.0	10
222	1	90	52.0	0.0	10
223	9	5.0	128.8	0.0	10
224	6	86	184.8	0.0	10
225	26	59.0	993.295526217005	0.0	10
226	4	62.0	208.6782104868019	0.0	10
227	5	87	239.13910524340096	0.0	10
228	2	89	61.6	0.0	10
229	3	36.0	71.2	0.0	10
230	6	61.0	184.8	0.0	10
231	3	9.0	28.800000000000004	0.0	10
232	4	87	80.80000000000001	0.0	10
233	1	90	52.0	0.0	10
234	3	89	156.0	0.0	10
235	2	89	61.6	0.0	10
236	2	89	61.6	0.0	10
237	1	90	52.0	0.0	10
238	8	84	289.4782104868019	0.0	10
239	1	90	52.0	0.0	10
240	12	81	497.4782104868019	0.0	10
241	46	16	1632.191052434009	0.0	7
242	3	88	71.2	0.0	10
243	1	90	52.0	0.0	10
244	6	86	184.79999999999998	0.0	10
245	1	90	52.0	0.0	10
246	6	77.0	184.79999999999998	0.0	10
247	46	-8.0	1546.7128419472072	0.0	9
248	5	86	154.33910524340095	0.0	10
249	1	90	52.0	0.0	10
250	2	63.0	61.6	0.0	10
251	22	54.0	742.8955262170049	0.0	10
252	2	81.0	61.6	0.0	10
253	1	90	52.0	0.0	10
254	5	52.0	132.79999999999998	0.0	10
255	4	87	144.73910524340096	0.0	10
256	2	89	61.6	0.0	10
257	11	81	445.4782104868019	0.0	10
258	1	90	52.0	0.0	10
259	2	89	61.6	0.0	10
260	8	75.0	183.13910524340096	0.0	10
261	1	90	52.0	0.0	10
262	1	90	52.0	0.0	10
263	7	26.0	109.6	0.0	10
264	40	17.0	1341.7301576774103	0.0	10
265	1	90	52.0	0.0	10
266	44	22.0	1123.6955262170052	0.0	10
267	3	80.0	135.13910524340096	0.0	10
268	1	90	52.0	0.0	10
269	46	-46	1504.3128419472062	0.0	1
270	4	54.0	80.80000000000001	0.0	10
271	3	88	156.0	0.0	10
272	2	89	61.6	0.0	10
273	42	43.0	1231.0173157302027	0.0	10
274	7	17.0	131.13910524340096	0.0	10
275	3	88	71.2	0.0	10
276	13	54.0	379.8782104868019	0.0	10
277	3	80.0	113.6	0.0	10
278	33	59	1230.7737367038067	0.0	10
279	3	63.0	71.2	0.0	10
280	2	89	61.6	0.0	10
281	15	60.0	271.2	0.0	10
282	29	3.0	1255.6346314604057	0.0	10
283	3	80.0	135.13910524340096	0.0	10
284	2	89	61.6	0.0	10
285	3	80.0	113.6	0.0	10
286	5	7.0	48.00000000000001	0.0	10
287	3	8.0	28.800000000000004	0.0	10
288	1	90	52.0	0.0	10
289	1	90	52.0	0.0	10
290	10	56.0	351.07821048680194	0.0	10
291	2	89	61.6	0.0	10
292	5	9.0	48.00000000000001	0.0	10
293	41	-28.0	1648.1301576774094	0.0	10
294	31	62	1381.851947190608	0.0	10
295	1	90	52.0	0.0	10
296	2	89	61.6	0.0	10
297	2	89	61.6	0.0	10
298	15	43.0	504.73910524340096	0.0	10
299	2	89	61.6	0.0	10
300	5	61.0	90.4	0.0	10
301	2	89	61.6	0.0	10
302	3	88	135.13910524340096	0.0	10
303	5	86	154.33910524340095	0.0	10
304	30	28.0	1096.312841947208	0.0	10
305	5	86	218.2782104868019	0.0	10
306	9	82	426.2782104868019	0.0	10
307	2	89	125.53910524340095	0.0	10
308	28	31.0	863.0782104868023	0.0	10
309	7	85	194.39999999999998	0.0	10
310	5	86	175.2	0.0	10
311	10	30.0	202.33910524340095	0.0	10
312	2	54.0	61.6	0.0	10
313	5	44.0	175.2	0.0	10
314	3	88	71.2	0.0	10
315	2	89	61.6	0.0	10
316	3	36.0	71.2	0.0	10
317	8	84	395.8173157302029	0.0	10
318	38	29.0	1193.9737367038072	0.0	10
319	2	89	61.6	0.0	10
320	10	2.0	393.478210486802	0.0	10
321	4	87	80.80000000000001	0.0	10
322	3	9.0	28.800000000000004	0.0	10
323	2	89	61.6	0.0	10
324	7	26.0	237.4782104868019	0.0	10
325	4	79.0	187.13910524340096	0.0	10
326	3	8.0	28.800000000000004	0.0	10
327	2	89	61.6	0.0	10
328	46	11.0	1697.4865786510134	0.0	9
329	7	77.0	236.8	0.0	10
330	4	8.0	38.400000000000006	0.0	10
331	1	90	52.0	0.0	10
332	5	79.0	132.8	0.0	10
333	3	9.0	28.800000000000004	0.0	10
334	9	83	468.6782104868019	0.0	10
335	2	89	125.53910524340095	0.0	10
336	12	30.0	391.139105243401	0.0	10
337	1	90	52.0	0.0	10
338	6	77.0	100.0	0.0	10
339	2	89	61.6	0.0	10
340	3	63.0	71.2	0.0	10
341	12	46.0	604.4955262170048	0.0	10
342	6	61.0	270.2782104868019	0.0	10
343	4	87	80.80000000000001	0.0	10
344	10	31.0	180.79999999999998	0.0	10
345	2	63.0	61.6	0.0	10
346	8	68.0	395.139105243401	0.0	10
347	3	63.0	113.6	0.0	10
348	2	89	61.6	0.0	10
349	10	20.0	435.87821048680195	0.0	10
350	9	83	256.0	0.0	10
351	9	74.0	277.539105243401	0.0	10
352	4	36.0	123.2	0.0	10
353	7	84	279.8782104868019	0.0	10
354	11	29.0	551.8173157302028	0.0	10
355	6	61.0	269.6	0.0	10
356	26	41.0	865.4173157302031	0.0	10
357	6	25.0	184.8	0.0	10
358	5	62.0	175.2	0.0	10
359	5	86	90.4	0.0	10
360	8	83	331.87821048680195	0.0	10
361	5	26.0	175.2	0.0	10
362	6	86	333.53910524340097	0.0	10
363	2	89	61.6	0.0	10
364	3	88	71.2	0.0	10
365	4	80.0	165.6	0.0	10
366	27	40.0	790.2173157302032	0.0	10
367	6	44.0	184.8	0.0	10
368	46	36	1632.8692629208103	0.0	9
369	3	88	135.13910524340096	0.0	10
370	5	62.0	132.79999999999998	0.0	10
371	6	43.0	248.73910524340096	0.0	10
372	4	62.0	165.6	0.0	10
373	5	86	154.33910524340095	0.0	10
374	3	88	71.2	0.0	10
375	5	45.0	90.4	0.0	10
376	2	89	61.6	0.0	10
377	2	54.0	61.6	0.0	10
378	2	89	61.6	0.0	10
379	3	88	135.13910524340096	0.0	10
380	2	81.0	61.6	0.0	10
381	1	90	52.0	0.0	10
382	5	86	90.4	0.0	10
383	8	41.0	310.339105243401	0.0	10
384	5	79.0	175.2	0.0	10
385	5	86	239.13910524340096	0.0	10
386	7	86	343.139105243401	0.0	10
387	1	90	52.0	0.0	10
388	1	90	52.0	0.0	10
389	1	90	52.0	0.0	10
390	4	90	208.0	0.0	10
391	1	90	52.0	0.0	10
392	46	37	1290.9564209736031	0.0	9
393	3	88	71.2	0.0	10
394	2	89	61.6	0.0	10
395	7	87	343.139105243401	0.0	10
396	3	89	156.0	0.0	10
397	2	89	61.6	0.0	10
398	5	27.0	132.8	0.0	10
399	2	89	61.6	0.0	10
400	2	89	125.53910524340095	0.0	10
401	4	72.0	123.2	0.0	10
402	1	90	52.0	0.0	10
403	5	78.0	175.2	0.0	10
404	7	86	322.2782104868019	0.0	10
405	46	29.0	1567.573736703806	0.0	9
406	3	88	71.2	0.0	10
407	2	89	61.6	0.0	10
408	5	35.0	132.79999999999998	0.0	10
409	6	53.0	269.6	0.0	10
410	7	23.0	279.8782104868019	0.0	10
411	1	90	52.0	0.0	10
412	4	45.0	165.6	0.0	10
413	2	89	61.6	0.0	10
414	2	72.0	61.6	0.0	10
415	3	88	71.2	0.0	10
416	3	27.0	71.2	0.0	10
417	7	59.0	258.3391052434009	0.0	10
418	5	86	175.2	0.0	10
419	1	90	52.0	0.0	10
420	2	89	125.53910524340095	0.0	10
421	5	88	260.0	0.0	10
422	1	90	52.0	0.0	10
423	5	52.0	217.6	0.0	10
424	14	79	729.3564209736038	0.0	10
425	10	12.0	266.27821048680187	0.0	10
426	2	63.0	61.6	0.0	10
427	5	44.0	175.2	0.0	10
428	5	35.0	90.4	0.0	10
429	9	22.0	299.07821048680194	0.0	10
430	2	89	61.6	0.0	10
431	4	87	144.73910524340096	0.0	10
432	35	13.0	1058.156420973604	0.0	10
433	2	89	61.6	0.0	10
434	2	89	61.6	0.0	10
435	4	63.0	165.6	0.0	10
436	15	68.0	419.93910524340106	0.0	10
437	6	86	248.73910524340096	0.0	10
438	4	87	80.80000000000001	0.0	10
439	21	55.0	838.9564209736039	0.0	10
440	11	82	423.93910524340095	0.0	10
441	2	9.0	19.200000000000003	0.0	10
442	3	45.0	71.2	0.0	10
443	8	16.0	203.99999999999997	0.0	10
444	24	60.0	931.0173157302031	0.0	10
445	3	88	156.0	0.0	10
446	3	88	71.2	0.0	10
447	8	84	373.6	0.0	10
448	3	63.0	113.6	0.0	10
449	26	58.0	781.2955262170051	0.0	10
450	4	27.0	123.2	0.0	10
451	3	54.0	71.2	0.0	10
452	4	87	80.80000000000001	0.0	10
453	5	45.0	90.4	0.0	10
454	2	89	125.53910524340095	0.0	10
455	10	65.0	265.59999999999997	0.0	10
456	46	35	994.1564209736043	0.0	9
457	9	57.0	319.939105243401	0.0	10
458	2	81.0	61.6	0.0	10
459	2	89	61.6	0.0	10
460	3	63.0	71.2	0.0	10
461	2	89	61.6	0.0	10
462	2	89	61.6	0.0	10
463	2	89	61.6	0.0	10
464	42	15.0	1381.1128419472075	0.0	10
465	3	88	71.2	0.0	10
466	2	89	61.6	0.0	10
467	8	24.0	203.99999999999997	0.0	10
468	38	30.0	1618.6519471906083	0.0	10
469	1	90	52.0	0.0	10
470	3	27.0	71.2	0.0	10
471	46	11.0	1760.0692629208102	0.0	9
472	6	69.0	312.6782104868019	0.0	10
473	4	54.0	80.80000000000001	0.0	10
474	3	88	71.2	0.0	10
475	4	62.0	165.6	0.0	10
476	2	89	61.6	0.0	10
477	6	85	163.93910524340095	0.0	10
478	6	34.0	227.87821048680195	0.0	10
479	3	88	71.2	0.0	10
480	2	89	61.6	0.0	10
481	4	87	144.73910524340096	0.0	10
482	6	43.0	227.2	0.0	10
483	4	87	165.6	0.0	10
484	2	89	61.6	0.0	10
485	2	89	61.6	0.0	10
486	2	89	61.6	0.0	10
487	2	89	61.6	0.0	10
488	7	42.0	279.8782104868019	0.0	10
489	5	86	90.4	0.0	10
490	6	69.0	206.33910524340095	0.0	10
491	2	89	61.6	0.0	10
492	4	71.0	80.80000000000001	0.0	10
493	3	63.0	113.6	0.0	10
494	4	71.0	123.19999999999999	0.0	10
495	3	9.0	28.800000000000004	0.0	10
496	17	42.0	779.6955262170048	0.0	10
497	38	46.0	1192.6173157302026	0.0	10
498	2	89	61.6	0.0	10
499	6	34.0	269.6	0.0	10
500	5	86	175.2	0.0	10
501	1	90	52.0	0.0	10
502	3	80.0	135.13910524340096	0.0	10
503	1	90	52.0	0.0	10
504	3	90	156.0	0.0	10
505	4	89	208.0	0.0	10
506	7	88	364.0	0.0	10
507	4	88	165.6	0.0	10
508	3	88	135.13910524340096	0.0	10
509	5	79.0	239.13910524340096	0.0	10
510	4	71.0	165.6	0.0	10
511	3	88	71.2	0.0	10
512	3	89	156.0	0.0	10
513	3	72.0	71.2	0.0	10
514	8	33.0	246.4	0.0	10
515	2	89	61.6	0.0	10
516	2	89	61.6	0.0	10
517	3	88	71.2	0.0	10
518	8	58.0	203.99999999999997	0.0	10
519	2	89	61.6	0.0	10
520	2	89	61.6	0.0	10
521	13	36.0	486.217315730203	0.0	10
522	26	49.0	822.3391052434011	0.0	10
523	4	79.0	80.80000000000001	0.0	10
524	5	53.0	217.6	0.0	10
525	3	88	71.2	0.0	10
526	7	87	279.2	0.0	10
527	4	80.0	165.6	0.0	10
528	4	36.0	80.80000000000001	0.0	10
529	2	89	61.6	0.0	10
530	5	62.0	239.13910524340093	0.0	10
531	2	89	61.6	0.0	10
532	30	45.0	819.0173157302031	0.0	10
533	3	88	156.0	0.0	10
534	4	87	80.80000000000001	0.0	10
535	2	89	61.6	0.0	10
536	4	36.0	123.2	0.0	10
537	5	9.0	48.00000000000001	0.0	10
538	4	87	165.6	0.0	10
539	2	89	61.6	0.0	10
540	2	89	61.6	0.0	10
541	2	89	61.6	0.0	10
542	2	89	61.6	0.0	10
543	5	26.0	132.79999999999998	0.0	10
544	3	72.0	113.6	0.0	10
545	3	45.0	71.2	0.0	10
546	2	89	61.6	0.0	10
547	4	87	80.80000000000001	0.0	10
548	2	89	61.6	0.0	10
549	37	57	1184.373736703807	0.0	10
550	3	88	135.13910524340096	0.0	10
551	2	63.0	61.6	0.0	10
552	3	45.0	71.2	0.0	10
553	2	89	61.6	0.0	10
554	4	87	80.80000000000001	0.0	10
555	2	89	61.6	0.0	10
556	25	-12.0	793.234631460406	0.0	10
557	9	67.0	298.4	0.0	10
558	4	88	165.6	0.0	10
559	3	88	199.0782104868019	0.0	10
560	7	25.0	194.4	0.0	10
561	4	87	80.80000000000001	0.0	10
562	46	19.0	1802.4692629208107	0.0	9
563	2	89	61.6	0.0	10
564	2	72.0	61.6	0.0	10
565	3	88	71.2	0.0	10
566	3	88	71.2	0.0	10
567	2	89	61.6	0.0	10
568	3	88	156.0	0.0	10
569	5	44.0	175.2	0.0	10
570	4	87	165.6	0.0	10
571	6	25.0	227.2	0.0	10
572	5	71.0	239.13910524340093	0.0	10
573	4	53.0	165.6	0.0	10
574	6	85	100.0	0.0	10
575	4	80.0	165.6	0.0	10
576	3	88	71.2	0.0	10
577	5	35.0	175.2	0.0	10
578	10	65.0	520.6782104868018	0.0	10
579	4	18.0	80.80000000000001	0.0	10
580	10	75.0	542.8955262170048	0.0	10
581	4	87	80.80000000000001	0.0	10
582	4	27.0	123.19999999999999	0.0	10
583	4	72.0	165.6	0.0	10
584	5	35.0	196.73910524340096	0.0	10
585	3	88	71.2	0.0	10
586	2	89	61.6	0.0	10
587	2	89	61.6	0.0	10
588	2	89	61.6	0.0	10
589	2	89	61.6	0.0	10
590	3	27.0	71.2	0.0	10
591	7	43.0	321.6	0.0	10
592	7	34.0	258.339105243401	0.0	10
593	5	62.0	175.2	0.0	10
594	4	53.0	123.2	0.0	10
595	4	63.0	165.6	0.0	10
596	1	90	52.0	0.0	10
597	2	89	125.53910524340095	0.0	10
598	1	90	52.0	0.0	10
599	4	71.0	123.19999999999999	0.0	10
600	3	80.0	135.13910524340096	0.0	10
601	3	72.0	71.2	0.0	10
602	19	64.0	395.07821048680194	0.0	10
603	4	27.0	123.2	0.0	10
604	2	89	61.6	0.0	10
605	5	87	217.6	0.0	10
606	4	35.0	165.6	0.0	10
607	2	89	61.6	0.0	10
608	5	88	260.0	0.0	10
609	4	87	80.80000000000001	0.0	10
610	3	72.0	113.6	0.0	10
611	5	43.0	239.13910524340093	0.0	10
612	3	88	71.2	0.0	10
613	1	90	52.0	0.0	10
614	12	80	455.07821048680194	0.0	10
615	16	68.0	578.278210486802	0.0	10
616	4	80.0	165.6	0.0	10
617	3	45.0	113.6	0.0	10
618	2	89	61.6	0.0	10
619	1	90	52.0	0.0	10
620	10	75.0	435.20000000000005	0.0	10
621	1	90	52.0	0.0	10
622	2	89	61.6	0.0	10
623	7	86	385.53910524340097	0.0	10
624	4	45.0	123.2	0.0	10
625	1	90	52.0	0.0	10
626	1	90	52.0	0.0	10
627	6	79.0	227.2	0.0	10
628	1	90	52.0	0.0	10
629	4	62.0	165.6	0.0	10
630	4	88	229.53910524340097	0.0	10
631	1	90	52.0	0.0	10
632	46	27	1376.434631460405	0.0	8
633	3	63.0	71.2	0.0	10
634	2	89	61.6	0.0	10
635	1	90	52.0	0.0	10
636	3	89	156.0	0.0	10
637	1	90	52.0	0.0	10
638	2	89	125.53910524340095	0.0	10
639	2	89	61.6	0.0	10
640	8	5.0	183.13910524340093	0.0	10
641	4	53.0	123.19999999999999	0.0	10
642	4	81.0	165.6	0.0	10
643	3	90	156.0	0.0	10
644	4	88	165.6	0.0	10
645	2	89	61.6	0.0	10
646	8	40.0	331.8782104868019	0.0	10
647	7	34.0	236.79999999999998	0.0	10
648	1	90	52.0	0.0	10
649	8	59.0	395.139105243401	0.0	10
650	1	90	52.0	0.0	10
651	1	90	52.0	0.0	10
652	5	53.0	175.2	0.0	10
653	1	90	52.0	0.0	10
654	4	87	229.53910524340097	0.0	10
655	3	89	156.0	0.0	10
656	1	90	52.0	0.0	10
657	6	86	333.53910524340097	0.0	10
658	3	89	156.0	0.0	10
659	2	89	125.53910524340095	0.0	10
660	1	90	52.0	0.0	10
661	1	90	52.0	0.0	10
662	2	89	61.6	0.0	10
663	3	80.0	71.2	0.0	10
664	3	54.0	71.2	0.0	10
665	4	62.0	165.6	0.0	10
666	3	88	156.0	0.0	10
667	2	72.0	61.6	0.0	10
668	8	50.0	352.73910524340096	0.0	10
669	1	90	52.0	0.0	10
670	6	87	227.2	0.0	10
671	2	89	61.6	0.0	10
672	2	89	61.6	0.0	10
673	8	77.0	331.20000000000005	0.0	10
674	2	89	61.6	0.0	10
675	2	54.0	61.6	0.0	10
676	41	53	1605.051947190608	0.0	10
677	1	90	52.0	0.0	10
678	1	90	52.0	0.0	10
679	2	72.0	61.6	0.0	10
680	9	76.0	404.73910524340096	0.0	10
681	2	63.0	61.6	0.0	10
682	4	71.0	165.6	0.0	10
683	1	90	52.0	0.0	10
684	1	90	52.0	0.0	10
685	6	86	355.07821048680194	0.0	10
686	2	89	61.6	0.0	10
687	4	88	165.6	0.0	10
688	46	1.0	993.4782104868026	0.0	9
689	1	90	52.0	0.0	10
690	1	90	52.0	0.0	10
691	4	71.0	165.6	0.0	10
692	1	90	52.0	0.0	10
693	1	90	52.0	0.0	10
694	4	79.0	123.19999999999999	0.0	10
695	2	81.0	61.6	0.0	10
696	2	89	125.53910524340095	0.0	10
697	1	90	52.0	0.0	10
698	1	90	52.0	0.0	10
699	2	89	61.6	0.0	10
700	2	89	61.6	0.0	10
701	1	90	52.0	0.0	10
702	9	85	404.739105243401	0.0	10
703	4	89	165.6	0.0	10
704	1	90	52.0	0.0	10
705	10	84	499.139105243401	0.0	10
706	46	37	1632.1910524340085	0.0	9
707	1	90	52.0	0.0	10
708	3	63.0	113.6	0.0	10
709	14	78	686.2782104868019	0.0	10
710	4	87	80.80000000000001	0.0	10
711	1	90	52.0	0.0	10
712	6	88	333.53910524340097	0.0	10
713	4	88	165.6	0.0	10
714	1	90	52.0	0.0	10
715	2	89	61.6	0.0	10
716	8	67.0	373.6	0.0	10
717	1	90	52.0	0.0	10
718	1	90	52.0	0.0	10
719	3	81.0	113.6	0.0	10
720	3	88	156.0	0.0	10
721	1	90	52.0	0.0	10
722	3	88	71.2	0.0	10
723	16	49.0	387.13910524340093	0.0	10
724	5	71.0	132.79999999999998	0.0	10
725	1	90	52.0	0.0	10
726	1	90	52.0	0.0	10
727	1	90	52.0	0.0	10
728	5	87	217.6	0.0	10
729	1	90	52.0	0.0	10
730	2	89	125.53910524340095	0.0	10
731	1	90	52.0	0.0	10
732	1	90	52.0	0.0	10
733	2	81.0	61.6	0.0	10
734	6	59.0	291.8173157302029	0.0	10
735	1	90	52.0	0.0	10
736	2	89	61.6	0.0	10
737	3	72.0	113.6	0.0	10
738	1	90	52.0	0.0	10
739	10	56.0	287.13910524340093	0.0	10
740	36	38.0	1364.556420973604	0.0	10
741	5	86	154.33910524340095	0.0	10
742	1	90	52.0	0.0	10
743	4	36.0	123.2	0.0	10
744	5	87	175.2	0.0	10
745	1	90	52.0	0.0	10
746	4	81.0	165.6	0.0	10
747	5	61.0	175.2	0.0	10
748	2	36.0	61.6	0.0	10
749	1	90	52.0	0.0	10
750	10	74.0	350.4	0.0	10
751	1	90	52.0	0.0	10
752	1	90	52.0	0.0	10
753	38	55	1618.6519471906076	0.0	10
754	13	81	613.417315730203	0.0	10
755	6	87	269.6	0.0	10
756	9	76.0	255.99999999999997	0.0	10
757	3	89	156.0	0.0	10
758	1	90	52.0	0.0	10
759	41	53	1094.2173157302034	0.0	10
760	6	86	227.2	0.0	10
761	4	54.0	123.2	0.0	10
762	1	90	52.0	0.0	10
763	1	90	52.0	0.0	10
764	2	81.0	61.6	0.0	10
765	6	78.0	248.73910524340096	0.0	10
766	8	85	373.6	0.0	10
767	8	14.0	288.8	0.0	10
768	1	90	52.0	0.0	10
769	5	88	217.6	0.0	10
770	3	88	71.2	0.0	10
771	19	74	840.617315730203	0.0	10
772	1	90	52.0	0.0	10
773	1	90	52.0	0.0	10
774	2	90	104.0	0.0	10
775	1	90	52.0	0.0	10
776	5	88	260.0	0.0	10
777	2	89	61.6	0.0	10
778	4	81.0	165.6	0.0	10
779	1	90	52.0	0.0	10
780	8	84	352.739105243401	0.0	10
781	2	90	104.0	0.0	10
782	1	90	52.0	0.0	10
783	1	90	52.0	0.0	10
784	2	89	125.53910524340095	0.0	10
785	1	90	52.0	0.0	10
786	22	26.0	508.67821048680224	0.0	10
787	5	89	260.0	0.0	10
788	13	81	655.139105243401	0.0	10
789	1	90	52.0	0.0	10
790	1	90	52.0	0.0	10
791	46	36	1439.695526217004	0.0	9
792	4	71.0	165.6	0.0	10
793	1	90	52.0	0.0	10
794	4	62.0	165.6	0.0	10
795	6	86	355.07821048680194	0.0	10
796	3	88	156.0	0.0	10
797	3	89	156.0	0.0	10
798	1	90	52.0	0.0	10
799	1	90	52.0	0.0	10
800	4	89	208.0	0.0	10
801	4	63.0	165.6	0.0	10
802	4	71.0	165.6	0.0	10
803	5	81.0	217.6	0.0	10
804	3	89	156.0	0.0	10
805	1	90	52.0	0.0	10
806	3	89	156.0	0.0	10
807	6	79.0	269.6	0.0	10
808	3	89	156.0	0.0	10
809	1	90	52.0	0.0	10
810	5	90	260.0	0.0	10
811	2	89	61.6	0.0	10
812	5	35.0	90.4	0.0	10
813	8	86	395.139105243401	0.0	10
814	8	85	373.6	0.0	10
815	2	89	61.6	0.0	10
816	1	90	52.0	0.0	10
817	2	89	61.6	0.0	10
818	1	90	52.0	0.0	10
819	1	90	52.0	0.0	10
820	7	68.0	258.3391052434009	0.0	10
821	7	85	194.39999999999998	0.0	10
822	5	70.0	175.2	0.0	10
823	2	90	104.0	0.0	10
824	2	89	61.6	0.0	10
825	5	88	281.53910524340097	0.0	10
826	2	89	125.53910524340095	0.0	10
827	1	90	52.0	0.0	10
828	1	90	52.0	0.0	10
829	1	90	52.0	0.0	10
830	1	90	52.0	0.0	10
831	2	89	61.6	0.0	10
832	5	88	175.2	0.0	10
833	1	90	52.0	0.0	10
834	1	90	52.0	0.0	10
835	4	88	208.0	0.0	10
836	2	89	61.6	0.0	10
837	1	90	52.0	0.0	10
838	1	90	52.0	0.0	10
839	3	54.0	113.6	0.0	10
840	1	90	52.0	0.0	10
841	1	90	52.0	0.0	10
842	3	72.0	71.2	0.0	10
843	4	89	165.6	0.0	10
844	5	89	260.0	0.0	10
845	1	90	52.0	0.0	10
846	6	78.0	312.67821048680196	0.0	10
847	1	90	52.0	0.0	10
848	1	90	52.0	0.0	10
849	1	90	52.0	0.0	10
850	1	90	52.0	0.0	10
851	1	90	52.0	0.0	10
852	1	90	52.0	0.0	10
853	1	90	52.0	0.0	10
854	3	89	156.0	0.0	10
855	1	90	52.0	0.0	10
856	1	90	52.0	0.0	10
857	1	90	52.0	0.0	10
858	3	88	135.13910524340096	0.0	10
859	1	90	52.0	0.0	10
860	1	90	52.0	0.0	10
861	5	89	260.0	0.0	10
862	1	90	52.0	0.0	10
863	3	88	71.2	0.0	10
864	6	34.0	269.6	0.0	10
865	7	77.0	321.6	0.0	10
866	7	78.0	321.6	0.0	10
867	1	90	52.0	0.0	10
868	4	80.0	165.6	0.0	10
869	1	90	52.0	0.0	10
870	8	84	395.139105243401	0.0	10
871	1	90	52.0	0.0	10
872	1	90	52.0	0.0	10
873	4	90	208.0	0.0	10
874	1	90	52.0	0.0	10
875	2	89	61.6	0.0	10
876	4	89	165.6	0.0	10
877	1	90	52.0	0.0	10
878	4	54.0	123.2	0.0	10
879	4	88	165.6	0.0	10
880	1	90	52.0	0.0	10
881	5	44.0	217.6	0.0	10
882	27	49.0	747.8173157302033	0.0	10
883	1	90	52.0	0.0	10
884	5	63.0	217.6	0.0	10
885	2	72.0	61.6	0.0	10
886	1	90	52.0	0.0	10
887	3	88	156.0	0.0	10
888	2	89	125.53910524340095	0.0	10
889	5	71.0	175.2	0.0	10
890	4	88	229.53910524340097	0.0	10
891	1	90	52.0	0.0	10
892	1	90	52.0	0.0	10
893	3	80.0	71.2	0.0	10
894	2	90	104.0	0.0	10
895	1	90	52.0	0.0	10
896	3	89	156.0	0.0	10
897	8	77.0	331.2	0.0	10
898	1	90	52.0	0.0	10
899	18	39.0	491.139105243401	0.0	10
900	26	68	928.6782104868022	0.0	10
901	2	89	61.6	0.0	10
902	1	90	52.0	0.0	10
903	1	90	52.0	0.0	10
904	6	87	312.0	0.0	10
905	32	37.0	1262.8955262170048	0.0	10
906	6	88	312.0	0.0	10
907	2	90	104.0	0.0	10
908	1	90	52.0	0.0	10
909	4	87	165.6	0.0	10
910	1	90	52.0	0.0	10
911	9	84	362.3391052434009	0.0	10
912	1	90	52.0	0.0	10
913	2	89	61.6	0.0	10
914	4	89	208.0	0.0	10
915	1	90	52.0	0.0	10
916	1	90	52.0	0.0	10
917	41	52	1668.3128419472068	0.0	10
918	2	89	61.6	0.0	10
919	3	89	156.0	0.0	10
920	4	88	229.53910524340097	0.0	10
921	1	90	52.0	0.0	10
922	6	86	227.2	0.0	10
923	5	88	281.53910524340097	0.0	10
924	46	20.0	1312.4955262170045	0.0	9
925	3	90	156.0	0.0	10
926	1	90	52.0	0.0	10
927	2	89	61.6	0.0	10
928	4	71.0	80.80000000000001	0.0	10
929	1	90	52.0	0.0	10
930	1	90	52.0	0.0	10
931	5	79.0	217.6	0.0	10
932	3	89	156.0	0.0	10
933	1	90	52.0	0.0	10
934	1	90	52.0	0.0	10
935	3	89	156.0	0.0	10
936	3	90	156.0	0.0	10
937	8	84	288.79999999999995	0.0	10
938	27	57.0	1384.4955262170045	0.0	10
939	5	89	260.0	0.0	10
940	3	88	71.2	0.0	10
941	3	89	156.0	0.0	10
942	1	90	52.0	0.0	10
943	4	88	229.53910524340097	0.0	10
944	1	90	52.0	0.0	10
945	1	90	52.0	0.0	10
946	2	89	61.6	0.0	10
947	1	90	52.0	0.0	10
948	3	89	156.0	0.0	10
949	3	90	156.0	0.0	10
950	1	90	52.0	0.0	10
951	1	90	52.0	0.0	10
952	3	81.0	113.6	0.0	10
953	1	90	52.0	0.0	10
954	1	90	52.0	0.0	10
955	1	90	52.0	0.0	10
956	3	88	71.2	0.0	10
957	1	90	52.0	0.0	10
958	3	89	156.0	0.0	10
959	5	62.0	217.6	0.0	10
960	3	63.0	113.6	0.0	10
961	4	71.0	208.6782104868019	0.0	10
962	8	85	352.73910524340096	0.0	10
963	2	89	61.6	0.0	10
964	1	90	52.0	0.0	10
965	1	90	52.0	0.0	10
966	2	89	61.6	0.0	10
967	4	71.0	165.6	0.0	10
968	6	70.0	184.8	0.0	10
969	1	90	52.0	0.0	10
970	5	89	281.53910524340097	0.0	10
971	3	81.0	113.6	0.0	10
972	1	90	52.0	0.0	10
973	1	90	52.0	0.0	10
974	3	63.0	113.6	0.0	10
975	8	86	416.0	0.0	10
976	3	81.0	113.6	0.0	10
977	3	89	156.0	0.0	10
978	5	78.0	175.2	0.0	10
979	3	27.0	113.6	0.0	10
980	3	45.0	71.2	0.0	10
981	1	90	52.0	0.0	10
982	3	36.0	113.6	0.0	10
983	4	89	208.0	0.0	10
984	6	69.0	269.6	0.0	10
985	3	89	156.0	0.0	10
986	1	90	52.0	0.0	10
987	4	89	165.6	0.0	10
988	5	71.0	217.6	0.0	10
989	1	90	52.0	0.0	10
990	1	90	52.0	0.0	10
991	9	83	468.0	0.0	10
992	1	90	52.0	0.0	10
993	4	62.0	165.6	0.0	10
994	5	34.0	175.2	0.0	10
995	7	70.0	343.13910524340093	0.0	10
996	5	88	260.0	0.0	10
997	1	90	52.0	0.0	10
998	3	90	156.0	0.0	10
999	3	89	156.0	0.0	10
1000	6	60.0	227.2	0.0	10
1001	1	90	52.0	0.0	10
1002	1	90	52.0	0.0	10
1003	21	73	753.478210486802	0.0	10
1004	1	90	52.0	0.0	10
1005	2	90	104.0	0.0	10
1006	1	90	52.0	0.0	10
1007	5	45.0	175.2	0.0	10
1008	1	90	52.0	0.0	10
1009	1	90	52.0	0.0	10
1010	7	85	215.93910524340095	0.0	10
1011	2	90	104.0	0.0	10
1012	2	90	104.0	0.0	10
1013	2	89	61.6	0.0	10
1014	2	89	61.6	0.0	10
1015	1	90	52.0	0.0	10
1016	1	90	52.0	0.0	10
1017	1	90	52.0	0.0	10
1018	1	90	52.0	0.0	10
1019	1	90	52.0	0.0	10
1020	1	90	52.0	0.0	10
1021	1	90	52.0	0.0	10
1022	1	90	52.0	0.0	10
1023	1	90	52.0	0.0	10
1024	1	90	52.0	0.0	10
1025	4	71.0	165.6	0.0	10
1026	1	90	52.0	0.0	10
1027	20	48.0	849.5391052434011	0.0	10
1028	3	89	156.0	0.0	10
1029	1	90	52.0	0.0	10
1030	5	89	260.0	0.0	10
1031	1	90	52.0	0.0	10
1032	5	87	239.13910524340093	0.0	10
1033	4	80.0	187.13910524340096	0.0	10
1034	7	77.0	258.339105243401	0.0	10
1035	1	90	52.0	0.0	10
1036	5	89	217.6	0.0	10
1037	3	89	156.0	0.0	10
1038	1	90	52.0	0.0	10
1039	8	76.0	288.80000000000007	0.0	10
1040	1	90	52.0	0.0	10
1041	6	87	333.53910524340097	0.0	10
1042	9	68.0	383.2	0.0	10
1043	4	71.0	187.13910524340096	0.0	10
1044	2	89	61.6	0.0	10
1045	3	90	156.0	0.0	10
1046	5	87	303.07821048680194	0.0	10
1047	2	89	125.53910524340095	0.0	10
1048	6	87	269.6	0.0	10
1049	1	90	52.0	0.0	10
1050	7	77.0	236.79999999999998	0.0	10
1051	1	90	52.0	0.0	10
1052	2	89	61.6	0.0	10
1053	3	63.0	113.6	0.0	10
1054	2	89	61.6	0.0	10
1055	3	89	156.0	0.0	10
1056	1	90	52.0	0.0	10
1057	1	90	52.0	0.0	10
1058	1	90	52.0	0.0	10
1059	2	89	61.6	0.0	10
1060	5	81.0	217.6	0.0	10
1061	3	27.0	71.2	0.0	10
1062	2	89	61.6	0.0	10
1063	5	87	217.6	0.0	10
1064	1	90	52.0	0.0	10
1065	4	80.0	187.13910524340096	0.0	10
1066	1	90	52.0	0.0	10
1067	5	53.0	217.6	0.0	10
1068	1	90	52.0	0.0	10
1069	3	89	156.0	0.0	10
1070	3	63.0	113.6	0.0	10
1071	1	90	52.0	0.0	10
1072	3	27.0	71.2	0.0	10
1073	1	90	52.0	0.0	10
1074	2	72.0	61.6	0.0	10
1075	1	90	52.0	0.0	10
1076	17	68.0	841.6	0.0	10
1077	4	81.0	165.6	0.0	10
1078	1	90	52.0	0.0	10
1079	5	81.0	217.6	0.0	10
1080	2	90	104.0	0.0	10
1081	3	89	156.0	0.0	10
1082	1	90	52.0	0.0	10
1083	1	90	52.0	0.0	10
1084	1	90	52.0	0.0	10
1085	2	89	61.6	0.0	10
1086	2	90	104.0	0.0	10
1087	2	89	61.6	0.0	10
1088	2	72.0	61.6	0.0	10
1089	6	60.0	269.6	0.0	10
1090	1	90	52.0	0.0	10
1091	1	90	52.0	0.0	10
1092	1	90	52.0	0.0	10
1093	6	60.0	248.73910524340096	0.0	10
1094	7	86	364.0	0.0	10
1095	1	90	52.0	0.0	10
1096	1	90	52.0	0.0	10
1097	2	90	104.0	0.0	10
1098	3	89	156.0	0.0	10
1099	3	89	156.0	0.0	10
1100	1	90	52.0	0.0	10
1101	1	90	52.0	0.0	10
1102	1	90	52.0	0.0	10
1103	1	90	52.0	0.0	10
1104	1	90	52.0	0.0	10
1105	1	90	52.0	0.0	10
1106	1	90	52.0	0.0	10
1107	2	89	125.53910524340095	0.0	10
1108	3	89	156.0	0.0	10
1109	1	90	52.0	0.0	10
1110	23	63.0	920.739105243401	0.0	10
1111	3	89	156.0	0.0	10
1112	1	90	52.0	0.0	10
1113	3	90	156.0	0.0	10
1114	5	89	260.0	0.0	10
1115	1	90	52.0	0.0	10
1116	2	89	61.6	0.0	10
1117	4	89	208.0	0.0	10
1118	1	90	52.0	0.0	10
1119	2	89	61.6	0.0	10
1120	2	89	61.6	0.0	10
1121	1	90	52.0	0.0	10
1122	3	89	156.0	0.0	10
1123	1	90	52.0	0.0	10
1124	5	88	260.0	0.0	10
1125	5	87	175.2	0.0	10
1126	1	90	52.0	0.0	10
1127	1	90	52.0	0.0	10
1128	3	89	156.0	0.0	10
1129	2	81.0	61.6	0.0	10
1130	2	90	104.0	0.0	10
1131	2	90	104.0	0.0	10
1132	2	89	61.6	0.0	10
1133	2	89	61.6	0.0	10
1134	1	90	52.0	0.0	10
1135	1	90	52.0	0.0	10
1136	3	89	156.0	0.0	10
1137	4	27.0	123.2	0.0	10
1138	4	88	165.6	0.0	10
1139	1	90	52.0	0.0	10
1140	1	90	52.0	0.0	10
1141	1	90	52.0	0.0	10
1142	1	90	52.0	0.0	10
1143	2	81.0	61.6	0.0	10
1144	1	90	52.0	0.0	10
1145	1	90	52.0	0.0	10
1146	1	90	52.0	0.0	10
1147	1	90	52.0	0.0	10
1148	3	80.0	135.13910524340096	0.0	10
1149	3	36.0	71.2	0.0	10
1150	4	80.0	165.6	0.0	10
1151	5	62.0	217.6	0.0	10
1152	3	90	156.0	0.0	10
1153	5	89	260.0	0.0	10
1154	8	59.0	373.6	0.0	10
1155	4	88	229.53910524340097	0.0	10
1156	6	88	312.0	0.0	10
1157	1	90	52.0	0.0	10
1158	1	90	52.0	0.0	10
1159	1	90	52.0	0.0	10
1160	1	90	52.0	0.0	10
1161	3	88	71.2	0.0	10
1162	1	90	52.0	0.0	10
1163	5	63.0	217.6	0.0	10
1164	1	90	52.0	0.0	10
1165	1	90	52.0	0.0	10
1166	1	90	52.0	0.0	10
1167	1	90	52.0	0.0	10
1168	1	90	52.0	0.0	10
1169	1	90	52.0	0.0	10
1170	1	90	52.0	0.0	10
1171	5	89	260.0	0.0	10
1172	4	35.0	144.73910524340096	0.0	10
1173	3	89	156.0	0.0	10
1174	3	90	156.0	0.0	10
1175	1	90	52.0	0.0	10
1176	4	54.0	123.2	0.0	10
1177	7	86	364.0	0.0	10
1178	3	90	156.0	0.0	10
1179	3	27.0	71.2	0.0	10
1180	8	86	373.6	0.0	10
1181	3	89	156.0	0.0	10
1182	2	89	61.6	0.0	10
1183	5	53.0	175.2	0.0	10
1184	5	79.0	217.6	0.0	10
1185	3	36.0	71.2	0.0	10
1186	1	90	52.0	0.0	10
1187	7	86	407.07821048680194	0.0	10
1188	4	89	208.0	0.0	10
1189	2	72.0	61.6	0.0	10
1190	1	90	52.0	0.0	10
1191	4	89	229.53910524340097	0.0	10
1192	1	90	52.0	0.0	10
1193	2	89	61.6	0.0	10
1194	3	89	156.0	0.0	10
1195	2	72.0	61.6	0.0	10
1196	1	90	52.0	0.0	10
1197	4	89	208.0	0.0	10
1198	1	90	52.0	0.0	10
1199	2	72.0	61.6	0.0	10
1200	4	89	208.0	0.0	10
1201	2	72.0	61.6	0.0	10
1202	4	81.0	165.6	0.0	10
1203	1	90	52.0	0.0	10
1204	1	90	52.0	0.0	10
1205	3	89	156.0	0.0	10
1206	1	90	52.0	0.0	10
1207	3	90	156.0	0.0	10
1208	10	83	456.739105243401	0.0	10
1209	1	90	52.0	0.0	10
1210	5	80.0	239.13910524340096	0.0	10
1211	1	90	52.0	0.0	10
1212	1	90	52.0	0.0	10
1213	1	90	52.0	0.0	10
1214	1	90	52.0	0.0	10
1215	5	70.0	175.2	0.0	10
1216	6	79.0	227.2	0.0	10
1217	7	70.0	279.2	0.0	10
1218	4	90	208.0	0.0	10
1219	1	90	52.0	0.0	10
1220	4	88	165.6	0.0	10
1221	1	90	52.0	0.0	10
1222	2	63.0	61.6	0.0	10
1223	1	90	52.0	0.0	10
1224	3	90	156.0	0.0	10
1225	1	90	52.0	0.0	10
1226	4	88	165.6	0.0	10
1227	1	90	52.0	0.0	10
1228	1	90	52.0	0.0	10
1229	1	90	52.0	0.0	10
1230	1	90	52.0	0.0	10
1231	1	90	52.0	0.0	10
1232	11	81	444.79999999999995	0.0	10
1233	3	88	135.13910524340096	0.0	10
1234	4	36.0	80.80000000000001	0.0	10
1235	3	89	156.0	0.0	10
1236	6	79.0	269.6	0.0	10
1237	4	89	208.0	0.0	10
1238	5	79.0	217.6	0.0	10
1239	1	90	52.0	0.0	10
1240	7	86	407.07821048680194	0.0	10
1241	4	88	229.53910524340097	0.0	10
1242	1	90	52.0	0.0	10
1243	3	88	71.2	0.0	10
1244	1	90	52.0	0.0	10
1245	1	90	52.0	0.0	10
1246	1	90	52.0	0.0	10
1247	1	90	52.0	0.0	10
1248	1	90	52.0	0.0	10
1249	4	62.0	165.6	0.0	10
1250	3	90	156.0	0.0	10
1251	4	89	229.53910524340097	0.0	10
1252	3	89	156.0	0.0	10
1253	2	90	104.0	0.0	10
1254	2	89	61.6	0.0	10
1255	5	88	175.2	0.0	10
1256	2	81.0	61.6	0.0	10
1257	5	43.0	175.2	0.0	10
1258	4	63.0	165.6	0.0	10
1259	2	89	61.6	0.0	10
1260	1	90	52.0	0.0	10
1261	2	89	61.6	0.0	10
1262	2	89	61.6	0.0	10
1263	4	63.0	165.6	0.0	10
1264	1	90	52.0	0.0	10
1265	3	90	156.0	0.0	10
1266	1	90	52.0	0.0	10
1267	3	90	156.0	0.0	10
1268	3	89	156.0	0.0	10
1269	3	81.0	113.6	0.0	10
1270	6	42.0	269.6	0.0	10
1271	4	90	208.0	0.0	10
1272	2	89	61.6	0.0	10
1273	3	89	156.0	0.0	10
1274	6	87	333.53910524340097	0.0	10
1275	3	27.0	71.2	0.0	10
1276	5	89	260.0	0.0	10
1277	1	90	52.0	0.0	10
1278	1	90	52.0	0.0	10
1279	2	90	104.0	0.0	10
1280	1	90	52.0	0.0	10
1281	1	90	52.0	0.0	10
1282	1	90	52.0	0.0	10
1283	2	89	61.6	0.0	10
1284	2	81.0	61.6	0.0	10
1285	3	90	156.0	0.0	10
1286	3	89	156.0	0.0	10
1287	1	90	52.0	0.0	10
1288	1	90	52.0	0.0	10
1289	2	90	104.0	0.0	10
1290	2	89	61.6	0.0	10
1291	1	90	52.0	0.0	10
1292	1	90	52.0	0.0	10
1293	3	90	156.0	0.0	10
1294	1	90	52.0	0.0	10
1295	1	90	52.0	0.0	10
1296	1	90	52.0	0.0	10
1297	4	89	165.6	0.0	10
1298	1	90	52.0	0.0	10
1299	2	89	61.6	0.0	10
1300	16	61.0	726.339105243401	0.0	10
1301	1	90	52.0	0.0	10
1302	1	90	52.0	0.0	10
1303	2	89	61.6	0.0	10
1304	3	90	156.0	0.0	10
1305	1	90	52.0	0.0	10
1306	1	90	52.0	0.0	10
1307	3	89	156.0	0.0	10
1308	1	90	52.0	0.0	10
1309	1	90	52.0	0.0	10
1310	1	90	52.0	0.0	10
1311	3	89	156.0	0.0	10
1312	8	68.0	373.6	0.0	10
1313	2	89	61.6	0.0	10
1314	1	90	52.0	0.0	10
1315	1	90	52.0	0.0	10
1316	1	90	52.0	0.0	10
1317	9	85	447.139105243401	0.0	10
1318	5	72.0	175.2	0.0	10
1319	1	90	52.0	0.0	10
1320	1	90	52.0	0.0	10
1321	2	89	61.6	0.0	10
1322	1	90	52.0	0.0	10
1323	4	88	165.6	0.0	10
1324	1	90	52.0	0.0	10
1325	1	90	52.0	0.0	10
1326	1	90	52.0	0.0	10
1327	3	89	156.0	0.0	10
1328	2	89	61.6	0.0	10
1329	1	90	52.0	0.0	10
1330	6	88	312.0	0.0	10
1331	4	87	165.6	0.0	10
1332	1	90	52.0	0.0	10
1333	1	90	52.0	0.0	10
1334	4	89	165.6	0.0	10
1335	3	90	156.0	0.0	10
1336	1	90	52.0	0.0	10
1337	1	90	52.0	0.0	10
1338	3	72.0	113.6	0.0	10
1339	3	89	156.0	0.0	10
1340	4	87	80.80000000000001	0.0	10
1341	1	90	52.0	0.0	10
1342	3	90	156.0	0.0	10
1343	1	90	52.0	0.0	10
1344	3	89	156.0	0.0	10
1345	1	90	52.0	0.0	10
1346	5	62.0	175.2	0.0	10
1347	4	89	208.0	0.0	10
1348	6	70.0	269.6	0.0	10
1349	3	89	156.0	0.0	10
1350	3	27.0	113.6	0.0	10
1351	3	89	156.0	0.0	10
1352	1	90	52.0	0.0	10
1353	11	38.0	466.339105243401	0.0	10
1354	2	89	61.6	0.0	10
1355	3	90	156.0	0.0	10
1356	10	82	350.4	0.0	10
1357	4	87	165.6	0.0	10
1358	2	89	61.6	0.0	10
1359	46	38	1609.2955262170033	0.0	9
1360	3	89	156.0	0.0	10
1361	1	90	52.0	0.0	10
1362	1	90	52.0	0.0	10
1363	1	90	52.0	0.0	10
1364	1	90	52.0	0.0	10
1365	1	90	52.0	0.0	10
1366	7	87	407.07821048680194	0.0	10
1367	2	90	104.0	0.0	10
1368	3	89	156.0	0.0	10
1369	4	87	144.73910524340096	0.0	10
1370	3	63.0	113.6	0.0	10
1371	6	78.0	269.6	0.0	10
1372	4	90	208.0	0.0	10
1373	6	77.0	227.2	0.0	10
1374	1	90	52.0	0.0	10
1375	1	90	52.0	0.0	10
1376	3	89	156.0	0.0	10
1377	3	88	156.0	0.0	10
1378	2	89	61.6	0.0	10
1379	1	90	52.0	0.0	10
1380	8	87	416.0	0.0	10
1381	2	89	61.6	0.0	10
1382	5	61.0	175.2	0.0	10
1383	4	90	208.0	0.0	10
1384	1	90	52.0	0.0	10
1385	1	90	52.0	0.0	10
1386	1	90	52.0	0.0	10
1387	2	72.0	61.6	0.0	10
1388	4	53.0	165.6	0.0	10
1389	1	90	52.0	0.0	10
1390	5	88	217.6	0.0	10
1391	1	90	52.0	0.0	10
1392	1	90	52.0	0.0	10
1393	3	89	156.0	0.0	10
1394	4	89	208.0	0.0	10
1395	1	90	52.0	0.0	10
1396	5	89	260.0	0.0	10
1397	3	90	156.0	0.0	10
1398	6	70.0	269.6	0.0	10
1399	3	89	177.53910524340097	0.0	10
1400	3	90	156.0	0.0	10
1401	3	89	156.0	0.0	10
1402	1	90	52.0	0.0	10
1403	1	90	52.0	0.0	10
1404	1	90	52.0	0.0	10
1405	7	86	321.6	0.0	10
1406	8	85	437.53910524340097	0.0	10
1407	3	90	156.0	0.0	10
1408	1	90	52.0	0.0	10
1409	1	90	52.0	0.0	10
1410	1	90	52.0	0.0	10
1411	3	89	156.0	0.0	10
1412	3	90	156.0	0.0	10
1413	5	88	260.0	0.0	10
1414	1	90	52.0	0.0	10
1415	1	90	52.0	0.0	10
1416	1	90	52.0	0.0	10
1417	3	89	156.0	0.0	10
1418	4	80.0	165.6	0.0	10
1419	1	90	52.0	0.0	10
1420	2	89	61.6	0.0	10
1421	3	89	156.0	0.0	10
1422	5	44.0	175.2	0.0	10
1423	1	90	52.0	0.0	10
1424	5	89	260.0	0.0	10
1425	1	90	52.0	0.0	10
1426	1	90	52.0	0.0	10
1427	1	90	52.0	0.0	10
1428	5	89	260.0	0.0	10
1429	5	87	260.0	0.0	10
1430	4	89	165.6	0.0	10
1431	5	81.0	217.6	0.0	10
1432	5	80.0	217.6	0.0	10
1433	3	63.0	71.2	0.0	10
1434	6	51.0	269.6	0.0	10
1435	1	90	52.0	0.0	10
1436	5	87	260.0	0.0	10
1437	1	90	52.0	0.0	10
1438	7	42.0	279.2	0.0	10
1439	5	88	260.0	0.0	10
1440	2	89	61.6	0.0	10
1441	1	90	52.0	0.0	10
1442	2	89	61.6	0.0	10
1443	1	90	52.0	0.0	10
1444	9	85	425.6	0.0	10
1445	1	90	52.0	0.0	10
1446	2	72.0	61.6	0.0	10
1447	5	88	260.0	0.0	10
1448	1	90	52.0	0.0	10
1449	4	88	229.53910524340097	0.0	10
1450	4	90	208.0	0.0	10
1451	3	90	156.0	0.0	10
1452	3	90	156.0	0.0	10
1453	5	89	281.53910524340097	0.0	10
1454	6	86	312.0	0.0	10
1455	1	90	52.0	0.0	10
1456	1	90	52.0	0.0	10
1457	1	90	52.0	0.0	10
1458	3	89	156.0	0.0	10
1459	3	89	156.0	0.0	10
1460	5	89	281.53910524340097	0.0	10
1461	4	90	208.0	0.0	10
1462	3	89	156.0	0.0	10
1463	1	90	52.0	0.0	10
1464	5	88	217.6	0.0	10
1465	40	54	1487.7564209736033	0.0	10
1466	2	89	61.6	0.0	10
1467	1	90	52.0	0.0	10
1468	3	89	156.0	0.0	10
1469	1	90	52.0	0.0	10
1470	9	82	383.87821048680195	0.0	10
1471	1	90	52.0	0.0	10
1472	1	90	52.0	0.0	10
1473	1	90	52.0	0.0	10
1474	5	89	260.0	0.0	10
1475	1	90	52.0	0.0	10
1476	1	90	52.0	0.0	10
1477	1	90	52.0	0.0	10
1478	1	90	52.0	0.0	10
1479	4	79.0	123.19999999999999	0.0	10
1480	3	89	156.0	0.0	10
1481	1	90	52.0	0.0	10
1482	1	90	52.0	0.0	10
1483	6	86	184.79999999999998	0.0	10
1484	2	90	104.0	0.0	10
1485	1	90	52.0	0.0	10
1486	3	90	156.0	0.0	10
1487	3	89	156.0	0.0	10
1488	1	90	52.0	0.0	10
1489	1	90	52.0	0.0	10
1490	4	89	208.0	0.0	10
1491	1	90	52.0	0.0	10
1492	2	72.0	61.6	0.0	10
1493	7	86	321.6	0.0	10
1494	7	86	364.0	0.0	10
1495	3	88	71.2	0.0	10
1496	1	90	52.0	0.0	10
1497	3	89	156.0	0.0	10
1498	6	87	312.0	0.0	10
1499	1	90	52.0	0.0	10
1500	4	88	208.0	0.0	10
1501	1	90	52.0	0.0	10
1502	4	88	229.53910524340097	0.0	10
1503	2	89	61.6	0.0	10
1504	1	90	52.0	0.0	10
1505	3	89	156.0	0.0	10
1506	1	90	52.0	0.0	10
1507	1	90	52.0	0.0	10
1508	3	89	156.0	0.0	10
1509	5	89	260.0	0.0	10
1510	1	90	52.0	0.0	10
1511	10	76.0	477.6	0.0	10
1512	1	90	52.0	0.0	10
1513	3	90	156.0	0.0	10
1514	5	89	260.0	0.0	10
1515	1	90	52.0	0.0	10
1516	4	88	229.53910524340097	0.0	10
1517	1	90	52.0	0.0	10
1518	3	88	156.0	0.0	10
1519	1	90	52.0	0.0	10
1520	1	90	52.0	0.0	10
1521	5	87	239.13910524340096	0.0	10
1522	1	90	52.0	0.0	10
1523	1	90	52.0	0.0	10
1524	3	36.0	113.6	0.0	10
1525	1	90	52.0	0.0	10
1526	1	90	52.0	0.0	10
1527	1	90	52.0	0.0	10
1528	4	90	208.0	0.0	10
1529	3	90	156.0	0.0	10
1530	3	89	156.0	0.0	10
1531	1	90	52.0	0.0	10
1532	1	90	52.0	0.0	10
1533	1	90	52.0	0.0	10
1534	1	90	52.0	0.0	10
1535	4	89	165.6	0.0	10
1536	1	90	52.0	0.0	10
1537	3	89	156.0	0.0	10
1538	1	90	52.0	0.0	10
1539	1	90	52.0	0.0	10
1540	1	90	52.0	0.0	10
1541	6	87	269.6	0.0	10
1542	4	80.0	123.19999999999999	0.0	10
1543	3	63.0	113.6	0.0	10
1544	1	90	52.0	0.0	10
1545	5	90	260.0	0.0	10
1546	1	90	52.0	0.0	10
1547	1	90	52.0	0.0	10
1548	7	87	364.0	0.0	10
1549	1	90	52.0	0.0	10
1550	7	60.0	343.13910524340093	0.0	10
1551	4	89	208.0	0.0	10
1552	1	90	52.0	0.0	10
1553	1	90	52.0	0.0	10
1554	5	89	260.0	0.0	10
1555	2	89	61.6	0.0	10
1556	6	88	312.0	0.0	10
1557	5	44.0	132.79999999999998	0.0	10
1558	1	90	52.0	0.0	10
1559	3	89	156.0	0.0	10
1560	2	89	61.6	0.0	10
1561	1	90	52.0	0.0	10
1562	1	90	52.0	0.0	10
1563	1	90	52.0	0.0	10
1564	3	89	156.0	0.0	10
1565	3	89	156.0	0.0	10
1566	4	88	165.6	0.0	10
1567	4	90	208.0	0.0	10
1568	4	71.0	165.6	0.0	10
1569	2	90	104.0	0.0	10
1570	1	90	52.0	0.0	10
1571	4	89	229.53910524340097	0.0	10
1572	3	90	156.0	0.0	10
1573	4	89	208.0	0.0	10
1574	5	88	260.0	0.0	10
1575	1	90	52.0	0.0	10
1576	1	90	52.0	0.0	10
1577	1	90	52.0	0.0	10
1578	2	89	61.6	0.0	10
1579	3	89	156.0	0.0	10
1580	3	90	156.0	0.0	10
1581	1	90	52.0	0.0	10
1582	6	88	333.53910524340097	0.0	10
1583	1	90	52.0	0.0	10
1584	3	89	156.0	0.0	10
1585	3	89	156.0	0.0	10
1586	1	90	52.0	0.0	10
1587	3	89	156.0	0.0	10
1588	4	72.0	165.6	0.0	10
1589	5	88	260.0	0.0	10
1590	5	87	175.2	0.0	10
1591	1	90	52.0	0.0	10
1592	7	87	364.0	0.0	10
1593	6	86	312.0	0.0	10
1594	4	90	208.0	0.0	10
1595	1	90	52.0	0.0	10
1596	1	90	52.0	0.0	10
1597	1	90	52.0	0.0	10
1598	3	89	156.0	0.0	10
1599	1	90	52.0	0.0	10
1600	1	90	52.0	0.0	10
1601	6	70.0	269.6	0.0	10
1602	3	90	156.0	0.0	10
1603	2	90	104.0	0.0	10
1604	1	90	52.0	0.0	10
1605	1	90	52.0	0.0	10
1606	1	90	52.0	0.0	10
1607	3	89	156.0	0.0	10
1608	1	90	52.0	0.0	10
1609	3	90	156.0	0.0	10
1610	3	90	156.0	0.0	10
1611	1	90	52.0	0.0	10
1612	1	90	52.0	0.0	10
1613	2	89	61.6	0.0	10
1614	1	90	52.0	0.0	10
1615	1	90	52.0	0.0	10
1616	5	88	260.0	0.0	10
1617	3	90	156.0	0.0	10
1618	1	90	52.0	0.0	10
1619	1	90	52.0	0.0	10
1620	1	90	52.0	0.0	10
1621	1	90	52.0	0.0	10
1622	4	89	229.53910524340097	0.0	10
1623	1	90	52.0	0.0	10
1624	5	88	260.0	0.0	10
1625	1	90	52.0	0.0	10
1626	1	90	52.0	0.0	10
1627	1	90	52.0	0.0	10
1628	3	88	156.0	0.0	10
1629	3	90	156.0	0.0	10
1630	1	90	52.0	0.0	10
1631	1	90	52.0	0.0	10
1632	1	90	52.0	0.0	10
1633	7	85	364.0	0.0	10
1634	1	90	52.0	0.0	10
1635	1	90	52.0	0.0	10
1636	1	90	52.0	0.0	10
1637	1	90	52.0	0.0	10
1638	1	90	52.0	0.0	10
1639	1	90	52.0	0.0	10
1640	1	90	52.0	0.0	10
1641	1	90	52.0	0.0	10
1642	1	90	52.0	0.0	10
1643	3	90	156.0	0.0	10
1644	7	60.0	343.139105243401	0.0	10
1645	5	89	260.0	0.0	10
1646	1	90	52.0	0.0	10
1647	3	72.0	113.6	0.0	10
1648	1	90	52.0	0.0	10
1649	1	90	52.0	0.0	10
1650	3	90	156.0	0.0	10
1651	1	90	52.0	0.0	10
1652	3	89	156.0	0.0	10
1653	3	90	156.0	0.0	10
1654	3	89	156.0	0.0	10
1655	8	85	480.6173157302029	0.0	10
1656	4	89	208.0	0.0	10
1657	6	89	269.6	0.0	10
1658	1	90	52.0	0.0	10
1659	5	90	260.0	0.0	10
1660	1	90	52.0	0.0	10
1661	2	89	61.6	0.0	10
1662	1	90	52.0	0.0	10
1663	1	90	52.0	0.0	10
1664	1	90	52.0	0.0	10
1665	1	90	52.0	0.0	10
1666	1	90	52.0	0.0	10
1667	3	88	156.0	0.0	10
1668	1	90	52.0	0.0	10
1669	3	89	156.0	0.0	10
1670	1	90	52.0	0.0	10
1671	5	88	217.6	0.0	10
1672	3	89	156.0	0.0	10
1673	4	89	208.0	0.0	10
1674	4	88	208.0	0.0	10
1675	1	90	52.0	0.0	10
1676	1	90	52.0	0.0	10
1677	1	90	52.0	0.0	10
1678	1	90	52.0	0.0	10
1679	1	90	52.0	0.0	10
1680	2	90	104.0	0.0	10
1681	7	60.0	279.2	0.0	10
1682	1	90	52.0	0.0	10
1683	1	90	52.0	0.0	10
1684	1	90	52.0	0.0	10
1685	3	89	156.0	0.0	10
1686	1	90	52.0	0.0	10
1687	4	88	165.6	0.0	10
1688	46	28	1374.3999999999978	0.0	8
1689	4	89	208.0	0.0	10
1690	8	69.0	373.6	0.0	10
1691	8	85	437.53910524340097	0.0	10
1692	1	90	52.0	0.0	10
1693	1	90	52.0	0.0	10
1694	3	90	156.0	0.0	10
1695	1	90	52.0	0.0	10
1696	1	90	52.0	0.0	10
1697	3	89	156.0	0.0	10
1698	1	90	52.0	0.0	10
1699	1	90	52.0	0.0	10
1700	1	90	52.0	0.0	10
1701	3	90	156.0	0.0	10
1702	1	90	52.0	0.0	10
1703	1	90	52.0	0.0	10
1704	1	90	52.0	0.0	10
1705	1	90	52.0	0.0	10
1706	1	90	52.0	0.0	10
1707	3	90	156.0	0.0	10
1708	2	90	104.0	0.0	10
1709	1	90	52.0	0.0	10
1710	3	90	156.0	0.0	10
1711	1	90	52.0	0.0	10
1712	1	90	52.0	0.0	10
1713	1	90	52.0	0.0	10
1714	2	89	61.6	0.0	10
1715	1	90	52.0	0.0	10
1716	1	90	52.0	0.0	10
1717	2	90	104.0	0.0	10
1718	1	90	52.0	0.0	10
1719	1	90	52.0	0.0	10
1720	3	89	156.0	0.0	10
1721	3	90	156.0	0.0	10
1722	4	89	208.0	0.0	10
1723	2	90	104.0	0.0	10
1724	3	88	71.2	0.0	10
1725	1	90	52.0	0.0	10
1726	1	90	52.0	0.0	10
1727	1	90	52.0	0.0	10
1728	1	90	52.0	0.0	10
1729	2	90	104.0	0.0	10
1730	1	90	52.0	0.0	10
1731	1	90	52.0	0.0	10
1732	1	90	52.0	0.0	10
1733	1	90	52.0	0.0	10
1734	5	89	260.0	0.0	10
1735	3	89	156.0	0.0	10
1736	1	90	52.0	0.0	10
1737	1	90	52.0	0.0	10
1738	4	89	208.0	0.0	10
1739	2	90	104.0	0.0	10
1740	3	36.0	113.6	0.0	10
1741	16	69.0	747.2	0.0	10
1742	9	85	468.0	0.0	10
1743	8	85	416.0	0.0	10
1744	3	90	156.0	0.0	10
1745	5	70.0	217.6	0.0	10
1746	1	90	52.0	0.0	10
1747	3	89	156.0	0.0	10
1748	5	90	260.0	0.0	10
1749	5	89	260.0	0.0	10
1750	1	90	52.0	0.0	10
1751	8	87	373.6	0.0	10
1752	1	90	52.0	0.0	10
1753	4	90	208.0	0.0	10
1754	1	90	52.0	0.0	10
1755	1	90	52.0	0.0	10
1756	1	90	52.0	0.0	10
1757	1	90	52.0	0.0	10
1758	1	90	52.0	0.0	10
1759	1	90	52.0	0.0	10
1760	5	89	260.0	0.0	10
1761	7	87	364.0	0.0	10
1762	1	90	52.0	0.0	10
1763	5	88	260.0	0.0	10
1764	1	90	52.0	0.0	10
1765	1	90	52.0	0.0	10
1766	2	90	104.0	0.0	10
1767	1	90	52.0	0.0	10
1768	5	88	260.0	0.0	10
1769	5	87	260.0	0.0	10
1770	2	81.0	61.6	0.0	10
1771	2	90	104.0	0.0	10
1772	1	90	52.0	0.0	10
1773	3	89	156.0	0.0	10
1774	1	90	52.0	0.0	10
1775	1	90	52.0	0.0	10
1776	4	89	208.0	0.0	10
1777	3	90	156.0	0.0	10
1778	6	88	312.0	0.0	10
1779	1	90	52.0	0.0	10
1780	1	90	52.0	0.0	10
1781	1	90	52.0	0.0	10
1782	1	90	52.0	0.0	10
1783	4	89	208.0	0.0	10
1784	6	88	312.0	0.0	10
1785	1	90	52.0	0.0	10
1786	3	90	156.0	0.0	10
1787	4	88	165.6	0.0	10
1788	1	90	52.0	0.0	10
1789	1	90	52.0	0.0	10
1790	1	90	52.0	0.0	10
1791	2	90	104.0	0.0	10
1792	3	90	156.0	0.0	10
1793	1	90	52.0	0.0	10
1794	5	80.0	217.6	0.0	10
1795	1	90	52.0	0.0	10
1796	4	88	165.6	0.0	10
1797	1	90	52.0	0.0	10
1798	2	90	104.0	0.0	10
1799	6	87	333.53910524340097	0.0	10
1800	1	90	52.0	0.0	10
1801	6	88	312.0	0.0	10
1802	1	90	52.0	0.0	10
1803	1	90	52.0	0.0	10
1804	1	90	52.0	0.0	10
1805	4	90	208.0	0.0	10
1806	1	90	52.0	0.0	10
1807	3	90	156.0	0.0	10
1808	3	89	156.0	0.0	10
1809	4	88	165.6	0.0	10
1810	4	88	165.6	0.0	10
1811	1	90	52.0	0.0	10
1812	3	90	156.0	0.0	10
1813	5	90	260.0	0.0	10
1814	3	90	156.0	0.0	10
1815	1	90	52.0	0.0	10
1816	1	90	52.0	0.0	10
1817	5	88	260.0	0.0	10
1818	8	85	416.0	0.0	10
1819	1	90	52.0	0.0	10
1820	1	90	52.0	0.0	10
1821	1	90	52.0	0.0	10
1822	1	90	52.0	0.0	10
1823	3	90	156.0	0.0	10
1824	1	90	52.0	0.0	10
1825	5	88	260.0	0.0	10
1826	3	88	71.2	0.0	10
1827	1	90	52.0	0.0	10
1828	1	90	52.0	0.0	10
1829	4	90	208.0	0.0	10
1830	4	89	208.0	0.0	10
1831	1	90	52.0	0.0	10
1832	1	90	52.0	0.0	10
1833	1	90	52.0	0.0	10
1834	1	90	52.0	0.0	10
1835	3	89	156.0	0.0	10
1836	3	89	156.0	0.0	10
1837	3	89	156.0	0.0	10
1838	1	90	52.0	0.0	10
1839	1	90	52.0	0.0	10
1840	4	90	208.0	0.0	10
1841	1	90	52.0	0.0	10
1842	1	90	52.0	0.0	10
1843	1	90	52.0	0.0	10
1844	4	90	208.0	0.0	10
1845	1	90	52.0	0.0	10
1846	1	90	52.0	0.0	10
1847	46	37	1460.5564209736033	0.0	9
1848	3	89	156.0	0.0	10
1849	4	90	208.0	0.0	10
1850	1	90	52.0	0.0	10
1851	3	89	156.0	0.0	10
1852	1	90	52.0	0.0	10
1853	3	89	156.0	0.0	10
1854	2	90	104.0	0.0	10
1855	1	90	52.0	0.0	10
1856	1	90	52.0	0.0	10
1857	1	90	52.0	0.0	10
1858	3	90	156.0	0.0	10
1859	4	89	208.0	0.0	10
1860	3	89	156.0	0.0	10
1861	1	90	52.0	0.0	10
1862	1	90	52.0	0.0	10
1863	3	89	156.0	0.0	10
1864	6	86	269.6	0.0	10
1865	1	90	52.0	0.0	10
1866	3	90	156.0	0.0	10
1867	6	87	269.6	0.0	10
1868	2	90	104.0	0.0	10
1869	1	90	52.0	0.0	10
1870	1	90	52.0	0.0	10
1871	5	88	260.0	0.0	10
1872	1	90	52.0	0.0	10
1873	1	90	52.0	0.0	10
1874	1	90	52.0	0.0	10
1875	1	90	52.0	0.0	10
1876	5	88	260.0	0.0	10
1877	8	86	416.0	0.0	10
1878	38	48.0	1128.0	0.0	10
1879	6	87	291.13910524340093	0.0	10
1880	3	90	156.0	0.0	10
1881	1	90	52.0	0.0	10
1882	1	90	52.0	0.0	10
1883	1	90	52.0	0.0	10
1884	1	90	52.0	0.0	10
1885	1	90	52.0	0.0	10
1886	3	89	156.0	0.0	10
1887	1	90	52.0	0.0	10
1888	3	89	156.0	0.0	10
1889	6	87	269.6	0.0	10
1890	1	90	52.0	0.0	10
1891	5	90	260.0	0.0	10
1892	1	90	52.0	0.0	10
1893	3	89	156.0	0.0	10
1894	1	90	52.0	0.0	10
1895	2	90	104.0	0.0	10
1896	6	88	312.0	0.0	10
1897	1	90	52.0	0.0	10
1898	1	90	52.0	0.0	10
1899	3	89	156.0	0.0	10
1900	1	90	52.0	0.0	10
1901	4	71.0	165.6	0.0	10
1902	3	89	156.0	0.0	10
1903	1	90	52.0	0.0	10
1904	1	90	52.0	0.0	10
1905	3	89	156.0	0.0	10
1906	3	89	156.0	0.0	10
1907	5	89	260.0	0.0	10
1908	1	90	52.0	0.0	10
1909	3	90	156.0	0.0	10
1910	1	90	52.0	0.0	10
1911	1	90	52.0	0.0	10
1912	1	90	52.0	0.0	10
1913	2	90	104.0	0.0	10
1914	7	87	364.0	0.0	10
1915	1	90	52.0	0.0	10
1916	3	89	156.0	0.0	10
1917	1	90	52.0	0.0	10
1918	1	90	52.0	0.0	10
1919	6	88	312.0	0.0	10
1920	1	90	52.0	0.0	10
1921	1	90	52.0	0.0	10
1922	1	90	52.0	0.0	10
1923	5	88	260.0	0.0	10
1924	3	89	177.53910524340097	0.0	10
1925	1	90	52.0	0.0	10
1926	3	90	156.0	0.0	10
1927	3	89	156.0	0.0	10
1928	4	89	208.0	0.0	10
1929	1	90	52.0	0.0	10
1930	3	89	156.0	0.0	10
1931	9	86	489.53910524340097	0.0	10
1932	3	89	156.0	0.0	10
1933	3	90	156.0	0.0	10
1934	4	90	208.0	0.0	10
1935	1	90	52.0	0.0	10
1936	4	88	165.6	0.0	10
1937	3	90	156.0	0.0	10
1938	3	90	156.0	0.0	10
1939	1	90	52.0	0.0	10
1940	4	89	208.0	0.0	10
1941	7	87	364.0	0.0	10
1942	1	90	52.0	0.0	10
1943	1	90	52.0	0.0	10
1944	5	88	260.0	0.0	10
1945	3	89	156.0	0.0	10
1946	3	89	156.0	0.0	10
1947	1	90	52.0	0.0	10
1948	1	90	52.0	0.0	10
1949	1	90	52.0	0.0	10
1950	1	90	52.0	0.0	10
1951	1	90	52.0	0.0	10
1952	1	90	52.0	0.0	10
1953	3	89	156.0	0.0	10
1954	5	89	260.0	0.0	10
1955	3	89	156.0	0.0	10
1956	3	89	156.0	0.0	10
1957	3	90	156.0	0.0	10
1958	1	90	52.0	0.0	10
1959	1	90	52.0	0.0	10
1960	1	90	52.0	0.0	10
1961	3	89	156.0	0.0	10
1962	1	90	52.0	0.0	10
1963	2	90	104.0	0.0	10
1964	3	89	156.0	0.0	10
1965	1	90	52.0	0.0	10
1966	7	86	364.0	0.0	10
1967	3	89	156.0	0.0	10
1968	1	90	52.0	0.0	10
1969	3	89	156.0	0.0	10
1970	1	90	52.0	0.0	10
1971	1	90	52.0	0.0	10
1972	1	90	52.0	0.0	10
1973	3	89	156.0	0.0	10
1974	10	83	520.0	0.0	10
1975	5	89	260.0	0.0	10
1976	1	90	52.0	0.0	10
1977	3	89	156.0	0.0	10
1978	3	90	156.0	0.0	10
1979	1	90	52.0	0.0	10
1980	5	89	260.0	0.0	10
1981	1	90	52.0	0.0	10
1982	1	90	52.0	0.0	10
1983	1	90	52.0	0.0	10
1984	3	89	156.0	0.0	10
1985	1	90	52.0	0.0	10
1986	3	90	156.0	0.0	10
1987	1	90	52.0	0.0	10
1988	1	90	52.0	0.0	10
1989	1	90	52.0	0.0	10
1990	1	90	52.0	0.0	10
1991	5	88	260.0	0.0	10
1992	3	90	156.0	0.0	10
1993	1	90	52.0	0.0	10
1994	1	90	52.0	0.0	10
1995	5	88	260.0	0.0	10
1996	1	90	52.0	0.0	10
1997	1	90	52.0	0.0	10
1998	1	90	52.0	0.0	10
1999	1	90	52.0	0.0	10
2000	1	90	52.0	0.0	10
2001	1	90	52.0	0.0	10
2002	1	90	52.0	0.0	10
2003	1	90	52.0	0.0	10
2004	5	88	260.0	0.0	10
2005	6	88	333.53910524340097	0.0	10
2006	5	87	260.0	0.0	10
2007	7	89	364.0	0.0	10
2008	5	89	260.0	0.0	10
2009	3	89	156.0	0.0	10
2010	1	90	52.0	0.0	10
2011	1	90	52.0	0.0	10
2012	7	87	364.0	0.0	10
2013	1	90	52.0	0.0	10
2014	4	89	208.0	0.0	10
2015	3	89	156.0	0.0	10
2016	1	90	52.0	0.0	10
2017	4	90	208.0	0.0	10
2018	1	90	52.0	0.0	10
2019	1	90	52.0	0.0	10
2020	1	90	52.0	0.0	10
2021	3	90	156.0	0.0	10
2022	1	90	52.0	0.0	10
2023	2	90	104.0	0.0	10
2024	1	90	52.0	0.0	10
2025	5	89	260.0	0.0	10
2026	3	90	156.0	0.0	10
2027	1	90	52.0	0.0	10
2028	1	90	52.0	0.0	10
2029	5	89	260.0	0.0	10
2030	4	89	208.0	0.0	10
2031	6	87	312.0	0.0	10
2032	1	90	52.0	0.0	10
2033	3	90	156.0	0.0	10
2034	1	90	52.0	0.0	10
2035	1	90	52.0	0.0	10
2036	1	90	52.0	0.0	10
2037	5	90	260.0	0.0	10
2038	1	90	52.0	0.0	10
2039	1	90	52.0	0.0	10
2040	1	90	52.0	0.0	10
2041	1	90	52.0	0.0	10
2042	3	89	156.0	0.0	10
2043	29	55.0	787.2000000000004	0.0	10
2044	1	90	52.0	0.0	10
2045	1	90	52.0	0.0	10
2046	1	90	52.0	0.0	10
2047	1	90	52.0	0.0	10
2048	1	90	52.0	0.0	10
2049	1	90	52.0	0.0	10
2050	1	90	52.0	0.0	10
2051	3	90	156.0	0.0	10
2052	1	90	52.0	0.0	10
2053	46	38	950.4000000000008	0.0	9
2054	3	89	156.0	0.0	10
2055	5	89	260.0	0.0	10
2056	7	87	364.0	0.0	10
2057	1	90	52.0	0.0	10
2058	6	88	312.0	0.0	10
2059	1	90	52.0	0.0	10
2060	1	90	52.0	0.0	10
2061	1	90	52.0	0.0	10
2062	1	90	52.0	0.0	10
2063	3	90	156.0	0.0	10
2064	1	90	52.0	0.0	10
2065	5	90	260.0	0.0	10
2066	3	90	156.0	0.0	10
2067	3	90	156.0	0.0	10
2068	3	89	156.0	0.0	10
2069	1	90	52.0	0.0	10
2070	4	90	208.0	0.0	10
2071	3	90	156.0	0.0	10
2072	1	90	52.0	0.0	10
2073	3	90	156.0	0.0	10
2074	1	90	52.0	0.0	10
2075	1	90	52.0	0.0	10
2076	1	90	52.0	0.0	10
2077	1	90	52.0	0.0	10
2078	1	90	52.0	0.0	10
2079	1	90	52.0	0.0	10
2080	1	90	52.0	0.0	10
2081	1	90	52.0	0.0	10
2082	1	90	52.0	0.0	10
2083	7	86	364.0	0.0	10
2084	3	90	156.0	0.0	10
2085	1	90	52.0	0.0	10
2086	1	90	52.0	0.0	10
2087	1	90	52.0	0.0	10
2088	1	90	52.0	0.0	10
2089	4	88	208.0	0.0	10
2090	4	88	208.0	0.0	10
2091	5	88	260.0	0.0	10
2092	1	90	52.0	0.0	10
2093	1	90	52.0	0.0	10
2094	7	87	364.0	0.0	10
2095	7	87	364.0	0.0	10
2096	6	86	312.0	0.0	10
2097	3	89	156.0	0.0	10
2098	3	90	156.0	0.0	10
2099	1	90	52.0	0.0	10
2100	1	90	52.0	0.0	10
2101	2	90	104.0	0.0	10
2102	1	90	52.0	0.0	10
2103	3	89	156.0	0.0	10
2104	3	90	156.0	0.0	10
2105	1	90	52.0	0.0	10
2106	5	87	260.0	0.0	10
2107	3	89	156.0	0.0	10
2108	1	90	52.0	0.0	10
2109	3	90	156.0	0.0	10
2110	5	88	260.0	0.0	10
2111	1	90	52.0	0.0	10
2112	1	90	52.0	0.0	10
2113	3	90	156.0	0.0	10
2114	3	89	156.0	0.0	10
2115	3	89	156.0	0.0	10
2116	4	89	208.0	0.0	10
2117	3	90	156.0	0.0	10
2118	4	90	208.0	0.0	10
2119	5	89	260.0	0.0	10
2120	1	90	52.0	0.0	10
2121	1	90	52.0	0.0	10
2122	3	89	156.0	0.0	10
2123	1	90	52.0	0.0	10
2124	1	90	52.0	0.0	10
2125	2	89	125.53910524340095	0.0	10
2126	1	90	52.0	0.0	10
2127	46	35	1183.9391052434003	0.0	9
2128	1	90	52.0	0.0	10
2129	1	90	52.0	0.0	10
2130	1	90	52.0	0.0	10
2131	7	87	364.0	0.0	10
2132	5	88	260.0	0.0	10
2133	4	80.0	165.6	0.0	10
2134	1	90	52.0	0.0	10
2135	1	90	52.0	0.0	10
2136	4	90	208.0	0.0	10
2137	5	89	260.0	0.0	10
2138	7	87	364.0	0.0	10
2139	1	90	52.0	0.0	10
2140	4	90	208.0	0.0	10
2141	2	90	104.0	0.0	10
2142	1	90	52.0	0.0	10
2143	7	87	364.0	0.0	10
2144	1	90	52.0	0.0	10
2145	1	90	52.0	0.0	10
2146	4	88	208.0	0.0	10
2147	1	90	52.0	0.0	10
2148	1	90	52.0	0.0	10
2149	1	90	52.0	0.0	10
2150	3	89	156.0	0.0	10
2151	1	90	52.0	0.0	10
2152	1	90	52.0	0.0	10
2153	1	90	52.0	0.0	10
2154	3	72.0	71.2	0.0	10
2155	1	90	52.0	0.0	10
2156	1	90	52.0	0.0	10
2157	5	88	217.6	0.0	10
2158	1	90	52.0	0.0	10
2159	2	90	104.0	0.0	10
2160	1	90	52.0	0.0	10
2161	1	90	52.0	0.0	10
2162	3	89	156.0	0.0	10
2163	1	90	52.0	0.0	10
2164	1	90	52.0	0.0	10
2165	1	90	52.0	0.0	10
2166	1	90	52.0	0.0	10
2167	3	89	156.0	0.0	10
2168	5	89	260.0	0.0	10
2169	1	90	52.0	0.0	10
2170	1	90	52.0	0.0	10
2171	1	90	52.0	0.0	10
2172	4	90	208.0	0.0	10
2173	1	90	52.0	0.0	10
2174	1	90	52.0	0.0	10
2175	1	90	52.0	0.0	10
2176	1	90	52.0	0.0	10
2177	3	89	156.0	0.0	10
2178	2	90	104.0	0.0	10
2179	3	89	156.0	0.0	10
2180	1	90	52.0	0.0	10
2181	1	90	52.0	0.0	10
2182	1	90	52.0	0.0	10
2183	1	90	52.0	0.0	10
2184	3	89	156.0	0.0	10
2185	7	86	364.0	0.0	10
2186	1	90	52.0	0.0	10
2187	1	90	52.0	0.0	10
2188	1	90	52.0	0.0	10
2189	5	89	260.0	0.0	10
2190	1	90	52.0	0.0	10
2191	3	89	156.0	0.0	10
2192	2	90	104.0	0.0	10
2193	3	89	156.0	0.0	10
2194	1	90	52.0	0.0	10
2195	4	90	208.0	0.0	10
2196	5	88	260.0	0.0	10
2197	6	88	312.0	0.0	10
2198	3	89	156.0	0.0	10
2199	4	89	208.0	0.0	10
2200	1	90	52.0	0.0	10
2201	1	90	52.0	0.0	10
2202	1	90	52.0	0.0	10
2203	1	90	52.0	0.0	10
2204	1	90	52.0	0.0	10
2205	1	90	52.0	0.0	10
2206	3	89	156.0	0.0	10
2207	1	90	52.0	0.0	10
2208	4	90	208.0	0.0	10
2209	1	90	52.0	0.0	10
2210	3	89	156.0	0.0	10
2211	3	89	156.0	0.0	10
2212	1	90	52.0	0.0	10
2213	13	81	676.0	0.0	10
2214	5	88	260.0	0.0	10
2215	1	90	52.0	0.0	10
2216	1	90	52.0	0.0	10
2217	1	90	52.0	0.0	10
2218	3	89	156.0	0.0	10
2219	1	90	52.0	0.0	10
2220	1	90	52.0	0.0	10
2221	1	90	52.0	0.0	10
2222	1	90	52.0	0.0	10
2223	5	88	260.0	0.0	10
2224	1	90	52.0	0.0	10
2225	5	88	260.0	0.0	10
2226	4	89	208.0	0.0	10
2227	3	90	156.0	0.0	10
2228	1	90	52.0	0.0	10
2229	1	90	52.0	0.0	10
2230	5	89	260.0	0.0	10
2231	3	89	156.0	0.0	10
2232	1	90	52.0	0.0	10
2233	1	90	52.0	0.0	10
2234	1	90	52.0	0.0	10
2235	1	90	52.0	0.0	10
2236	2	90	104.0	0.0	10
2237	1	90	52.0	0.0	10
2238	1	90	52.0	0.0	10
2239	1	90	52.0	0.0	10
2240	2	89	61.6	0.0	10
2241	4	90	208.0	0.0	10
2242	4	88	229.53910524340097	0.0	10
2243	4	89	208.0	0.0	10
2244	4	90	208.0	0.0	10
2245	7	80.0	321.6	0.0	10
2246	3	89	156.0	0.0	10
2247	1	90	52.0	0.0	10
2248	1	90	52.0	0.0	10
2249	1	90	52.0	0.0	10
2250	1	90	52.0	0.0	10
2251	3	89	156.0	0.0	10
2252	1	90	52.0	0.0	10
2253	2	90	104.0	0.0	10
2254	1	90	52.0	0.0	10
2255	3	89	156.0	0.0	10
2256	1	90	52.0	0.0	10
2257	1	90	52.0	0.0	10
2258	3	89	156.0	0.0	10
2259	1	90	52.0	0.0	10
2260	5	88	260.0	0.0	10
2261	3	90	156.0	0.0	10
2262	8	86	416.0	0.0	10
2263	1	90	52.0	0.0	10
2264	1	90	52.0	0.0	10
2265	1	90	52.0	0.0	10
2266	3	89	113.6	0.0	10
2267	1	90	52.0	0.0	10
2268	1	90	52.0	0.0	10
2269	3	89	156.0	0.0	10
2270	1	90	52.0	0.0	10
2271	1	90	52.0	0.0	10
2272	5	88	260.0	0.0	10
2273	1	90	52.0	0.0	10
2274	3	90	156.0	0.0	10
2275	1	90	52.0	0.0	10
2276	3	90	156.0	0.0	10
2277	1	90	52.0	0.0	10
2278	1	90	52.0	0.0	10
2279	7	85	364.0	0.0	10
2280	1	90	52.0	0.0	10
2281	1	90	52.0	0.0	10
2282	3	80.0	113.6	0.0	10
2283	1	90	52.0	0.0	10
2284	3	90	156.0	0.0	10
2285	1	90	52.0	0.0	10
2286	4	90	208.0	0.0	10
2287	3	89	156.0	0.0	10
2288	3	89	156.0	0.0	10
2289	1	90	52.0	0.0	10
2290	1	90	52.0	0.0	10
2291	6	87	312.0	0.0	10
2292	4	89	208.0	0.0	10
2293	3	90	156.0	0.0	10
2294	3	89	156.0	0.0	10
2295	3	89	156.0	0.0	10
2296	4	90	208.0	0.0	10
2297	1	90	52.0	0.0	10
2298	7	86	364.0	0.0	10
2299	5	89	260.0	0.0	10
2300	1	90	52.0	0.0	10
2301	3	90	156.0	0.0	10
2302	1	90	52.0	0.0	10
2303	1	90	52.0	0.0	10
2304	1	90	52.0	0.0	10
2305	7	78.0	321.6	0.0	10
2306	3	90	156.0	0.0	10
2307	1	90	52.0	0.0	10
2308	1	90	52.0	0.0	10
2309	3	89	156.0	0.0	10
2310	1	90	52.0	0.0	10
2311	3	89	156.0	0.0	10
2312	1	90	52.0	0.0	10
2313	5	88	260.0	0.0	10
2314	6	88	312.0	0.0	10
2315	1	90	52.0	0.0	10
2316	1	90	52.0	0.0	10
2317	1	90	52.0	0.0	10
2318	1	90	52.0	0.0	10
2319	3	89	156.0	0.0	10
2320	1	90	52.0	0.0	10
2321	4	89	208.0	0.0	10
2322	3	89	156.0	0.0	10
2323	3	89	156.0	0.0	10
2324	5	89	260.0	0.0	10
2325	4	88	229.53910524340097	0.0	10
2326	1	90	52.0	0.0	10
2327	3	72.0	113.6	0.0	10
2328	1	90	52.0	0.0	10
2329	3	89	156.0	0.0	10
2330	5	87	260.0	0.0	10
