EpNum	EpSteps	Reward	ener	dist	NumCovTargets
1	54	0	2540.199420598221	0.0	5
2	54	32	2772.382104868019	0.0	8
3	54	21	2261.5474734076124	0.0	7
4	54	22	1942.5301576774095	0.0	7
5	54	10	2369.242999624617	0.0	6
6	54	11	2112.1301576774094	0.0	6
7	54	21	2943.338525841623	0.0	7
8	54	-11	2645.182104868019	0.0	4
9	54	11	2559.703894381216	0.0	6
10	54	21	2431.147473407613	0.0	7
11	54	32	2262.225683894414	0.0	8
12	54	43	2154.5301576774086	0.0	9
13	54	-11	2344.991052434009	0.0	4
14	54	0	3027.460315354821	0.0	5
15	54	10	3028.138525841623	0.0	6
16	54	44	2390.7821048680175	0.0	9
17	54	22	2559.7038943812163	0.0	7
18	54	-22	2815.4603153548205	0.0	3
19	54	11	2686.9038943812166	0.0	6
20	54	11	2453.364789137815	0.0	6
21	54	21	2305.3038943812153	0.0	7
22	54	22	2561.06031535482	0.0	7
23	54	22	1794.46926292081	0.0	7
24	54	0	2645.1821048680185	0.0	5
25	54	10	2496.442999624617	0.0	6
26	54	-1	2390.103894381216	0.0	5
27	54	-12	2219.825683894414	0.0	4
28	54	22	2070.408368164211	0.0	7
29	54	-11	2283.0865786510126	0.0	4
30	54	11	2732.016736328424	0.0	6
31	54	42	2538.1647891378148	0.0	9
32	54	0	2516.625683894415	0.0	5
33	54	11	2730.6603153548203	0.0	6
34	54	-11	2218.4692629208103	0.0	4
35	54	10	2239.3301576774097	0.0	6
36	54	11	2624.321210111419	0.0	6
37	54	11	2581.2429996246174	0.0	6
38	54	21	2283.7647891378147	0.0	7
39	54	11	2559.7038943812163	0.0	6
40	54	0	2623.6429996246175	0.0	5
41	54	22	2283.0865786510126	0.0	7
42	54	-22	2581.2429996246165	0.0	3
43	54	10	2516.625683894414	0.0	6
44	54	31	2262.2256838944145	0.0	8
45	54	43	2602.103894381217	0.0	9
46	54	32	2791.8865786510146	0.0	8
47	54	-33	2304.625683894414	0.0	2
48	54	22	2772.3821048680184	0.0	7
49	54	32	2112.8083681642106	0.0	8
50	54	21	2431.825683894414	0.0	7
51	54	31	2176.7474734076113	0.0	8
52	54	11	2388.0692629208106	0.0	6
53	54	11	2709.7994205982213	0.0	6
54	54	21	2474.9038943812157	0.0	7
55	54	32	2410.286578651013	0.0	8
56	53	55	2487.521210111419	0.0	10
57	54	-11	1857.7301576774098	0.0	4
58	54	21	1943.8865786510125	0.0	7
59	54	21	2049.5474734076124	0.0	7
60	54	32	2624.3212101114186	0.0	8
61	54	-1	2006.4692629208093	0.0	5
62	54	-1	2133.6692629208096	0.0	5
63	54	32	2390.1038943812155	0.0	8
64	54	21	2517.9821048680174	0.0	7
65	54	0	2709.799420598222	0.0	5
66	37	69	1438.7737367038064	0.0	10
67	54	42	2644.5038943812165	0.0	9
68	54	31	2283.764789137815	0.0	8
69	54	22	2390.1038943812164	0.0	7
70	54	33	2390.103894381216	0.0	8
71	54	22	2367.208368164211	0.0	7
72	54	22	2347.025683894414	0.0	7
73	54	43	2474.9038943812166	0.0	9
74	54	0	2239.3301576774097	0.0	5
75	54	-11	1857.0519471906073	0.0	4
76	54	22	2262.225683894414	0.0	7
77	54	44	2516.625683894414	0.0	9
78	54	32	2453.364789137815	0.0	8
79	54	-11	2771.025683894414	0.0	4
80	54	-1	2561.0603153548204	0.0	5
81	54	10	2239.3301576774093	0.0	6
82	54	-11	2303.947473407612	0.0	4
83	54	21	2219.147473407612	0.0	7
84	54	-22	2049.5474734076124	0.0	3
85	54	33	2600.7474734076127	0.0	8
86	54	32	2773.06031535482	0.0	8
87	54	-1	2835.6429996246175	0.0	5
88	54	10	2686.225683894415	0.0	6
89	54	22	2453.364789137815	0.0	7
90	54	22	2964.199420598222	0.0	7
91	54	-22	1900.1301576774088	0.0	3
92	54	0	2707.7647891378156	0.0	5
93	54	10	2666.0429996246166	0.0	6
94	54	21	2666.0429996246176	0.0	7
95	54	21	2410.2865786510138	0.0	7
96	54	22	2071.7647891378147	0.0	7
97	54	-1	2453.3647891378146	0.0	5
98	54	21	2070.4083681642105	0.0	7
99	54	32	2155.8865786510128	0.0	8
100	54	43	1750.034631460404	0.0	9
101	54	22	2219.1474734076123	0.0	7
102	54	43	2559.7038943812154	0.0	9
103	54	11	2005.7910524340086	0.0	6
104	54	-1	2069.730157677409	0.0	5
105	54	20	2091.947473407612	0.0	7
106	54	-11	2282.4083681642105	0.0	4
107	54	43	2475.5821048680177	0.0	9
108	54	31	2325.4865786510136	0.0	8
109	54	-1	2622.964789137815	0.0	5
110	54	32	1772.2519471906064	0.0	8
111	54	0	2326.1647891378143	0.0	5
112	54	31	2178.103894381215	0.0	8
113	54	30	2495.7647891378147	0.0	8
114	54	21	2517.3038943812157	0.0	7
115	54	0	1750.712841947207	0.0	5
116	54	0	1730.530157677409	0.0	5
117	54	43	2686.9038943812166	0.0	9
118	54	11	1729.1737367038054	0.0	6
119	54	0	2496.4429996246176	0.0	5
120	54	42	2326.164789137815	0.0	9
121	45	64	1984.6865786510134	0.0	10
122	54	32	2517.9821048680183	0.0	8
123	54	21	2240.0083681642104	0.0	7
124	54	9	1771.5737367038064	0.0	6
125	54	32	2326.1647891378157	0.0	8
126	54	42	2112.8083681642106	0.0	9
127	54	32	2219.147473407613	0.0	8
128	54	10	2134.3474734076112	0.0	6
129	54	-22	2114.1647891378148	0.0	3
130	54	32	2410.2865786510138	0.0	8
131	54	11	2622.964789137815	0.0	6
132	54	21	2283.7647891378147	0.0	7
133	54	21	2239.330157677409	0.0	7
134	54	32	2729.9821048680183	0.0	8
135	54	-11	2664.686578651013	0.0	4
136	54	-1	1962.7128419472065	0.0	5
137	54	42	1772.9301576774083	0.0	9
138	54	0	2091.2692629208095	0.0	5
139	54	10	1708.3128419472062	0.0	6
140	54	20	1814.6519471906079	0.0	7
141	36	71	1153.2346314604056	0.0	10
142	29	79	1404.3737367038061	0.0	10
143	54	32	2069.7301576774094	0.0	8
144	54	22	2005.791052434008	0.0	7
145	54	21	2091.947473407613	0.0	7
146	54	42	2070.4083681642105	0.0	9
147	54	31	2091.26926292081	0.0	8
148	54	54	2454.0429996246166	0.0	10
149	54	11	2262.225683894413	0.0	6
150	54	43	2197.6083681642112	0.0	9
151	54	-1	1878.591052434008	0.0	5
152	54	-11	1603.330157677409	0.0	4
153	54	42	2282.408368164211	0.0	9
154	54	43	1814.6519471906074	0.0	9
155	54	21	1943.2083681642118	0.0	7
156	54	21	1964.069262920809	0.0	7
157	54	32	1517.173736703805	0.0	8
158	54	32	2156.5647891378144	0.0	8
159	54	44	2283.7647891378156	0.0	9
160	54	21	2155.8865786510123	0.0	7
161	54	20	1709.6692629208103	0.0	7
162	54	21	1836.8692629208103	0.0	7
163	54	31	2135.025683894414	0.0	8
164	54	0	1389.2955262170042	0.0	5
165	54	41	2410.2865786510124	0.0	9
166	54	-1	2071.086578651014	0.0	5
167	54	42	2731.3385258416215	0.0	9
168	54	-1	2324.808368164212	0.0	5
169	54	21	2027.330157677409	0.0	7
170	52	56	2199.2692629208095	0.0	10
171	54	42	1729.851947190608	0.0	9
172	47	59	1663.3301576774095	0.0	10
173	43	63	1369.1737367038065	0.0	10
174	54	33	2410.2865786510133	0.0	8
175	54	21	1686.7737367038058	0.0	7
176	54	21	1476.808368164212	0.0	7
177	54	53	2580.5647891378158	0.0	10
178	54	32	2110.7737367038058	0.0	8
179	54	43	2709.1212101114193	0.0	9
180	54	21	1877.9128419472065	0.0	7
181	54	32	2135.025683894413	0.0	8
182	54	32	2175.391052434008	0.0	8
183	54	43	2239.330157677409	0.0	9
184	54	-1	1346.8955262170032	0.0	5
185	54	0	1665.912841947206	0.0	5
186	54	10	2303.269262920811	0.0	6
187	54	11	1453.9128419472067	0.0	6
188	54	33	2240.0083681642104	0.0	8
189	54	32	2114.8429996246155	0.0	8
190	54	43	2198.964789137816	0.0	9
191	54	31	2217.1128419472066	0.0	8
192	54	31	2219.8256838944135	0.0	8
193	45	62	1451.6346314604048	0.0	10
194	54	21	2028.0083681642113	0.0	7
195	54	43	2112.808368164211	0.0	9
196	54	32	2219.147473407613	0.0	8
197	54	-22	1899.4519471906078	0.0	3
198	54	43	3114.973157302029	0.0	9
199	54	43	2941.982104868019	0.0	9
200	54	43	2367.8865786510123	0.0	9
201	54	-22	2666.7212101114187	0.0	3
202	54	20	1941.851947190607	0.0	7
203	54	31	2155.2083681642107	0.0	8
204	54	10	2367.208368164212	0.0	6
205	54	42	2429.791052434008	0.0	9
206	54	21	1771.573736703806	0.0	7
207	54	31	2473.5474734076124	0.0	8
208	54	43	2198.2865786510124	0.0	9
209	54	43	1923.7038943812145	0.0	9
210	54	21	1665.9128419472063	0.0	7
211	54	32	1857.7301576774082	0.0	8
212	54	32	2199.6429996246156	0.0	8
213	54	-1	1603.3301576774102	0.0	5
214	54	21	2113.4865786510118	0.0	7
215	25	81	984.3737367038069	0.0	10
216	51	56	1701.0519471906061	0.0	10
217	54	0	2559.025683894414	0.0	5
218	54	32	2007.147473407611	0.0	8
219	54	42	1560.2519471906066	0.0	9
220	54	20	2472.8692629208103	0.0	7
221	54	-1	1709.6692629208092	0.0	5
222	54	32	2474.225683894414	0.0	8
223	54	43	2389.425683894414	0.0	9
224	54	43	2456.077631085023	0.0	9
225	54	-1	1792.4346314604047	0.0	5
226	54	43	2728.625683894415	0.0	9
227	54	42	1879.9474734076107	0.0	9
228	54	43	1941.8519471906086	0.0	9
229	49	57	2190.6519471906076	0.0	10
230	32	75	1497.112841947207	0.0	10
231	17	91	971.5128419472078	0.0	10
232	54	32	2559.703894381215	0.0	8
233	54	32	2453.364789137815	0.0	8
234	54	41	1985.6083681642099	0.0	9
235	54	32	2600.7474734076127	0.0	8
236	54	32	1793.7910524340073	0.0	8
237	54	20	1517.1737367038063	0.0	7
238	54	42	2132.9910524340085	0.0	9
239	54	21	2326.8429996246155	0.0	7
240	20	88	701.4782104868021	0.0	10
241	52	55	2390.4083681642114	0.0	10
242	54	-11	2688.9385258416223	0.0	4
243	54	22	3009.3122625454293	0.0	7
244	54	21	1898.773736703806	0.0	7
245	54	43	2155.886578651012	0.0	9
246	54	32	1986.2865786510133	0.0	8
247	54	21	2792.564789137815	0.0	7
248	54	11	1581.1128419472077	0.0	6
249	54	43	2368.5647891378144	0.0	9
250	54	32	2025.295526217003	0.0	8
251	54	21	1624.8692629208103	0.0	7
252	54	43	1900.1301576774079	0.0	9
253	54	20	2365.851947190608	0.0	7
254	54	31	2517.3038943812153	0.0	8
255	54	43	2005.791052434008	0.0	9
256	19	88	904.556420973604	0.0	10
257	54	10	1984.2519471906064	0.0	6
258	54	32	2027.3301576774084	0.0	8
259	54	43	1515.8173157302008	0.0	9
260	54	21	2538.842999624617	0.0	7
261	54	43	1921.66926292081	0.0	9
262	54	42	1304.495526217003	0.0	9
263	54	32	1346.895526217004	0.0	8
264	32	75	1370.5910524340088	0.0	10
265	54	42	1751.3910524340076	0.0	9
266	54	42	1452.5564209736033	0.0	9
267	54	32	1622.1564209736018	0.0	8
268	50	57	1519.8173157302022	0.0	10
269	54	10	1113.3564209736037	0.0	6
270	54	42	1580.4346314604043	0.0	9
271	37	70	1246.278210486801	0.0	10
272	54	32	2007.147473407611	0.0	8
273	54	43	1452.5564209736028	0.0	9
274	54	43	1622.8346314604046	0.0	9
275	29	79	1170.156420973604	0.0	10
276	54	32	1388.6173157302017	0.0	8
277	54	43	1985.60836816421	0.0	9
278	54	43	1686.0955262170025	0.0	9
279	54	42	1410.1564209736039	0.0	9
280	54	43	1770.2173157302025	0.0	9
281	54	32	2155.2083681642107	0.0	8
282	54	21	1685.4173157302016	0.0	7
283	25	81	664.6782104868023	0.0	10
284	54	10	1770.8955262170048	0.0	6
285	54	21	2006.4692629208098	0.0	7
286	54	21	1707.6346314604052	0.0	7
287	54	43	1516.4955262170038	0.0	9
288	54	32	1176.6173157302028	0.0	8
289	51	57	2102.1564209736034	0.0	10
290	54	43	1431.017315730202	0.0	9
291	54	0	1452.5564209736028	0.0	5
292	54	43	1007.0173157302039	0.0	9
293	54	43	1389.9737367038042	0.0	9
294	54	31	1474.0955262170028	0.0	8
295	54	32	1410.1564209736014	0.0	8
296	24	83	1635.7038943812165	0.0	10
297	54	32	1517.851947190606	0.0	8
298	54	42	1900.8083681642102	0.0	9
299	28	78	778.2782104868023	0.0	10
300	54	30	1261.4173157302016	0.0	8
301	54	32	2176.7474734076127	0.0	8
302	31	77	1487.5128419472076	0.0	10
303	54	42	1601.9737367038053	0.0	9
304	54	42	1261.417315730201	0.0	9
305	54	32	1262.7737367038055	0.0	8
306	54	32	1197.4782104868013	0.0	8
307	54	42	1155.7564209736033	0.0	9
308	54	32	1027.8782104868028	0.0	8
309	54	31	1112.6782104868018	0.0	8
310	54	21	1920.9910524340075	0.0	7
311	54	21	1112.6782104868018	0.0	7
312	54	41	1261.417315730201	0.0	9
313	54	42	1070.2782104868024	0.0	9
314	32	75	838.2173157302034	0.0	10
315	54	31	1112.6782104868018	0.0	8
316	54	43	1176.6173157302028	0.0	9
317	54	31	1410.834631460404	0.0	8
318	54	31	985.4782104868029	0.0	8
319	54	42	943.078210486803	0.0	9
320	22	85	849.234631460406	0.0	10
321	38	70	1533.8519471906084	0.0	10
322	54	43	1601.9737367038047	0.0	9
323	21	86	1458.164789137816	0.0	10
324	54	42	1519.208368164209	0.0	9
325	54	42	1284.3128419472055	0.0	9
326	54	32	1305.1737367038043	0.0	8
327	54	42	1240.5564209736021	0.0	9
328	25	82	664.6782104868023	0.0	10
329	54	41	1261.417315730201	0.0	9
330	54	43	1112.6782104868018	0.0	9
331	54	31	1794.4692629208084	0.0	8
332	54	42	1007.0173157302039	0.0	9
333	54	43	1410.156420973601	0.0	9
334	54	43	1112.6782104868018	0.0	9
335	54	32	1261.4173157302016	0.0	8
336	54	54	1240.556420973603	0.0	10
337	42	66	1379.7564209736029	0.0	10
338	42	65	997.4782104868026	0.0	10
339	54	21	1303.8173157302008	0.0	7
340	23	85	1070.1564209736039	0.0	10
341	54	43	1112.678210486802	0.0	9
342	54	31	1198.8346314604046	0.0	8
343	54	32	1582.4692629208084	0.0	8
344	54	31	1411.5128419472044	0.0	8
345	54	42	1262.7737367038067	0.0	9
346	54	31	1198.8346314604046	0.0	8
347	54	32	1177.2955262170044	0.0	8
348	54	42	1007.6955262170059	0.0	9
349	54	54	1326.712841947205	0.0	10
350	54	43	1560.251947190606	0.0	9
351	54	43	1156.4346314604052	0.0	9
352	50	57	1267.4519471906067	0.0	10
353	54	31	1816.6865786510118	0.0	8
354	54	42	1369.1128419472063	0.0	9
355	54	42	1050.0955262170055	0.0	9
356	54	31	1050.0955262170055	0.0	8
357	54	31	1262.095526217003	0.0	8
358	54	42	1389.9737367038047	0.0	9
359	54	43	1134.8955262170045	0.0	9
360	54	43	1177.295526217004	0.0	9
361	54	42	1092.495526217005	0.0	9
362	54	43	1028.5564209736049	0.0	9
363	54	10	1389.295526217003	0.0	6
364	54	42	1538.712841947206	0.0	9
365	54	43	1134.895526217005	0.0	9
366	54	42	1177.295526217004	0.0	9
367	54	21	1155.7564209736033	0.0	7
368	54	31	1198.1564209736027	0.0	8
369	54	43	1177.295526217004	0.0	9
370	54	42	1262.0955262170041	0.0	9
371	28	80	969.4173157302032	0.0	10
372	54	31	1537.3564209736023	0.0	8
373	54	42	1622.1564209736011	0.0	9
374	54	42	1601.2955262170021	0.0	9
375	54	31	1177.295526217004	0.0	8
376	54	42	1303.8173157302003	0.0	9
377	54	42	1155.7564209736033	0.0	9
378	54	41	1282.9564209736022	0.0	9
379	54	42	1070.9564209736043	0.0	9
380	54	43	1241.2346314604042	0.0	9
381	54	32	1177.295526217004	0.0	8
382	54	42	1219.0173157302015	0.0	9
383	54	41	1177.295526217004	0.0	9
384	54	31	1113.3564209736037	0.0	8
385	54	32	1282.9564209736036	0.0	8
386	17	90	779.017315730203	0.0	10
387	54	42	1176.617315730202	0.0	9
388	54	43	1262.0955262170048	0.0	9
389	54	43	1282.2782104867997	0.0	9
390	54	21	1219.0173157302013	0.0	7
391	54	32	1326.0346314604037	0.0	8
392	54	43	1347.5737367038053	0.0	9
393	54	43	1304.4955262170035	0.0	9
394	54	42	1283.634631460405	0.0	9
395	54	43	1262.095526217003	0.0	9
396	54	43	1070.9564209736043	0.0	9
397	54	43	1262.0955262170037	0.0	9
398	54	-33	1007.6955262170057	0.0	2
399	54	43	1134.8955262170052	0.0	9
400	54	43	1070.9564209736043	0.0	9
401	54	32	1155.7564209736033	0.0	8
402	54	42	1474.7737367038042	0.0	9
403	54	43	1177.295526217004	0.0	9
404	54	42	1134.2173157302025	0.0	9
405	54	42	1134.2173157302025	0.0	9
406	54	42	1113.3564209736037	0.0	9
407	14	92	814.1564209736039	0.0	10
408	54	42	1177.2955262170053	0.0	9
409	54	43	1177.295526217004	0.0	9
410	54	-22	1326.712841947207	0.0	3
411	54	43	1855.6955262170054	0.0	9
412	54	43	2830.8955262170048	0.0	9
413	54	43	2639.7564209736033	0.0	9
414	21	86	1071.817315730203	0.0	10
415	54	43	2746.0955262170046	0.0	9
416	54	42	1940.4955262170054	0.0	9
417	25	82	877.3564209736041	0.0	10
418	54	41	1706.9564209736045	0.0	9
419	54	43	2894.156420973604	0.0	9
420	54	43	2703.695526217004	0.0	9
421	50	57	2729.234631460406	0.0	10
422	54	43	2768.3128419472077	0.0	9
423	54	-22	2152.495526217005	0.0	3
424	47	60	2530.156420973604	0.0	10
425	54	41	2003.7564209736042	0.0	9
426	54	32	943.078210486803	0.0	8
427	54	42	1219.6955262170045	0.0	9
428	54	43	1728.4955262170042	0.0	9
429	54	43	2746.095526217005	0.0	9
430	54	42	986.1564209736049	0.0	9
431	48	60	1924.617315730202	0.0	10
432	54	32	1219.6955262170045	0.0	8
433	54	43	1113.3564209736048	0.0	9
434	54	43	1070.9564209736043	0.0	9
435	54	42	1028.5564209736049	0.0	9
436	54	42	1070.9564209736043	0.0	9
437	54	43	1134.8955262170045	0.0	9
438	54	32	1241.2346314604047	0.0	8
439	54	42	1134.8955262170045	0.0	9
440	54	43	1134.8955262170045	0.0	9
441	54	43	1728.495526217004	0.0	9
442	54	42	1177.2955262170053	0.0	9
443	54	42	1558.2173157302018	0.0	9
444	25	82	1026.095526217005	0.0	10
445	54	42	1241.2346314604056	0.0	9
446	54	41	1431.6955262170036	0.0	9
447	44	63	1165.4173157302018	0.0	10
448	54	42	1028.5564209736049	0.0	9
449	36	72	1131.6955262170054	0.0	10
450	27	79	1342.095526217005	0.0	10
451	39	69	1011.7564209736045	0.0	10
452	54	41	1113.3564209736037	0.0	9
453	54	43	1134.2173157302025	0.0	9
454	38	69	959.7564209736045	0.0	10
455	54	42	1198.1564209736027	0.0	9
456	54	-22	795.0173157302039	0.0	3
457	26	81	929.3564209736041	0.0	10
458	26	81	780.6173157302032	0.0	10
459	54	42	1049.4173157302037	0.0	9
460	54	43	1134.8955262170045	0.0	9
461	32	75	1135.6955262170038	0.0	10
462	24	83	761.4173157302032	0.0	10
463	54	43	1410.8346314604034	0.0	9
464	54	-11	1262.7737367038062	0.0	4
465	26	81	993.2955262170051	0.0	10
466	47	61	1556.3128419472068	0.0	10
467	54	43	1495.6346314604043	0.0	9
468	54	32	1282.9564209736022	0.0	8
469	29	79	1277.1737367038058	0.0	10
470	26	81	1078.0955262170044	0.0	10
471	54	42	2069.7301576774094	0.0	9
472	17	91	1013.2346314604058	0.0	10
473	30	76	967.7564209736042	0.0	10
474	54	43	2494.408368164211	0.0	9
475	54	42	2962.164789137816	0.0	9
476	54	43	2176.0692629208097	0.0	9
477	17	91	1013.2346314604058	0.0	10
478	35	72	1377.1737367038056	0.0	10
479	54	31	1878.5910524340084	0.0	8
480	54	40	1878.5910524340075	0.0	9
481	41	66	1116.4346314604063	0.0	10
482	54	43	1134.8955262170045	0.0	9
483	54	43	1347.5737367038055	0.0	9
484	54	21	1134.8955262170045	0.0	7
485	54	42	1050.0955262170055	0.0	9
486	54	42	1050.0955262170055	0.0	9
487	54	42	1050.0955262170055	0.0	9
488	54	32	1495.6346314604057	0.0	8
489	54	43	2830.8955262170048	0.0	9
490	54	42	1686.0955262170025	0.0	9
491	54	42	1262.0955262170035	0.0	9
492	54	42	1198.8346314604053	0.0	9
493	44	64	974.9564209736046	0.0	10
494	54	21	2711.1558415718237	0.0	7
495	54	21	1262.7737367038048	0.0	7
496	54	43	1134.8955262170045	0.0	9
497	54	42	1624.1910524340065	0.0	9
498	54	42	1240.556420973604	0.0	9
499	39	69	1011.7564209736045	0.0	10
500	26	82	1014.1564209736041	0.0	10
501	54	42	1602.6519471906056	0.0	9
502	32	75	1242.7128419472065	0.0	10
503	26	81	1185.112841947207	0.0	10
504	52	54	1413.8519471906059	0.0	10
505	54	42	1730.5301576774075	0.0	9
506	54	43	1602.6519471906056	0.0	9
507	54	43	1814.6519471906067	0.0	9
508	54	42	1645.0519471906061	0.0	9
509	54	21	1326.0346314604058	0.0	7
510	26	81	1397.1128419472075	0.0	10
511	36	72	1345.0519471906073	0.0	10
512	44	64	1506.6519471906067	0.0	10
513	33	75	1591.512841947208	0.0	10
514	48	59	2454.956420973604	0.0	10
515	54	42	1750.0346314604033	0.0	9
516	49	57	2549.356420973604	0.0	10
517	54	43	2491.695526217005	0.0	9
518	54	42	2046.834631460405	0.0	9
519	54	32	2237.295526217004	0.0	8
520	54	42	2067.695526217003	0.0	9
521	54	43	1602.6519471906054	0.0	9
522	54	32	1517.851947190606	0.0	8
523	54	42	1517.173736703805	0.0	9
524	54	42	1177.295526217004	0.0	9
525	54	43	986.1564209736049	0.0	9
526	54	42	1198.8346314604062	0.0	9
527	54	41	1283.6346314604036	0.0	9
528	54	43	1731.2083681642093	0.0	9
529	54	42	2344.9910524340094	0.0	9
530	54	21	2660.617315730203	0.0	7
531	38	68	2169.851947190609	0.0	10
532	54	43	2851.756420973604	0.0	9
533	54	43	1918.9564209736018	0.0	9
534	54	32	1091.817315730203	0.0	8
535	54	41	1091.817315730203	0.0	9
536	54	42	1049.4173157302037	0.0	9
537	54	21	1049.4173157302037	0.0	7
538	54	10	1113.3564209736037	0.0	6
539	54	42	1049.4173157302037	0.0	9
540	54	43	1070.9564209736043	0.0	9
541	54	43	1240.5564209736021	0.0	9
542	54	10	2746.7737367038067	0.0	6
543	54	43	2554.956420973603	0.0	9
544	54	42	2809.356420973604	0.0	9
545	54	42	2724.5564209736035	0.0	9
546	54	43	1601.2955262170021	0.0	9
547	54	-1	2766.9564209736036	0.0	5
548	54	43	2491.695526217004	0.0	9
549	54	42	2449.973736703806	0.0	9
550	54	-1	1454.5910524340068	0.0	5
551	50	58	905.3564209736048	0.0	10
552	54	42	1262.7737367038048	0.0	9
553	54	42	1262.7737367038048	0.0	9
554	50	58	1861.73015767741	0.0	10
555	51	56	1170.0346314604049	0.0	10
556	54	43	1156.4346314604065	0.0	9
557	54	32	900.678210486803	0.0	8
558	54	43	1134.8955262170045	0.0	9
559	26	81	674.9564209736043	0.0	10
560	21	86	690.8955262170051	0.0	10
561	54	42	1113.3564209736046	0.0	9
562	26	82	844.5564209736042	0.0	10
563	54	43	1113.3564209736037	0.0	9
564	54	43	1601.9737367038038	0.0	9
565	31	76	850.1564209736043	0.0	10
566	54	43	1262.095526217003	0.0	9
567	54	43	1113.3564209736037	0.0	9
568	54	32	1007.0173157302039	0.0	8
569	54	42	1049.4173157302037	0.0	9
570	54	21	1072.312841947208	0.0	7
571	24	83	825.3564209736041	0.0	10
572	54	43	1537.3564209736023	0.0	9
573	53	54	891.078210486803	0.0	10
574	33	74	741.4782104868025	0.0	10
575	54	43	1282.956420973603	0.0	9
576	42	65	913.3564209736046	0.0	10
577	26	82	759.7564209736042	0.0	10
578	54	32	1028.5564209736049	0.0	8
579	54	43	1113.3564209736041	0.0	9
580	54	31	1113.3564209736037	0.0	8
581	34	73	815.0173157302034	0.0	10
582	54	43	1198.1564209736027	0.0	9
583	54	42	1113.3564209736037	0.0	9
584	54	53	1262.0955262170035	0.0	10
585	54	41	1113.3564209736037	0.0	9
586	54	21	1262.095526217003	0.0	7
587	54	42	943.7564209736049	0.0	9
588	54	43	1134.2173157302027	0.0	9
589	25	82	962.1564209736041	0.0	10
590	54	42	1622.156420973603	0.0	9
591	54	43	1622.1564209736011	0.0	9
592	54	43	1113.3564209736037	0.0	9
593	30	76	1010.1564209736042	0.0	10
594	54	42	1155.0782104868013	0.0	9
595	54	43	1198.156420973603	0.0	9
596	25	83	898.2173157302032	0.0	10
597	54	42	964.6173157302038	0.0	9
598	54	31	1113.3564209736037	0.0	8
599	54	42	1219.6955262170034	0.0	9
600	54	43	1601.9737367038044	0.0	9
601	54	43	1645.0519471906077	0.0	9
602	27	80	896.5564209736042	0.0	10
603	54	43	1984.2519471906078	0.0	9
604	20	87	1190.7737367038067	0.0	10
605	54	42	2852.4346314604054	0.0	9
606	54	42	2872.617315730203	0.0	9
607	35	72	1863.078210486802	0.0	10
608	33	75	1825.0519471906084	0.0	10
609	54	21	2661.2955262170044	0.0	7
610	54	42	2388.06926292081	0.0	9
611	17	90	992.3737367038068	0.0	10
612	18	89	1086.7737367038067	0.0	10
613	54	43	2599.391052434009	0.0	9
614	54	43	1369.1128419472045	0.0	9
615	54	42	1155.7564209736033	0.0	9
616	54	42	2369.242999624616	0.0	9
617	54	42	1113.3564209736037	0.0	9
618	16	91	982.7737367038068	0.0	10
619	54	42	2729.9821048680183	0.0	9
620	54	21	2262.225683894413	0.0	7
621	21	87	1328.9301576774103	0.0	10
622	54	43	2816.8167363284238	0.0	9
623	20	87	1021.1737367038069	0.0	10
624	54	42	1708.9910524340078	0.0	9
625	53	54	3725.2597359530446	0.0	10
626	22	86	1467.0865786510142	0.0	10
627	54	41	1326.0346314604037	0.0	9
628	54	41	1283.6346314604036	0.0	9
629	17	90	949.2955262170049	0.0	10
630	18	90	1043.695526217005	0.0	10
631	16	92	939.6955262170048	0.0	10
632	54	42	1410.8346314604037	0.0	9
633	54	42	1304.4955262170038	0.0	9
634	54	43	1538.0346314604035	0.0	9
635	54	11	1517.8519471906056	0.0	6
636	54	43	2005.7910524340073	0.0	9
637	54	42	1177.295526217004	0.0	9
638	54	42	1262.0955262170032	0.0	9
639	54	-33	986.1564209736048	0.0	2
640	54	43	1474.7737367038048	0.0	9
641	54	21	1177.295526217004	0.0	7
642	54	21	1177.295526217004	0.0	7
643	15	92	781.3564209736039	0.0	10
644	54	42	1198.1564209736034	0.0	9
645	54	42	1027.8782104868028	0.0	9
646	54	42	1389.2955262170033	0.0	9
647	54	42	1091.817315730203	0.0	9
648	54	42	1091.8173157302037	0.0	9
649	54	43	1240.5564209736028	0.0	9
650	54	42	1091.817315730203	0.0	9
651	54	42	1155.7564209736033	0.0	9
652	54	42	1049.4173157302037	0.0	9
653	54	41	1027.8782104868028	0.0	9
654	54	43	1198.156420973603	0.0	9
655	54	10	1240.556420973603	0.0	6
656	54	32	1049.4173157302037	0.0	8
657	54	31	1027.8782104868028	0.0	8
658	54	42	1134.2173157302036	0.0	9
659	54	21	1220.3737367038052	0.0	7
660	20	88	723.0173157302031	0.0	10
661	54	43	1091.817315730203	0.0	9
662	54	42	1176.617315730202	0.0	9
663	54	32	1134.2173157302032	0.0	8
664	54	43	1049.4173157302037	0.0	9
665	54	42	1027.8782104868028	0.0	9
666	54	43	1198.1564209736048	0.0	9
667	54	42	1027.8782104868028	0.0	9
668	54	32	1176.6173157302032	0.0	8
669	54	43	1049.4173157302037	0.0	9
670	54	30	1027.8782104868028	0.0	8
671	54	42	1112.6782104868018	0.0	9
672	11	96	636.6173157302029	0.0	10
673	54	20	1091.817315730203	0.0	7
674	54	41	1112.678210486802	0.0	9
675	54	43	1155.7564209736033	0.0	9
676	54	42	1049.4173157302037	0.0	9
677	54	42	1070.2782104868024	0.0	9
678	54	43	1155.7564209736033	0.0	9
679	40	67	1127.0173157302022	0.0	10
680	49	59	1235.634631460404	0.0	10
681	54	0	1178.6519471906076	0.0	5
682	54	43	1432.373736703804	0.0	9
683	54	41	1453.912841947205	0.0	9
684	44	62	1123.6955262170043	0.0	10
685	54	42	1155.7564209736033	0.0	9
686	54	43	1114.0346314604058	0.0	9
687	54	41	986.1564209736049	0.0	9
688	54	42	1197.4782104868007	0.0	9
689	54	32	1050.0955262170055	0.0	8
690	54	42	1007.0173157302039	0.0	9
691	53	54	1061.3564209736044	0.0	10
692	54	42	1050.0955262170055	0.0	9
693	44	64	974.9564209736046	0.0	10
694	54	43	1091.817315730203	0.0	9
695	54	42	1049.4173157302034	0.0	9
696	54	43	1050.0955262170055	0.0	9
697	54	42	1134.8955262170045	0.0	9
698	54	43	1070.9564209736043	0.0	9
699	54	42	1070.9564209736043	0.0	9
700	54	42	1007.0173157302039	0.0	9
701	54	43	1007.0173157302039	0.0	9
702	54	42	1049.4173157302037	0.0	9
703	54	43	1028.5564209736049	0.0	9
704	54	43	1050.0955262170057	0.0	9
705	54	42	1007.0173157302039	0.0	9
706	54	43	1198.1564209736048	0.0	9
707	54	42	1452.5564209736024	0.0	9
708	54	43	1070.9564209736043	0.0	9
709	54	42	1028.5564209736049	0.0	9
710	54	42	986.1564209736049	0.0	9
711	54	43	1028.5564209736049	0.0	9
712	48	60	1013.3564209736047	0.0	10
713	54	42	986.1564209736049	0.0	9
714	54	41	986.1564209736049	0.0	9
715	54	43	1155.7564209736033	0.0	9
716	54	41	964.6173157302039	0.0	9
717	54	42	1027.8782104868028	0.0	9
718	54	42	964.6173157302039	0.0	9
719	54	43	964.6173157302039	0.0	9
720	54	42	943.078210486803	0.0	9
721	54	42	943.078210486803	0.0	9
722	54	43	964.6173157302039	0.0	9
723	54	42	986.1564209736049	0.0	9
724	20	88	893.295526217005	0.0	10
725	54	43	1198.1564209736027	0.0	9
726	20	87	680.6173157302031	0.0	10
727	54	42	1240.5564209736021	0.0	9
728	54	42	1262.0955262170037	0.0	9
729	54	43	1665.9128419472047	0.0	9
730	54	42	1432.3737367038043	0.0	9
731	13	94	783.6955262170048	0.0	10
732	54	41	1262.095526217003	0.0	9
733	49	58	1150.1564209736032	0.0	10
734	54	41	1113.3564209736046	0.0	9
735	54	21	1729.173736703804	0.0	7
736	54	21	1962.0346314604037	0.0	7
737	54	32	1219.0173157302015	0.0	8
738	54	41	1091.817315730203	0.0	9
739	54	21	1070.2782104868024	0.0	7
740	54	21	900.6782104868029	0.0	7
741	54	31	900.678210486803	0.0	8
742	54	42	1007.0173157302039	0.0	9
743	54	43	1113.3564209736037	0.0	9
744	54	43	1007.0173157302039	0.0	9
745	54	43	1007.0173157302039	0.0	9
746	54	30	1007.0173157302039	0.0	8
747	54	-1	1092.495526217005	0.0	5
748	54	42	1007.0173157302039	0.0	9
749	49	58	1108.4346314604056	0.0	10
750	54	43	1113.3564209736037	0.0	9
751	40	68	872.6173157302036	0.0	10
752	54	42	1409.4782104868011	0.0	9
753	26	82	844.5564209736042	0.0	10
754	54	42	1049.4173157302037	0.0	9
755	54	42	1666.591052434007	0.0	9
756	54	31	1007.6955262170059	0.0	8
757	54	41	1007.6955262170059	0.0	9
758	54	42	1134.8955262170043	0.0	9
759	54	43	1050.0955262170055	0.0	9
760	54	31	1156.4346314604052	0.0	8
761	54	42	1050.095526217006	0.0	9
762	54	43	1091.817315730203	0.0	9
763	16	92	727.017315730203	0.0	10
764	16	91	727.017315730203	0.0	10
765	54	43	1091.817315730203	0.0	9
766	49	58	1086.217315730203	0.0	10
767	54	43	1134.2173157302025	0.0	9
768	54	43	1049.4173157302037	0.0	9
769	54	42	1155.7564209736038	0.0	9
770	54	42	1091.8173157302035	0.0	9
771	54	42	1027.8782104868028	0.0	9
772	54	42	1091.817315730203	0.0	9
773	11	95	636.6173157302029	0.0	10
774	54	43	1049.4173157302037	0.0	9
775	54	43	1134.217315730203	0.0	9
776	54	42	1070.9564209736043	0.0	9
777	54	43	1091.817315730203	0.0	9
778	54	42	1049.4173157302037	0.0	9
779	54	-1	1346.8955262170036	0.0	5
780	54	42	1049.4173157302037	0.0	9
781	54	43	2194.895526217004	0.0	9
782	11	96	636.6173157302029	0.0	10
783	54	31	1388.6173157301998	0.0	8
784	54	21	1070.9564209736043	0.0	7
785	54	43	1091.817315730203	0.0	9
786	54	43	1049.4173157302037	0.0	9
787	54	43	1091.817315730203	0.0	9
788	54	31	1049.4173157302037	0.0	8
789	54	43	1155.7564209736047	0.0	9
790	54	43	1049.4173157302037	0.0	9
791	54	31	1112.6782104868018	0.0	8
792	54	10	1919.634631460404	0.0	6
793	11	97	636.6173157302029	0.0	10
794	54	42	1049.4173157302037	0.0	9
795	54	-12	1155.756420973603	0.0	4
796	11	96	636.6173157302029	0.0	10
797	54	43	1091.817315730203	0.0	9
798	54	42	1091.817315730203	0.0	9
799	54	42	1282.9564209736027	0.0	9
800	14	93	643.878210486802	0.0	10
801	54	43	1155.7564209736033	0.0	9
802	11	96	636.6173157302029	0.0	10
803	54	43	1388.6173157301996	0.0	9
804	54	43	1261.4173157302016	0.0	9
805	54	0	1347.573736703807	0.0	5
806	54	21	1536.6782104867996	0.0	7
807	54	32	2003.756420973602	0.0	8
808	54	43	1473.4173157302	0.0	9
809	54	31	1049.4173157302037	0.0	8
810	54	32	1664.5564209736012	0.0	8
811	54	42	1473.4173157302002	0.0	9
812	54	42	1176.6173157302023	0.0	9
813	54	42	2024.617315730201	0.0	9
814	54	41	1666.5910524340065	0.0	9
815	54	10	1539.3910524340067	0.0	6
816	54	42	1156.4346314604052	0.0	9
817	16	92	834.0346314604059	0.0	10
818	12	95	753.2346314604058	0.0	10
819	18	89	768.434631460406	0.0	10
820	54	31	1368.4346314604043	0.0	8
821	46	62	887.8173157302037	0.0	10
822	54	43	1007.0173157302039	0.0	9
823	54	43	964.6173157302039	0.0	9
824	54	43	1007.0173157302039	0.0	9
825	54	42	1112.6782104868018	0.0	9
826	54	53	1219.0173157302029	0.0	10
827	47	61	961.3564209736047	0.0	10
828	54	43	1177.9737367038058	0.0	9
829	54	31	900.678210486803	0.0	8
830	54	42	1560.2519471906057	0.0	9
831	54	43	1517.8519471906054	0.0	9
832	54	43	1071.6346314604064	0.0	9
833	54	42	900.678210486803	0.0	9
834	54	42	900.678210486803	0.0	9
835	54	43	1156.4346314604054	0.0	9
836	54	31	1156.4346314604052	0.0	8
837	54	42	1496.99105243401	0.0	9
838	18	89	981.1128419472078	0.0	10
839	51	56	2318.225683894414	0.0	10
840	54	43	1879.947473407611	0.0	9
841	54	43	1135.5737367038064	0.0	9
842	54	43	1177.9737367038058	0.0	9
843	54	43	1007.6955262170059	0.0	9
844	54	41	1007.6955262170059	0.0	9
845	54	43	1050.0955262170055	0.0	9
846	54	42	1028.5564209736049	0.0	9
847	54	43	1007.6955262170059	0.0	9
848	54	43	1007.6955262170059	0.0	9
849	54	43	1007.6955262170059	0.0	9
850	54	42	1113.3564209736046	0.0	9
851	54	42	1303.8173157302003	0.0	9
852	54	32	1049.4173157302037	0.0	8
853	54	42	1198.1564209736032	0.0	9
854	54	21	1091.817315730203	0.0	7
855	54	42	1049.4173157302037	0.0	9
856	54	43	1049.4173157302037	0.0	9
857	54	43	2787.817315730203	0.0	9
858	54	42	1049.4173157302037	0.0	9
859	54	21	1284.3128419472075	0.0	7
860	54	10	1494.9564209736009	0.0	6
861	54	43	1240.5564209736021	0.0	9
862	54	43	1049.4173157302037	0.0	9
863	54	42	1155.7564209736033	0.0	9
864	54	42	1049.4173157302037	0.0	9
865	54	32	1091.817315730203	0.0	8
866	12	95	646.2173157302029	0.0	10
867	54	32	1049.4173157302037	0.0	8
868	54	43	1155.7564209736033	0.0	9
869	54	43	1049.4173157302037	0.0	9
870	54	43	1049.4173157302037	0.0	9
871	54	42	1112.6782104868018	0.0	9
872	54	31	1091.817315730203	0.0	8
873	54	43	1091.817315730203	0.0	9
874	54	21	1092.495526217005	0.0	7
875	54	-1	1473.4173157302	0.0	5
876	54	42	1091.817315730203	0.0	9
877	54	41	1050.0955262170055	0.0	9
878	31	76	786.8955262170053	0.0	10
879	54	21	1177.9737367038058	0.0	7
880	41	67	882.8955262170056	0.0	10
881	54	41	1050.0955262170055	0.0	9
882	54	41	1220.3737367038054	0.0	9
883	19	89	756.495526217005	0.0	10
884	54	-1	1028.5564209736046	0.0	5
885	54	43	1176.617315730202	0.0	9
886	54	43	1049.4173157302037	0.0	9
887	54	52	2089.234631460406	0.0	10
888	54	42	1092.495526217005	0.0	9
889	54	42	1134.2173157302025	0.0	9
890	54	32	1049.4173157302037	0.0	8
891	11	96	594.2173157302029	0.0	10
892	54	42	1027.8782104868028	0.0	9
893	54	42	1134.2173157302025	0.0	9
894	11	96	594.2173157302029	0.0	10
895	54	43	1091.817315730203	0.0	9
896	51	56	2229.356420973603	0.0	10
897	54	32	1091.817315730203	0.0	8
898	54	43	1049.4173157302037	0.0	9
899	12	95	689.2955262170049	0.0	10
900	54	10	2301.9128419472063	0.0	6
901	11	97	636.6173157302029	0.0	10
902	51	57	2187.6346314604048	0.0	10
903	54	43	2810.0346314604053	0.0	9
904	54	43	2385.356420973603	0.0	9
905	13	95	740.6173157302029	0.0	10
906	54	43	1367.7564209736013	0.0	9
907	54	41	1197.4782104868007	0.0	9
908	54	43	2046.1564209736039	0.0	9
909	54	42	1515.8173157302	0.0	9
910	54	42	1452.5564209736008	0.0	9
911	51	56	2695.078210486802	0.0	10
912	54	42	1664.5564209736012	0.0	9
913	54	31	1770.2173157302007	0.0	8
914	54	31	1431.017315730201	0.0	8
915	54	43	2236.6173157302014	0.0	9
916	54	43	1897.4173157302007	0.0	9
917	54	43	2894.1564209736034	0.0	9
918	54	21	2258.1564209736025	0.0	7
919	54	42	1875.8782104867998	0.0	9
920	54	41	1685.4173157302002	0.0	9
921	54	42	1558.2173157302	0.0	9
922	54	43	1643.0173157302002	0.0	9
923	54	42	1748.6782104867996	0.0	9
924	54	43	1494.9564209736006	0.0	9
925	54	43	1346.2173157302	0.0	9
926	54	10	1940.4955262170026	0.0	6
927	54	43	1982.2173157302009	0.0	9
928	54	32	1982.2173157302009	0.0	8
929	54	43	1812.6173157302007	0.0	9
930	54	41	1748.6782104867998	0.0	9
931	54	31	2279.0173157302015	0.0	8
932	54	41	2342.9564209736027	0.0	9
933	54	32	2491.017315730202	0.0	8
934	54	42	1706.2782104867995	0.0	9
935	54	42	2067.017315730202	0.0	9
936	13	94	740.6173157302029	0.0	10
937	54	43	1706.9564209736013	0.0	9
938	54	43	1558.2173157302	0.0	9
939	54	41	1601.295526217002	0.0	9
940	54	-12	1453.2346314604029	0.0	4
941	54	42	1388.6173157301996	0.0	9
942	54	43	1388.6173157301996	0.0	9
943	54	42	2215.078210486801	0.0	9
944	54	21	1579.756420973601	0.0	7
945	54	43	2024.617315730201	0.0	9
946	46	61	1778.2173157302013	0.0	10
947	54	43	2003.7564209736017	0.0	9
948	54	32	1113.3564209736037	0.0	8
949	54	43	1898.0955262170025	0.0	9
950	54	31	1176.617315730202	0.0	8
951	54	32	1558.2173157302	0.0	8
952	54	43	1643.0173157302002	0.0	9
953	54	42	1982.8955262170025	0.0	9
954	54	43	1050.0955262170055	0.0	9
955	54	43	1092.495526217005	0.0	9
956	54	41	1558.2173157302002	0.0	9
957	54	42	1600.6173157302	0.0	9
958	12	95	688.6173157302029	0.0	10
959	54	42	1325.3564209736016	0.0	9
960	54	42	1664.5564209736012	0.0	9
961	54	43	1664.5564209736012	0.0	9
962	54	41	1855.0173157302008	0.0	9
963	54	10	1092.495526217005	0.0	6
964	54	41	1686.0955262170037	0.0	9
965	54	43	1346.8955262170018	0.0	9
966	11	97	636.6173157302029	0.0	10
967	54	43	1855.0173157302006	0.0	9
968	54	42	1558.2173157302004	0.0	9
969	54	43	2787.817315730203	0.0	9
970	54	42	2448.6173157302023	0.0	9
971	54	42	2025.2955262170028	0.0	9
972	54	42	1982.2173157302009	0.0	9
973	54	43	2766.9564209736036	0.0	9
974	54	43	2088.556420973602	0.0	9
975	54	42	2236.6173157302014	0.0	9
976	54	42	1686.095526217002	0.0	9
977	54	41	2554.956420973604	0.0	9
978	54	32	2894.1564209736034	0.0	8
979	54	42	2321.417315730202	0.0	9
980	54	42	1855.695526217003	0.0	9
981	54	42	2088.556420973602	0.0	9
982	54	42	2470.156420973603	0.0	9
983	54	43	1049.4173157302037	0.0	9
984	54	43	2894.1564209736034	0.0	9
985	54	43	2406.217315730202	0.0	9
986	54	42	2067.017315730201	0.0	9
987	54	42	1792.4346314604036	0.0	9
988	54	41	1665.2346314604044	0.0	9
989	54	42	2364.4955262170033	0.0	9
990	54	42	2300.5564209736026	0.0	9
991	54	42	1643.6955262170034	0.0	9
992	54	42	2130.956420973604	0.0	9
993	54	43	1643.017315730202	0.0	9
994	54	43	1982.2173157302032	0.0	9
995	54	42	1219.0173157302015	0.0	9
996	54	42	1219.0173157302022	0.0	9
997	54	21	1303.8173157302022	0.0	7
998	54	31	1325.3564209736026	0.0	8
999	54	43	1219.0173157302029	0.0	9
1000	54	32	1369.112841947206	0.0	8
1001	54	43	1517.8519471906075	0.0	9
1002	54	43	1475.4519471906071	0.0	9
1003	50	56	1755.3910524340092	0.0	10
1004	54	42	1347.5737367038057	0.0	9
1005	26	81	972.4346314604061	0.0	10
1006	54	43	1156.4346314604059	0.0	9
1007	54	43	1305.1737367038063	0.0	9
1008	54	32	1114.0346314604058	0.0	8
1009	41	66	1159.5128419472067	0.0	10
1010	54	42	1219.6955262170056	0.0	9
1011	54	41	1283.6346314604048	0.0	9
1012	54	42	1283.634631460405	0.0	9
1013	54	42	1346.895526217005	0.0	9
1014	54	43	1432.3737367038063	0.0	9
1015	54	42	1346.895526217005	0.0	9
1016	54	21	1198.834631460406	0.0	7
1017	54	42	1198.1564209736027	0.0	9
1018	54	43	1007.0173157302039	0.0	9
1019	54	42	1028.5564209736049	0.0	9
1020	54	42	1220.3737367038054	0.0	9
1021	54	42	1135.5737367038075	0.0	9
1022	54	42	1050.0955262170055	0.0	9
1023	44	64	954.0955262170056	0.0	10
1024	54	42	1050.0955262170055	0.0	9
1025	54	42	1049.4173157302037	0.0	9
1026	54	43	1007.0173157302039	0.0	9
1027	42	65	827.8782104868027	0.0	10
1028	54	43	1283.634631460406	0.0	9
1029	54	42	1027.8782104868028	0.0	9
1030	54	42	1112.6782104868018	0.0	9
1031	54	42	1007.0173157302039	0.0	9
1032	54	42	943.078210486803	0.0	9
1033	54	43	1091.817315730203	0.0	9
1034	54	43	1007.0173157302039	0.0	9
1035	54	42	1007.0173157302039	0.0	9
1036	33	75	720.6173157302035	0.0	10
1037	54	43	1007.0173157302039	0.0	9
1038	54	32	1070.9564209736043	0.0	8
1039	54	43	1007.0173157302039	0.0	9
1040	54	42	1007.0173157302039	0.0	9
1041	54	43	1007.0173157302039	0.0	9
1042	54	42	1134.8955262170045	0.0	9
1043	54	32	986.1564209736049	0.0	8
1044	54	42	1112.6782104868025	0.0	9
1045	54	43	1007.0173157302039	0.0	9
1046	54	42	943.078210486803	0.0	9
1047	54	43	1007.0173157302039	0.0	9
1048	54	31	943.078210486803	0.0	8
1049	54	43	1092.4955262170056	0.0	9
1050	54	43	1007.0173157302039	0.0	9
1051	54	10	1155.7564209736036	0.0	6
1052	54	42	1262.0955262170048	0.0	9
1053	54	42	1304.4955262170047	0.0	9
1054	54	43	1708.9910524340091	0.0	9
1055	36	72	813.3564209736045	0.0	10
1056	54	41	1581.1128419472084	0.0	9
1057	49	58	1066.0346314604062	0.0	10
1058	33	74	890.8955262170053	0.0	10
1059	54	41	1368.4346314604063	0.0	9
1060	42	65	1338.712841947208	0.0	10
1061	53	55	1231.6346314604057	0.0	10
1062	54	41	1091.817315730203	0.0	9
1063	32	75	774.2782104868023	0.0	10
1064	54	42	1369.1128419472068	0.0	9
1065	30	78	734.2173157302034	0.0	10
1066	31	76	722.2782104868024	0.0	10
1067	54	22	1836.8692629208106	0.0	7
1068	33	74	720.6173157302035	0.0	10
1069	54	41	1496.312841947208	0.0	9
1070	54	42	1113.3564209736044	0.0	9
1071	54	43	1496.3128419472057	0.0	9
1072	54	43	1731.2083681642112	0.0	9
1073	54	42	943.078210486803	0.0	9
1074	54	42	1389.2955262170021	0.0	9
1075	54	21	2562.4167363284228	0.0	7
1076	54	42	2157.9212101114194	0.0	9
1077	54	43	2690.294946815225	0.0	9
1078	54	43	1049.4173157302037	0.0	9
1079	46	62	1078.956420973604	0.0	10
1080	54	32	1007.0173157302039	0.0	8
1081	54	43	2454.7212101114187	0.0	9
1082	54	43	1240.5564209736028	0.0	9
1083	54	42	1538.7128419472047	0.0	9
1084	54	42	1326.0346314604035	0.0	9
1085	54	43	1538.7128419472047	0.0	9
1086	54	42	1262.095526217003	0.0	9
1087	54	43	1665.912841947205	0.0	9
1088	54	43	1517.1737367038033	0.0	9
1089	54	43	1326.0346314604033	0.0	9
1090	54	43	1623.5128419472048	0.0	9
1091	54	43	1623.5128419472048	0.0	9
1092	54	43	1836.191052434007	0.0	9
1093	54	43	1750.712841947205	0.0	9
1094	54	32	1240.5564209736021	0.0	8
1095	54	42	1134.2173157302025	0.0	9
1096	13	95	740.6173157302029	0.0	10
1097	54	43	1283.6346314604036	0.0	9
1098	54	43	1453.2346314604029	0.0	9
1099	54	43	1453.2346314604026	0.0	9
1100	54	43	1091.817315730203	0.0	9
1101	16	91	663.078210486802	0.0	10
1102	54	42	1368.4346314604027	0.0	9
1103	13	95	762.1564209736039	0.0	10
1104	54	42	1368.4346314604031	0.0	9
1105	54	42	1197.4782104868007	0.0	9
1106	54	42	1623.5128419472046	0.0	9
1107	54	43	1368.4346314604031	0.0	9
1108	54	43	1177.295526217004	0.0	9
1109	54	43	986.1564209736049	0.0	9
1110	54	31	1685.4173157302032	0.0	8
1111	51	56	1296.5564209736015	0.0	10
1112	54	43	1961.356420973604	0.0	9
1113	54	42	1686.773736703804	0.0	9
1114	10	98	627.6955262170048	0.0	10
1115	54	42	1283.6346314604043	0.0	9
1116	54	42	2989.8077887624336	0.0	9
1117	54	42	943.7564209736049	0.0	9
1118	54	43	1263.4519471906076	0.0	9
1119	54	42	1177.295526217004	0.0	9
1120	54	41	1347.573736703806	0.0	9
1121	54	32	1241.2346314604042	0.0	8
1122	54	43	1156.4346314604059	0.0	9
1123	54	42	1028.5564209736049	0.0	9
1124	54	43	2392.8167363284215	0.0	9
1125	54	42	1092.495526217005	0.0	9
1126	21	87	1372.0083681642122	0.0	10
1127	54	42	1134.2173157302038	0.0	9
1128	54	43	1219.6955262170034	0.0	9
1129	43	65	1029.2955262170055	0.0	10
1130	54	43	1007.0173157302039	0.0	9
1131	54	31	943.078210486803	0.0	8
1132	54	40	1155.7564209736033	0.0	9
1133	54	42	1113.3564209736037	0.0	9
1134	54	42	986.1564209736049	0.0	9
1135	54	42	1326.7128419472076	0.0	9
1136	54	32	1580.434631460405	0.0	8
1137	54	42	1473.4173157302002	0.0	9
1138	54	42	1410.834631460405	0.0	9
1139	54	43	1007.0173157302039	0.0	9
1140	54	43	1070.9564209736043	0.0	9
1141	54	42	1027.8782104868028	0.0	9
1142	54	42	1727.8173157302003	0.0	9
1143	54	42	1091.817315730203	0.0	9
1144	48	59	1712.6173157302014	0.0	10
1145	54	42	1833.4782104868	0.0	9
1146	54	42	1070.9564209736043	0.0	9
1147	54	43	1134.2173157302032	0.0	9
1148	44	63	1017.3564209736046	0.0	10
1149	54	42	1071.6346314604064	0.0	9
1150	54	42	943.7564209736049	0.0	9
1151	53	54	975.8782104868029	0.0	10
1152	54	43	986.1564209736049	0.0	9
1153	54	42	900.678210486803	0.0	9
1154	54	42	1112.6782104868018	0.0	9
1155	54	43	1007.0173157302039	0.0	9
1156	54	43	1007.0173157302039	0.0	9
1157	54	41	1197.4782104868018	0.0	9
1158	54	43	1453.9128419472054	0.0	9
1159	54	43	1453.9128419472047	0.0	9
1160	50	57	1096.4955262170054	0.0	10
1161	54	42	1027.8782104868028	0.0	9
1162	54	42	858.278210486803	0.0	9
1163	54	42	1070.9564209736043	0.0	9
1164	51	57	1106.0955262170055	0.0	10
1165	44	63	890.1564209736047	0.0	10
1166	54	43	1049.4173157302037	0.0	9
1167	54	43	1134.8955262170045	0.0	9
1168	54	43	1559.5737367038043	0.0	9
1169	54	43	1643.6955262170034	0.0	9
1170	54	32	1155.078210486802	0.0	8
1171	54	43	1134.2173157302025	0.0	9
1172	36	71	1173.4173157302016	0.0	10
1173	54	42	1049.4173157302037	0.0	9
1174	54	43	1537.3564209736041	0.0	9
1175	54	43	1303.8173157302006	0.0	9
1176	54	43	1961.3564209736044	0.0	9
1177	54	42	1049.4173157302037	0.0	9
1178	54	42	1176.617315730202	0.0	9
1179	54	30	1793.7910524340077	0.0	8
1180	54	42	1028.5564209736049	0.0	9
1181	54	42	964.6173157302039	0.0	9
1182	54	42	986.1564209736049	0.0	9
1183	54	42	1007.0173157302039	0.0	9
1184	54	43	1007.0173157302039	0.0	9
1185	54	42	1091.817315730203	0.0	9
1186	51	56	978.2173157302038	0.0	10
1187	54	43	1176.617315730202	0.0	9
1188	54	42	1049.4173157302039	0.0	9
1189	54	42	1007.0173157302039	0.0	9
1190	54	43	1155.7564209736042	0.0	9
1191	54	42	1027.8782104868028	0.0	9
1192	54	43	1007.0173157302039	0.0	9
1193	54	41	1049.4173157302037	0.0	9
1194	54	41	1007.0173157302039	0.0	9
1195	54	43	1007.0173157302039	0.0	9
1196	54	43	1113.3564209736041	0.0	9
1197	44	64	890.1564209736047	0.0	10
1198	54	42	943.7564209736049	0.0	9
1199	54	43	922.217315730204	0.0	9
1200	54	43	1198.1564209736034	0.0	9
1201	54	32	1176.6173157302037	0.0	8
1202	54	43	1368.4346314604034	0.0	9
1203	54	43	1070.9564209736043	0.0	9
1204	54	43	1581.1128419472054	0.0	9
1205	54	53	1091.8173157302035	0.0	10
1206	42	66	891.8173157302036	0.0	10
1207	54	42	1091.817315730203	0.0	9
1208	25	82	664.6782104868023	0.0	10
1209	54	42	1091.817315730203	0.0	9
1210	54	43	1070.956420973605	0.0	9
1211	54	42	1007.0173157302039	0.0	9
1212	54	42	1091.817315730204	0.0	9
1213	54	43	986.1564209736049	0.0	9
1214	54	42	1070.9564209736043	0.0	9
1215	54	43	986.1564209736049	0.0	9
1216	54	43	1007.0173157302039	0.0	9
1217	54	42	1091.817315730203	0.0	9
1218	48	58	949.4173157302038	0.0	10
1219	48	60	949.4173157302038	0.0	10
1220	25	82	664.6782104868023	0.0	10
1221	54	43	1007.0173157302039	0.0	9
1222	54	43	1007.0173157302039	0.0	9
1223	54	42	1049.4173157302037	0.0	9
1224	42	65	1189.9737367038072	0.0	10
1225	39	68	906.0955262170055	0.0	10
1226	24	83	612.6782104868023	0.0	10
1227	54	43	964.6173157302039	0.0	9
1228	54	-12	922.8955262170058	0.0	4
1229	54	43	1092.4955262170056	0.0	9
1230	50	56	1480.1301576774106	0.0	10
1231	54	43	922.217315730204	0.0	9
1232	54	43	922.217315730204	0.0	9
1233	54	31	1325.3564209736023	0.0	8
1234	54	42	964.6173157302039	0.0	9
1235	54	42	1007.0173157302039	0.0	9
1236	54	42	1176.6173157302035	0.0	9
1237	54	43	1431.017315730203	0.0	9
1238	53	54	1379.017315730202	0.0	10
1239	32	76	965.4173157302033	0.0	10
1240	54	32	1303.8173157302003	0.0	8
1241	26	82	780.6173157302032	0.0	10
1242	54	42	1007.0173157302039	0.0	9
1243	54	42	1219.017315730202	0.0	9
1244	54	43	922.217315730204	0.0	9
1245	54	42	986.1564209736049	0.0	9
1246	54	42	1007.0173157302039	0.0	9
1247	54	43	1091.817315730203	0.0	9
1248	54	43	1007.0173157302039	0.0	9
1249	54	41	1091.817315730203	0.0	9
1250	54	42	1050.0955262170057	0.0	9
1251	25	83	792.5564209736042	0.0	10
1252	54	42	964.6173157302039	0.0	9
1253	54	31	1198.1564209736034	0.0	8
1254	54	42	1091.817315730203	0.0	9
1255	44	63	911.0173157302037	0.0	10
1256	54	41	1091.8173157302028	0.0	9
1257	54	43	1007.0173157302039	0.0	9
1258	54	42	1304.495526217003	0.0	9
1259	54	42	1156.4346314604059	0.0	9
1260	54	42	900.678210486803	0.0	9
1261	32	74	689.4782104868025	0.0	10
1262	54	42	1410.8346314604048	0.0	9
1263	54	41	1431.6955262170038	0.0	9
1264	54	43	1368.4346314604052	0.0	9
1265	54	42	1114.0346314604064	0.0	9
1266	54	42	1241.2346314604042	0.0	9
1267	54	43	1028.5564209736049	0.0	9
1268	25	82	664.6782104868023	0.0	10
1269	54	41	858.2782104868029	0.0	9
1270	54	32	964.6173157302039	0.0	8
1271	54	42	1071.6346314604064	0.0	9
1272	27	80	663.0173157302033	0.0	10
1273	54	42	943.7564209736049	0.0	9
1274	47	60	1046.1564209736048	0.0	10
1275	25	83	728.6173157302032	0.0	10
1276	54	43	1176.6173157302026	0.0	9
1277	54	42	1049.4173157302037	0.0	9
1278	54	42	943.7564209736049	0.0	9
1279	54	43	1367.7564209736029	0.0	9
1280	27	79	747.8173157302033	0.0	10
1281	36	71	791.8173157302035	0.0	10
1282	54	42	964.6173157302039	0.0	9
1283	54	43	922.217315730204	0.0	9
1284	54	43	922.217315730204	0.0	9
1285	54	43	964.6173157302039	0.0	9
1286	27	80	663.0173157302033	0.0	10
1287	54	42	1134.8955262170045	0.0	9
1288	54	43	1007.6955262170059	0.0	9
1289	54	42	1007.6955262170059	0.0	9
1290	54	42	1114.0346314604058	0.0	9
1291	54	43	1219.6955262170045	0.0	9
1292	54	43	1346.8955262170034	0.0	9
1293	30	78	862.0955262170053	0.0	10
1294	54	43	1070.9564209736043	0.0	9
1295	54	42	1049.4173157302037	0.0	9
1296	54	41	1091.817315730203	0.0	9
1297	54	43	1049.4173157302037	0.0	9
1298	24	83	1185.4173157302025	0.0	10
1299	54	41	1049.4173157302037	0.0	9
1300	54	31	1091.817315730203	0.0	8
1301	54	43	2109.417315730203	0.0	9
1302	54	32	1155.7564209736033	0.0	8
1303	54	43	1155.7564209736033	0.0	9
1304	54	32	1134.2173157302025	0.0	8
1305	54	42	1368.434631460404	0.0	9
1306	54	32	1049.4173157302037	0.0	8
1307	54	42	1091.8173157302035	0.0	9
1308	54	43	1176.617315730202	0.0	9
1309	54	43	1282.9564209736022	0.0	9
1310	16	91	727.017315730203	0.0	10
1311	54	32	1134.2173157302025	0.0	8
1312	48	59	1967.0173157302029	0.0	10
1313	54	42	1261.4173157302034	0.0	9
1314	54	42	1707.6346314604043	0.0	9
1315	54	42	1050.0955262170055	0.0	9
1316	14	92	772.4346314604057	0.0	10
1317	54	43	1432.3737367038048	0.0	9
1318	54	42	1219.0173157302027	0.0	9
1319	54	42	1155.7564209736033	0.0	9
1320	54	43	1176.617315730202	0.0	9
1321	54	43	1177.2955262170042	0.0	9
1322	38	69	768.6173157302036	0.0	10
1323	54	42	1155.7564209736047	0.0	9
1324	54	32	1091.817315730203	0.0	8
1325	54	43	1176.617315730202	0.0	9
1326	54	42	1240.5564209736021	0.0	9
1327	54	43	1983.5737367038053	0.0	9
1328	54	41	1177.295526217004	0.0	9
1329	54	43	2024.6173157302032	0.0	9
1330	54	43	1176.617315730202	0.0	9
1331	54	32	1176.617315730202	0.0	8
1332	19	89	650.1564209736041	0.0	10
1333	54	42	1176.617315730202	0.0	9
1334	16	91	663.078210486802	0.0	10
1335	54	41	1134.2173157302025	0.0	9
1336	54	43	1240.5564209736021	0.0	9
1337	54	43	1622.1564209736023	0.0	9
1338	54	43	1685.4173157302032	0.0	9
1339	54	-22	1855.6955262170027	0.0	3
1340	54	42	2385.356420973604	0.0	9
1341	54	41	2067.0173157302024	0.0	9
1342	54	32	1855.0173157302013	0.0	8
1343	54	42	2639.7564209736042	0.0	9
1344	54	42	1261.417315730201	0.0	9
1345	54	32	1241.2346314604054	0.0	8
1346	54	42	1943.208368164212	0.0	9
1347	54	43	1539.3910524340076	0.0	9
1348	54	43	1091.817315730203	0.0	9
1349	54	42	1049.4173157302037	0.0	9
1350	54	43	1091.817315730203	0.0	9
1351	54	42	1049.4173157302037	0.0	9
1352	54	42	2236.6173157302032	0.0	9
1353	54	43	2236.6173157302032	0.0	9
1354	54	42	1176.617315730202	0.0	9
1355	11	97	636.6173157302029	0.0	10
1356	54	43	2321.417315730203	0.0	9
1357	54	32	1198.1564209736027	0.0	8
1358	11	96	658.1564209736039	0.0	10
1359	12	96	646.2173157302029	0.0	10
1360	16	91	727.017315730203	0.0	10
1361	54	42	2236.6173157302032	0.0	9
1362	12	95	688.6173157302029	0.0	10
1363	16	91	727.017315730203	0.0	10
1364	54	32	1643.6955262170036	0.0	8
1365	54	43	1240.556420973603	0.0	9
1366	54	42	2259.5128419472076	0.0	9
1367	54	43	2322.095526217005	0.0	9
1368	54	43	2385.356420973604	0.0	9
1369	54	42	1176.617315730202	0.0	9
1370	54	43	1261.417315730201	0.0	9
1371	49	59	2358.8955262170048	0.0	10
1372	54	42	2216.434631460405	0.0	9
1373	54	43	1495.6346314604034	0.0	9
1374	54	32	1898.7737367038053	0.0	8
1375	11	97	636.6173157302029	0.0	10
1376	54	42	1070.9564209736043	0.0	9
1377	54	43	1176.617315730202	0.0	9
1378	54	43	2598.0346314604058	0.0	9
1379	52	55	1242.895526217005	0.0	10
1380	42	65	2036.617315730203	0.0	10
1381	54	42	2724.5564209736035	0.0	9
1382	54	42	2639.756420973604	0.0	9
1383	54	43	2787.817315730203	0.0	9
1384	54	43	2682.156420973604	0.0	9
1385	54	43	1007.0173157302039	0.0	9
1386	54	43	1325.3564209736037	0.0	9
1387	54	41	1241.2346314604054	0.0	9
1388	34	72	730.2173157302035	0.0	10
1389	54	43	1241.2346314604042	0.0	9
1390	54	43	2003.756420973602	0.0	9
1391	54	42	1262.095526217003	0.0	9
1392	44	64	2204.556420973604	0.0	10
1393	54	21	1686.0955262170028	0.0	7
1394	54	42	1155.7564209736033	0.0	9
1395	54	41	2470.1564209736043	0.0	9
1396	54	43	1219.0173157302015	0.0	9
1397	54	42	2469.4782104868023	0.0	9
1398	53	54	2481.417315730203	0.0	10
1399	47	61	2296.617315730203	0.0	10
1400	54	42	1793.112841947205	0.0	9
1401	54	43	1262.095526217003	0.0	9
1402	11	96	636.6173157302029	0.0	10
1403	54	43	1262.095526217003	0.0	9
1404	54	42	1708.3128419472055	0.0	9
1405	54	43	1410.8346314604028	0.0	9
1406	54	32	1812.617315730202	0.0	8
1407	54	42	2597.356420973604	0.0	9
1408	16	92	727.017315730203	0.0	10
1409	54	42	2194.217315730202	0.0	9
1410	54	43	1176.617315730202	0.0	9
1411	26	82	865.4173157302032	0.0	10
1412	40	67	915.0173157302036	0.0	10
1413	54	31	1049.4173157302037	0.0	8
1414	54	41	922.217315730204	0.0	9
1415	49	59	874.2173157302038	0.0	10
1416	54	32	1134.8955262170045	0.0	8
1417	54	43	1007.0173157302039	0.0	9
1418	49	59	959.0173157302038	0.0	10
1419	16	91	621.356420973604	0.0	10
1420	20	87	851.573736703807	0.0	10
1421	54	31	1050.0955262170055	0.0	8
1422	54	32	2198.2865786510124	0.0	8
1423	54	32	1177.295526217004	0.0	8
1424	45	63	1027.6346314604066	0.0	10
1425	54	43	1114.034631460406	0.0	9
1426	54	32	1262.773736703806	0.0	8
1427	54	42	1326.0346314604058	0.0	9
1428	54	42	1050.0955262170055	0.0	9
1429	54	43	1347.5737367038075	0.0	9
1430	45	62	1664.9910524340098	0.0	10
1431	54	42	1432.373736703807	0.0	9
1432	54	42	1155.7564209736033	0.0	9
1433	48	59	885.4782104868027	0.0	10
1434	54	32	1156.4346314604056	0.0	8
1435	54	42	2049.547473407612	0.0	9
1436	54	42	1838.9038943812163	0.0	9
1437	54	42	1177.9737367038065	0.0	9
1438	54	31	1028.5564209736049	0.0	8
1439	54	43	1070.9564209736043	0.0	9
1440	39	69	1311.2692629208118	0.0	10
1441	54	42	2200.9994205982216	0.0	9
1442	54	42	2029.3647891378143	0.0	9
1443	54	42	1092.495526217005	0.0	9
1444	54	43	1283.6346314604036	0.0	9
1445	54	42	1177.295526217004	0.0	9
1446	41	65	1969.1821048680174	0.0	10
1447	54	42	2648.5731573020284	0.0	9
1448	54	42	922.217315730204	0.0	9
1449	42	65	1915.5212101114191	0.0	10
1450	44	63	2019.5212101114187	0.0	10
1451	54	43	1049.4173157302039	0.0	9
1452	38	69	790.1564209736046	0.0	10
1453	54	43	1134.8955262170045	0.0	9
1454	54	43	1219.695526217004	0.0	9
1455	54	42	1049.4173157302037	0.0	9
1456	54	32	1304.495526217003	0.0	8
1457	54	42	1049.4173157302037	0.0	9
1458	54	21	1134.2173157302025	0.0	7
1459	54	42	1049.4173157302037	0.0	9
1460	54	21	2174.034631460404	0.0	7
1461	11	97	636.6173157302029	0.0	10
1462	54	43	1112.6782104868018	0.0	9
1463	54	43	1155.7564209736033	0.0	9
1464	54	43	1049.4173157302037	0.0	9
1465	54	42	1155.7564209736033	0.0	9
1466	54	32	1982.217315730202	0.0	8
1467	54	43	2894.156420973604	0.0	9
1468	54	42	2194.217315730203	0.0	9
1469	54	43	2533.417315730203	0.0	9
1470	54	42	2258.1564209736034	0.0	9
1471	54	42	1134.2173157302025	0.0	9
1472	54	43	1049.4173157302037	0.0	9
1473	54	31	1049.4173157302037	0.0	8
1474	54	42	1091.817315730203	0.0	9
1475	54	42	1049.4173157302037	0.0	9
1476	54	-22	2025.295526217003	0.0	3
1477	54	43	1049.4173157302037	0.0	9
1478	54	42	1155.7564209736033	0.0	9
1479	54	43	1262.0955262170044	0.0	9
1480	54	43	1368.4346314604054	0.0	9
1481	54	30	1091.817315730203	0.0	8
1482	54	42	1176.6173157302026	0.0	9
1483	54	42	1049.4173157302037	0.0	9
1484	54	41	1176.617315730202	0.0	9
1485	52	56	2196.556420973604	0.0	10
1486	54	42	2087.8782104868023	0.0	9
1487	54	43	1686.0955262170037	0.0	9
1488	54	10	1028.5564209736049	0.0	6
1489	54	42	2406.217315730203	0.0	9
1490	12	95	624.6782104868018	0.0	10
1491	54	42	2279.0173157302033	0.0	9
1492	54	43	1473.4173157302016	0.0	9
1493	54	42	1643.0173157302015	0.0	9
1494	54	20	2851.756420973604	0.0	7
1495	54	43	1049.4173157302037	0.0	9
1496	54	43	1643.0173157302017	0.0	9
1497	54	42	1049.4173157302037	0.0	9
1498	54	42	2533.4173157302034	0.0	9
1499	54	32	1176.6173157302026	0.0	8
1500	54	42	2554.9564209736036	0.0	9
1501	54	43	2470.1564209736043	0.0	9
1502	54	0	2639.756420973604	0.0	5
1503	54	42	2809.356420973604	0.0	9
1504	54	43	2830.217315730203	0.0	9
1505	54	42	1537.3564209736023	0.0	9
1506	54	43	1473.4173157302012	0.0	9
1507	49	58	1912.6782104868023	0.0	10
1508	54	41	1367.7564209736029	0.0	9
1509	54	42	1219.0173157302036	0.0	9
1510	11	97	636.6173157302029	0.0	10
1511	54	43	1091.817315730203	0.0	9
1512	54	43	1091.817315730203	0.0	9
1513	11	96	636.6173157302029	0.0	10
1514	11	96	636.6173157302029	0.0	10
1515	54	43	1091.817315730203	0.0	9
1516	54	53	1155.7564209736033	0.0	10
1517	54	42	1049.4173157302037	0.0	9
1518	54	42	1091.817315730203	0.0	9
1519	54	32	1091.8173157302035	0.0	8
1520	54	43	1176.617315730203	0.0	9
1521	54	43	1219.0173157302015	0.0	9
1522	53	54	1887.8173157302033	0.0	10
1523	54	32	1812.6173157302019	0.0	8
1524	54	31	1155.7564209736033	0.0	8
1525	54	42	1134.2173157302025	0.0	9
1526	54	31	2787.817315730203	0.0	8
1527	54	42	1155.756420973604	0.0	9
1528	54	43	1579.756420973603	0.0	9
1529	11	96	615.0782104868019	0.0	10
1530	11	96	615.0782104868019	0.0	10
1531	54	42	2321.417315730203	0.0	9
1532	54	42	2724.556420973604	0.0	9
1533	11	96	615.0782104868019	0.0	10
1534	54	42	2766.956420973604	0.0	9
1535	54	10	2937.2346314604056	0.0	6
1536	11	96	636.6173157302029	0.0	10
1537	54	31	2787.817315730203	0.0	8
1538	54	21	2872.617315730203	0.0	7
1539	54	43	2745.417315730203	0.0	9
1540	50	57	2431.078210486802	0.0	10
1541	54	21	2787.8173157302026	0.0	7
1542	54	31	2703.017315730203	0.0	8
1543	54	21	2809.356420973604	0.0	7
1544	54	42	2554.278210486802	0.0	9
1545	54	43	2745.417315730203	0.0	9
1546	11	95	615.0782104868019	0.0	10
1547	54	43	2872.617315730203	0.0	9
1548	54	43	2745.417315730203	0.0	9
1549	54	32	2916.373736703807	0.0	8
1550	45	63	1642.7737367038071	0.0	10
1551	54	43	2703.695526217005	0.0	9
1552	54	43	2851.756420973604	0.0	9
1553	54	42	2830.217315730203	0.0	9
1554	54	42	1601.973736703804	0.0	9
1555	54	31	1688.1301576774085	0.0	8
1556	54	32	1114.0346314604058	0.0	8
1557	54	42	1348.2519471906064	0.0	9
1558	54	43	1858.4083681642107	0.0	9
1559	54	32	1198.8346314604066	0.0	8
1560	54	42	1262.7737367038058	0.0	9
1561	54	43	1220.373736703806	0.0	9
1562	54	43	1092.495526217005	0.0	9
1563	54	42	1050.0955262170055	0.0	9
1564	54	43	1348.2519471906091	0.0	9
1565	11	95	658.8346314604058	0.0	10
1566	54	41	1262.0955262170041	0.0	9
1567	54	43	1389.9737367038047	0.0	9
1568	54	43	1070.9564209736043	0.0	9
1569	54	31	1007.0173157302039	0.0	8
1570	54	43	1219.6955262170038	0.0	9
1571	54	41	1091.817315730203	0.0	9
1572	53	55	1061.3564209736044	0.0	10
1573	54	42	964.6173157302039	0.0	9
1574	54	43	1114.0346314604058	0.0	9
1575	54	31	986.1564209736049	0.0	8
1576	54	43	922.217315730204	0.0	9
1577	53	55	934.1564209736049	0.0	10
1578	26	81	631.8782104868023	0.0	10
1579	54	32	943.7564209736049	0.0	8
1580	54	42	986.1564209736049	0.0	9
1581	54	43	1050.0955262170055	0.0	9
1582	53	54	934.1564209736049	0.0	10
1583	54	42	943.7564209736049	0.0	9
1584	54	42	943.7564209736049	0.0	9
1585	54	32	943.7564209736049	0.0	8
1586	44	64	975.6346314604066	0.0	10
1587	54	43	986.1564209736049	0.0	9
1588	54	43	943.7564209736049	0.0	9
1589	54	42	1114.0346314604058	0.0	9
1590	54	43	943.7564209736049	0.0	9
1591	54	32	986.1564209736049	0.0	8
1592	54	42	943.7564209736049	0.0	9
1593	54	42	1114.0346314604064	0.0	9
1594	54	43	1028.5564209736049	0.0	9
1595	54	32	922.217315730204	0.0	8
1596	54	31	1028.5564209736049	0.0	8
1597	29	79	703.7564209736043	0.0	10
1598	25	82	707.7564209736042	0.0	10
1599	54	41	1092.4955262170051	0.0	9
1600	54	42	815.878210486803	0.0	9
1601	54	32	1114.0346314604064	0.0	8
1602	54	41	964.6173157302039	0.0	9
1603	54	43	1071.6346314604064	0.0	9
1604	54	43	986.1564209736049	0.0	9
1605	54	41	1178.6519471906079	0.0	9
1606	54	42	900.678210486803	0.0	9
1607	54	43	1198.8346314604046	0.0	9
1608	54	42	1071.6346314604064	0.0	9
1609	11	96	637.2955262170049	0.0	10
1610	54	43	1071.6346314604064	0.0	9
1611	54	43	943.7564209736049	0.0	9
1612	54	43	1071.6346314604064	0.0	9
1613	54	31	964.6173157302039	0.0	8
1614	54	43	1071.6346314604064	0.0	9
1615	54	32	1114.0346314604058	0.0	8
1616	54	43	1114.0346314604058	0.0	9
1617	54	42	986.1564209736049	0.0	9
1618	40	67	937.2346314604065	0.0	10
1619	54	32	1070.9564209736043	0.0	8
1620	54	43	1433.051947190607	0.0	9
1621	54	31	1114.0346314604058	0.0	8
1622	12	96	732.3737367038068	0.0	10
1623	54	42	1071.6346314604064	0.0	9
1624	54	43	1071.6346314604064	0.0	9
1625	54	41	1071.6346314604064	0.0	9
1626	54	43	1114.0346314604058	0.0	9
1627	54	42	1070.9564209736043	0.0	9
1628	54	32	1114.0346314604058	0.0	8
1629	54	43	1071.6346314604064	0.0	9
1630	26	81	631.8782104868023	0.0	10
1631	54	43	1176.617315730202	0.0	9
1632	54	43	1431.0173157302029	0.0	9
1633	35	72	1058.1564209736043	0.0	10
1634	41	66	1030.2782104868024	0.0	10
1635	22	85	742.2173157302032	0.0	10
1636	54	31	1007.0173157302039	0.0	8
1637	54	42	1007.0173157302039	0.0	9
1638	49	58	1065.3564209736041	0.0	10
1639	54	42	1007.0173157302039	0.0	9
1640	34	74	815.0173157302034	0.0	10
1641	54	32	1049.4173157302034	0.0	8
1642	41	66	818.2782104868027	0.0	10
1643	41	67	967.0173157302036	0.0	10
1644	54	42	1451.8782104867996	0.0	9
1645	30	78	1094.956420973604	0.0	10
1646	51	57	1042.1564209736046	0.0	10
1647	54	43	964.6173157302039	0.0	9
1648	54	43	1007.0173157302039	0.0	9
1649	21	86	817.4173157302031	0.0	10
1650	54	41	1114.0346314604058	0.0	9
1651	54	43	1198.8346314604053	0.0	9
1652	54	32	1134.8955262170043	0.0	8
1653	54	10	1007.6955262170057	0.0	6
1654	26	82	1228.1910524340092	0.0	10
1655	54	43	1177.2955262170046	0.0	9
1656	26	80	631.8782104868023	0.0	10
1657	21	86	563.0173157302032	0.0	10
1658	54	10	1177.295526217004	0.0	6
1659	54	42	900.678210486803	0.0	9
1660	54	43	1007.0173157302039	0.0	9
1661	54	43	1049.4173157302037	0.0	9
1662	22	85	806.1564209736041	0.0	10
1663	34	73	815.0173157302034	0.0	10
1664	54	43	1007.0173157302039	0.0	9
1665	54	31	1113.3564209736037	0.0	8
1666	54	43	1007.0173157302039	0.0	9
1667	54	43	1007.0173157302039	0.0	9
1668	31	77	828.6173157302034	0.0	10
1669	54	43	1049.4173157302037	0.0	9
1670	54	43	1176.617315730202	0.0	9
1671	54	42	1473.4173157302016	0.0	9
1672	18	90	767.756420973604	0.0	10
1673	16	91	663.078210486802	0.0	10
1674	16	91	727.017315730203	0.0	10
1675	54	42	1027.8782104868028	0.0	9
1676	54	41	1134.2173157302025	0.0	9
1677	54	43	1155.7564209736033	0.0	9
1678	54	42	1049.4173157302037	0.0	9
1679	54	43	1091.817315730203	0.0	9
1680	54	31	1410.1564209736018	0.0	8
1681	54	43	1431.0173157302006	0.0	9
1682	14	93	750.2173157302029	0.0	10
1683	54	41	1155.7564209736033	0.0	9
1684	54	32	2130.9564209736022	0.0	8
1685	14	93	750.2173157302029	0.0	10
1686	54	43	1643.017315730201	0.0	9
1687	54	31	1517.1737367038038	0.0	8
1688	54	43	1326.0346314604044	0.0	9
1689	54	31	985.4782104868029	0.0	8
1690	54	42	900.678210486803	0.0	9
1691	54	43	1219.6955262170043	0.0	9
1692	54	43	1241.912841947207	0.0	9
1693	54	42	1071.6346314604064	0.0	9
1694	54	43	1156.4346314604052	0.0	9
1695	52	55	1094.1564209736048	0.0	10
1696	51	57	978.2173157302038	0.0	10
1697	43	64	880.5564209736046	0.0	10
1698	54	32	1092.495526217005	0.0	8
1699	47	61	1089.2346314604058	0.0	10
1700	20	87	787.634631460406	0.0	10
1701	54	43	1220.3737367038063	0.0	9
1702	54	42	1476.1301576774106	0.0	9
1703	54	43	1241.9128419472067	0.0	9
1704	54	43	1092.495526217005	0.0	9
1705	54	31	1027.8782104868028	0.0	8
1706	54	42	1049.4173157302037	0.0	9
1707	54	42	1199.5128419472067	0.0	9
1708	54	42	986.1564209736049	0.0	9
1709	54	42	1327.391052434007	0.0	9
1710	54	32	1134.8955262170045	0.0	8
1711	54	42	1071.6346314604064	0.0	9
1712	54	32	1177.9737367038072	0.0	8
1713	54	43	1241.912841947206	0.0	9
1714	54	32	1156.4346314604052	0.0	8
1715	54	42	1241.912841947206	0.0	9
1716	54	42	1007.6955262170059	0.0	9
1717	54	40	1239.8782104868021	0.0	9
1718	54	42	1325.3564209736023	0.0	9
1719	54	31	1727.8173157302017	0.0	8
1720	54	-11	2385.3564209736037	0.0	4
1721	54	43	1688.1301576774088	0.0	9
1722	54	43	1050.0955262170055	0.0	9
1723	54	42	943.7564209736049	0.0	9
1724	54	43	1199.5128419472067	0.0	9
1725	54	42	1433.7301576774073	0.0	9
1726	54	42	1007.6955262170059	0.0	9
1727	54	43	1007.6955262170059	0.0	9
1728	54	43	1156.4346314604052	0.0	9
1729	54	42	1114.0346314604058	0.0	9
1730	54	43	1007.6955262170059	0.0	9
1731	54	43	1050.0955262170055	0.0	9
1732	54	42	1389.9737367038044	0.0	9
1733	54	42	1007.6955262170059	0.0	9
1734	54	43	1263.4519471906083	0.0	9
1735	54	42	1050.0955262170055	0.0	9
1736	54	42	1220.3737367038061	0.0	9
1737	54	42	1369.791052434008	0.0	9
1738	54	32	1369.7910524340073	0.0	8
1739	54	31	1220.3737367038054	0.0	8
1740	54	43	1156.4346314604052	0.0	9
1741	54	42	1071.6346314604064	0.0	9
1742	54	-1	858.2782104868029	0.0	5
1743	54	43	1071.6346314604064	0.0	9
1744	54	43	1284.3128419472055	0.0	9
1745	54	41	1114.0346314604058	0.0	9
1746	54	31	1113.356420973604	0.0	8
1747	54	43	1114.0346314604058	0.0	9
1748	54	43	1348.251947190607	0.0	9
1749	54	42	1199.5128419472073	0.0	9
1750	54	43	1135.5737367038066	0.0	9
1751	54	32	1071.6346314604064	0.0	8
1752	54	43	1454.5910524340075	0.0	9
1753	54	41	1007.6955262170059	0.0	9
1754	54	42	1092.495526217005	0.0	9
1755	54	43	1707.6346314604034	0.0	9
1756	54	42	1114.0346314604058	0.0	9
1757	54	42	1092.495526217005	0.0	9
1758	54	42	943.7564209736049	0.0	9
1759	54	43	1071.6346314604064	0.0	9
1760	54	43	1962.0346314604037	0.0	9
1761	54	42	1071.6346314604064	0.0	9
1762	54	42	1114.0346314604058	0.0	9
1763	54	41	1156.4346314604052	0.0	9
1764	54	41	1199.5128419472067	0.0	9
1765	54	43	1114.0346314604058	0.0	9
1766	54	43	1071.6346314604064	0.0	9
1767	54	41	1241.912841947206	0.0	9
1768	54	42	1135.5737367038064	0.0	9
1769	54	42	1411.5128419472073	0.0	9
1770	54	43	1071.6346314604064	0.0	9
1771	34	72	623.8782104868026	0.0	10
1772	54	42	922.217315730204	0.0	9
1773	54	43	1092.4955262170054	0.0	9
1774	54	43	964.6173157302039	0.0	9
1775	54	42	964.6173157302039	0.0	9
1776	54	43	1091.817315730203	0.0	9
1777	52	54	945.4173157302039	0.0	10
1778	54	42	1091.817315730203	0.0	9
1779	54	42	964.6173157302039	0.0	9
1780	54	43	879.817315730204	0.0	9
1781	54	43	943.7564209736049	0.0	9
1782	54	42	879.817315730204	0.0	9
1783	54	43	879.817315730204	0.0	9
1784	54	42	879.817315730204	0.0	9
1785	26	81	631.8782104868022	0.0	10
1786	54	42	879.817315730204	0.0	9
1787	54	43	964.6173157302039	0.0	9
1788	54	42	1134.2173157302032	0.0	9
1789	54	42	943.078210486803	0.0	9
1790	54	43	1070.9564209736043	0.0	9
1791	54	43	1028.5564209736049	0.0	9
1792	54	32	1050.0955262170055	0.0	8
1793	54	43	1327.3910524340085	0.0	9
1794	53	54	976.5564209736049	0.0	10
1795	25	83	707.7564209736042	0.0	10
1796	54	42	964.6173157302039	0.0	9
1797	25	83	707.7564209736042	0.0	10
1798	54	43	943.7564209736049	0.0	9
1799	54	43	943.7564209736049	0.0	9
1800	54	42	943.7564209736049	0.0	9
1801	54	42	943.7564209736049	0.0	9
1802	27	80	726.9564209736043	0.0	10
1803	36	72	770.9564209736045	0.0	10
1804	34	74	751.7564209736045	0.0	10
1805	54	43	943.7564209736049	0.0	9
1806	54	43	1007.6955262170059	0.0	9
1807	25	82	707.7564209736042	0.0	10
1808	26	82	802.8346314604062	0.0	10
1809	54	43	943.7564209736049	0.0	9
1810	40	68	809.3564209736046	0.0	10
1811	54	32	986.1564209736049	0.0	8
1812	54	41	922.217315730204	0.0	9
1813	54	42	943.7564209736049	0.0	9
1814	54	42	943.7564209736049	0.0	9
1815	54	31	1028.5564209736049	0.0	8
1816	54	43	943.7564209736049	0.0	9
1817	54	42	1135.5737367038064	0.0	9
1818	54	42	1859.7647891378144	0.0	9
1819	54	32	1114.7128419472076	0.0	8
1820	54	42	1007.6955262170059	0.0	9
1821	54	42	1007.6955262170059	0.0	9
1822	46	62	909.3564209736047	0.0	10
1823	54	32	943.7564209736049	0.0	8
1824	54	43	922.217315730204	0.0	9
1825	54	41	879.817315730204	0.0	9
1826	54	-12	922.8955262170058	0.0	4
1827	54	42	1028.5564209736049	0.0	9
1828	41	67	797.4173157302037	0.0	10
1829	54	42	1070.9564209736043	0.0	9
1830	54	43	1091.817315730203	0.0	9
1831	28	79	778.9564209736043	0.0	10
1832	38	70	768.6173157302036	0.0	10
1833	54	42	900.678210486803	0.0	9
1834	23	83	603.0782104868023	0.0	10
1835	54	42	858.278210486803	0.0	9
1836	36	70	770.2782104868025	0.0	10
1837	43	65	816.6173157302037	0.0	10
1838	54	41	964.6173157302039	0.0	9
1839	54	43	922.217315730204	0.0	9
1840	54	42	1028.5564209736049	0.0	9
1841	54	21	901.3564209736048	0.0	7
1842	38	70	790.1564209736046	0.0	10
1843	54	32	943.7564209736049	0.0	8
1844	54	32	943.7564209736049	0.0	8
1845	54	42	943.7564209736049	0.0	9
1846	54	42	943.7564209736049	0.0	9
1847	54	32	1050.0955262170055	0.0	8
1848	54	43	1007.0173157302039	0.0	9
1849	54	32	900.6782104868029	0.0	8
1850	54	43	1050.0955262170055	0.0	9
1851	54	42	1134.8955262170048	0.0	9
1852	54	30	900.678210486803	0.0	8
1853	54	43	922.217315730204	0.0	9
1854	54	31	964.6173157302039	0.0	8
1855	33	74	720.6173157302035	0.0	10
1856	54	43	964.6173157302039	0.0	9
1857	54	42	922.217315730204	0.0	9
1858	54	43	964.6173157302039	0.0	9
1859	51	56	893.4173157302039	0.0	10
1860	33	75	720.6173157302035	0.0	10
1861	54	42	943.7564209736049	0.0	9
1862	29	78	575.8782104868025	0.0	10
1863	54	43	1071.6346314604064	0.0	9
1864	54	41	986.1564209736049	0.0	9
1865	54	43	943.7564209736049	0.0	9
1866	54	43	943.7564209736049	0.0	9
1867	54	43	943.7564209736049	0.0	9
1868	54	43	943.7564209736049	0.0	9
1869	54	43	1114.0346314604058	0.0	9
1870	54	42	943.7564209736049	0.0	9
1871	54	43	986.1564209736049	0.0	9
1872	54	10	879.8173157302039	0.0	6
1873	54	43	922.217315730204	0.0	9
1874	27	80	683.8782104868023	0.0	10
1875	54	42	922.217315730204	0.0	9
1876	33	74	720.6173157302035	0.0	10
1877	54	43	1050.0955262170055	0.0	9
1878	54	43	1092.495526217005	0.0	9
1879	38	69	790.1564209736046	0.0	10
1880	54	32	922.217315730204	0.0	8
1881	54	42	879.817315730204	0.0	9
1882	54	42	922.217315730204	0.0	9
1883	54	43	943.7564209736049	0.0	9
1884	45	63	878.2173157302037	0.0	10
1885	54	43	943.7564209736049	0.0	9
1886	54	43	943.7564209736049	0.0	9
1887	54	43	1028.5564209736049	0.0	9
1888	41	66	797.4173157302037	0.0	10
1889	54	43	922.217315730204	0.0	9
1890	54	42	964.6173157302039	0.0	9
1891	54	43	964.6173157302039	0.0	9
1892	54	42	986.1564209736049	0.0	9
1893	38	70	811.0173157302036	0.0	10
1894	54	41	1007.0173157302039	0.0	9
1895	54	42	964.6173157302039	0.0	9
1896	54	42	1112.6782104868018	0.0	9
1897	54	42	943.7564209736049	0.0	9
1898	36	71	643.0782104868026	0.0	10
1899	54	42	1070.9564209736045	0.0	9
1900	54	21	1261.417315730201	0.0	7
1901	54	43	964.6173157302039	0.0	9
1902	54	42	986.1564209736049	0.0	9
1903	54	31	943.078210486803	0.0	8
1904	39	69	884.5564209736045	0.0	10
1905	54	32	922.217315730204	0.0	8
1906	47	61	1088.5564209736044	0.0	10
1907	54	43	1070.9564209736043	0.0	9
1908	54	43	1070.9564209736043	0.0	9
1909	54	42	922.217315730204	0.0	9
1910	54	31	986.1564209736049	0.0	8
1911	52	56	945.4173157302039	0.0	10
1912	54	42	964.6173157302039	0.0	9
1913	54	31	1070.9564209736043	0.0	8
1914	54	43	964.6173157302039	0.0	9
1915	46	62	887.8173157302037	0.0	10
1916	54	42	1155.7564209736033	0.0	9
1917	54	43	1007.0173157302039	0.0	9
1918	54	43	964.6173157302039	0.0	9
1919	40	68	978.9564209736045	0.0	10
1920	54	43	986.1564209736049	0.0	9
1921	54	43	964.6173157302039	0.0	9
1922	54	42	1091.8173157302035	0.0	9
1923	54	43	1070.9564209736043	0.0	9
1924	54	32	1410.1564209736027	0.0	8
1925	54	10	1177.295526217004	0.0	6
1926	54	42	1155.7564209736033	0.0	9
1927	54	32	1155.7564209736033	0.0	8
1928	54	42	1155.7564209736033	0.0	9
1929	54	43	1091.817315730203	0.0	9
1930	54	43	1134.2173157302025	0.0	9
1931	54	43	1049.4173157302037	0.0	9
1932	54	31	1134.2173157302025	0.0	8
1933	54	42	1070.2782104868024	0.0	9
1934	54	42	1134.2173157302032	0.0	9
1935	54	32	1091.8173157302037	0.0	8
1936	54	43	1091.817315730203	0.0	9
1937	54	43	1049.4173157302037	0.0	9
1938	54	42	1049.4173157302037	0.0	9
1939	54	42	1049.4173157302037	0.0	9
1940	54	43	1091.817315730203	0.0	9
1941	54	43	1049.4173157302037	0.0	9
1942	11	96	636.6173157302029	0.0	10
1943	54	43	1134.2173157302025	0.0	9
1944	54	42	1049.4173157302037	0.0	9
1945	54	42	1049.4173157302037	0.0	9
1946	54	43	1071.6346314604064	0.0	9
1947	54	42	1071.6346314604064	0.0	9
1948	54	43	1177.9737367038058	0.0	9
1949	54	32	1283.6346314604061	0.0	8
1950	54	42	1474.7737367038055	0.0	9
1951	54	43	964.6173157302039	0.0	9
1952	54	43	1007.6955262170059	0.0	9
1953	54	43	1007.6955262170059	0.0	9
1954	54	43	943.7564209736049	0.0	9
1955	54	42	1263.451947190607	0.0	9
1956	54	43	1134.8955262170045	0.0	9
1957	54	42	943.078210486803	0.0	9
1958	54	42	943.078210486803	0.0	9
1959	54	42	943.078210486803	0.0	9
1960	54	43	964.6173157302039	0.0	9
1961	54	42	1070.9564209736043	0.0	9
1962	54	42	1070.9564209736043	0.0	9
1963	54	42	1091.8173157302028	0.0	9
1964	54	41	1049.4173157302037	0.0	9
1965	54	42	1091.817315730203	0.0	9
1966	54	41	943.078210486803	0.0	9
1967	54	42	943.078210486803	0.0	9
1968	54	32	1007.0173157302039	0.0	8
1969	48	60	949.4173157302038	0.0	10
1970	54	42	943.7564209736049	0.0	9
1971	54	42	1050.0955262170055	0.0	9
1972	54	43	986.1564209736049	0.0	9
1973	54	31	1070.9564209736043	0.0	8
1974	54	43	964.6173157302039	0.0	9
1975	54	42	1007.0173157302039	0.0	9
1976	54	42	943.078210486803	0.0	9
1977	40	68	830.2173157302036	0.0	10
1978	54	43	964.6173157302039	0.0	9
1979	54	43	943.7564209736049	0.0	9
1980	54	32	985.4782104868029	0.0	8
1981	54	43	1114.0346314604064	0.0	9
1982	54	42	922.217315730204	0.0	9
1983	54	42	858.278210486803	0.0	9
1984	54	42	922.217315730204	0.0	9
1985	54	43	1007.0173157302039	0.0	9
1986	54	43	922.217315730204	0.0	9
1987	54	43	1028.5564209736049	0.0	9
1988	54	42	1134.8955262170045	0.0	9
1989	54	43	986.1564209736049	0.0	9
1990	54	43	922.217315730204	0.0	9
1991	54	43	1070.9564209736043	0.0	9
1992	54	42	943.7564209736049	0.0	9
1993	54	43	1092.495526217005	0.0	9
1994	54	42	1050.0955262170055	0.0	9
1995	54	43	943.7564209736049	0.0	9
1996	54	42	815.878210486803	0.0	9
1997	54	43	943.7564209736049	0.0	9
1998	54	42	1198.1564209736027	0.0	9
1999	26	81	631.8782104868023	0.0	10
2000	54	31	900.678210486803	0.0	8
2001	54	42	1007.0173157302039	0.0	9
2002	54	42	1007.0173157302039	0.0	9
2003	54	43	1007.0173157302039	0.0	9
2004	44	63	931.8782104868027	0.0	10
2005	54	42	1027.8782104868028	0.0	9
2006	51	57	1042.1564209736046	0.0	10
2007	40	68	787.8173157302036	0.0	10
2008	38	68	768.6173157302036	0.0	10
2009	29	77	575.8782104868025	0.0	10
2010	54	42	815.878210486803	0.0	9
2011	54	43	964.6173157302039	0.0	9
2012	54	43	1028.5564209736049	0.0	9
2013	54	43	986.1564209736049	0.0	9
2014	45	61	729.4782104868028	0.0	10
2015	43	65	816.6173157302037	0.0	10
2016	54	42	922.217315730204	0.0	9
2017	54	42	1092.4955262170051	0.0	9
2018	54	43	1389.2955262170046	0.0	9
2019	50	58	990.1564209736048	0.0	10
2020	54	42	1028.5564209736049	0.0	9
2021	54	31	815.878210486803	0.0	8
2022	54	54	943.7564209736049	0.0	10
2023	54	43	1050.0955262170055	0.0	9
2024	53	54	934.1564209736049	0.0	10
2025	48	60	992.4955262170057	0.0	10
2026	54	53	1135.5737367038064	0.0	10
2027	19	89	799.573736703807	0.0	10
2028	54	43	1198.8346314604046	0.0	9
2029	54	42	1050.0955262170055	0.0	9
2030	54	43	1114.0346314604058	0.0	9
2031	54	43	1114.0346314604058	0.0	9
2032	54	42	1092.495526217005	0.0	9
2033	11	96	615.0782104868019	0.0	10
2034	54	43	1155.7564209736033	0.0	9
2035	54	32	1049.4173157302037	0.0	8
2036	54	32	1049.4173157302037	0.0	8
2037	54	42	1049.4173157302037	0.0	9
2038	54	21	1261.4173157302016	0.0	7
2039	54	42	1027.8782104868028	0.0	9
2040	54	42	1240.556420973603	0.0	9
2041	54	41	1049.4173157302037	0.0	9
2042	54	41	1050.0955262170055	0.0	9
2043	54	42	1177.2955262170046	0.0	9
2044	54	42	1027.8782104868028	0.0	9
2045	54	43	1155.7564209736033	0.0	9
2046	54	43	1091.817315730203	0.0	9
2047	11	96	615.0782104868019	0.0	10
2048	54	42	1091.817315730203	0.0	9
2049	11	96	636.6173157302029	0.0	10
2050	54	43	1155.7564209736033	0.0	9
2051	54	32	1049.4173157302037	0.0	8
2052	54	43	1156.4346314604059	0.0	9
2053	54	43	1391.3301576774102	0.0	9
2054	54	43	943.7564209736049	0.0	9
2055	42	65	934.8955262170056	0.0	10
2056	54	32	1007.6955262170059	0.0	8
2057	54	42	943.7564209736049	0.0	9
2058	54	31	1007.6955262170059	0.0	8
2059	54	41	1220.3737367038054	0.0	9
2060	54	41	1220.3737367038054	0.0	9
2061	54	42	1114.0346314604058	0.0	9
2062	54	43	964.6173157302039	0.0	9
2063	54	43	1049.4173157302037	0.0	9
2064	54	42	964.6173157302039	0.0	9
2065	54	41	964.6173157302039	0.0	9
2066	54	41	964.6173157302039	0.0	9
2067	40	67	830.2173157302036	0.0	10
2068	54	41	964.6173157302039	0.0	9
2069	54	42	1091.817315730203	0.0	9
2070	54	42	964.6173157302039	0.0	9
2071	44	63	847.0782104868027	0.0	10
2072	54	43	964.6173157302039	0.0	9
2073	54	42	1007.0173157302039	0.0	9
2074	54	42	985.4782104868029	0.0	9
2075	54	42	943.078210486803	0.0	9
2076	54	42	1070.9564209736045	0.0	9
2077	54	42	1134.8955262170045	0.0	9
2078	54	41	943.078210486803	0.0	9
2079	54	43	1007.0173157302039	0.0	9
2080	54	42	1389.9737367038053	0.0	9
2081	54	43	964.6173157302039	0.0	9
2082	54	42	1007.0173157302039	0.0	9
2083	54	32	922.217315730204	0.0	8
2084	54	43	1177.295526217004	0.0	9
2085	54	41	1028.5564209736049	0.0	9
2086	42	66	891.8173157302036	0.0	10
2087	54	43	1198.1564209736034	0.0	9
2088	54	43	1007.0173157302039	0.0	9
2089	44	64	847.7564209736047	0.0	10
2090	54	31	943.7564209736049	0.0	8
2091	54	43	986.1564209736049	0.0	9
2092	54	42	1007.6955262170059	0.0	9
2093	54	42	943.7564209736049	0.0	9
2094	54	10	1176.6173157302019	0.0	6
2095	54	32	922.217315730204	0.0	8
2096	54	43	1113.3564209736037	0.0	9
2097	54	42	1007.0173157302038	0.0	9
2098	54	43	964.6173157302039	0.0	9
2099	54	42	1070.9564209736043	0.0	9
2100	54	43	1070.9564209736043	0.0	9
2101	54	42	964.6173157302039	0.0	9
2102	54	42	964.6173157302039	0.0	9
2103	54	31	1113.3564209736037	0.0	8
2104	54	43	1007.0173157302039	0.0	9
2105	54	43	1028.5564209736049	0.0	9
2106	54	41	1135.5737367038064	0.0	9
2107	54	42	1348.2519471906057	0.0	9
2108	54	41	1007.6955262170059	0.0	9
2109	54	43	1007.6955262170059	0.0	9
2110	54	41	1007.6955262170059	0.0	9
2111	54	43	1263.4519471906083	0.0	9
2112	54	43	1007.6955262170059	0.0	9
2113	54	41	1092.4955262170051	0.0	9
2114	38	70	811.0173157302036	0.0	10
2115	54	43	1007.0173157302039	0.0	9
2116	54	41	1070.9564209736047	0.0	9
2117	54	42	1070.9564209736043	0.0	9
2118	54	43	1070.9564209736043	0.0	9
2119	54	-1	1326.712841947207	0.0	5
2120	54	40	986.1564209736049	0.0	9
2121	54	41	964.6173157302039	0.0	9
2122	54	42	1027.8782104868028	0.0	9
2123	54	43	986.1564209736049	0.0	9
2124	54	43	943.7564209736049	0.0	9
2125	54	43	1070.9564209736043	0.0	9
2126	54	42	1113.3564209736037	0.0	9
2127	54	41	1027.8782104868028	0.0	9
2128	54	42	1049.4173157302037	0.0	9
2129	54	43	1049.4173157302037	0.0	9
2130	54	43	1007.6955262170059	0.0	9
2131	54	43	1135.5737367038064	0.0	9
2132	54	42	1049.4173157302037	0.0	9
2133	54	43	1049.4173157302037	0.0	9
2134	54	32	1049.4173157302037	0.0	8
2135	54	42	1091.817315730203	0.0	9
2136	54	43	1091.817315730203	0.0	9
2137	54	42	1155.7564209736047	0.0	9
2138	54	43	1049.4173157302037	0.0	9
2139	54	43	1049.4173157302037	0.0	9
2140	54	41	1134.2173157302034	0.0	9
2141	11	97	636.6173157302029	0.0	10
2142	54	42	1027.8782104868028	0.0	9
2143	54	32	1155.7564209736045	0.0	8
2144	54	43	1091.817315730203	0.0	9
2145	54	42	1027.8782104868028	0.0	9
2146	54	42	1049.4173157302037	0.0	9
2147	54	42	1091.817315730203	0.0	9
2148	54	43	1176.6173157302026	0.0	9
2149	54	32	1049.4173157302037	0.0	8
2150	54	42	1134.2173157302025	0.0	9
2151	12	94	753.2346314604057	0.0	10
2152	54	32	1091.817315730203	0.0	8
2153	54	42	1049.4173157302037	0.0	9
2154	54	31	1049.4173157302037	0.0	8
2155	54	43	1155.7564209736033	0.0	9
2156	54	43	1091.817315730203	0.0	9
2157	54	43	1091.817315730203	0.0	9
2158	54	43	1091.817315730203	0.0	9
2159	54	42	1112.6782104868018	0.0	9
2160	54	42	1155.7564209736042	0.0	9
2161	54	42	1134.2173157302032	0.0	9
2162	54	42	1091.817315730203	0.0	9
2163	54	32	1049.4173157302037	0.0	8
2164	54	43	1091.817315730203	0.0	9
2165	54	42	1027.8782104868028	0.0	9
2166	54	43	1091.817315730203	0.0	9
2167	54	43	1155.7564209736033	0.0	9
2168	54	43	1155.7564209736033	0.0	9
2169	30	77	777.2955262170053	0.0	10
2170	54	42	1092.495526217005	0.0	9
2171	54	43	1304.495526217003	0.0	9
2172	54	42	1091.817315730203	0.0	9
2173	54	42	1049.4173157302037	0.0	9
2174	54	42	1304.4955262170035	0.0	9
2175	54	43	1091.817315730203	0.0	9
2176	13	95	762.1564209736039	0.0	10
2177	54	31	1027.8782104868028	0.0	8
2178	54	43	1049.4173157302037	0.0	9
2179	54	41	1027.8782104868028	0.0	9
2180	54	43	1049.4173157302037	0.0	9
2181	11	96	636.6173157302029	0.0	10
2182	54	30	1070.2782104868024	0.0	8
2183	54	32	1134.2173157302036	0.0	8
2184	54	43	1346.8955262170039	0.0	9
2185	54	42	1474.095526217002	0.0	9
2186	54	41	900.678210486803	0.0	9
2187	47	60	855.0173157302038	0.0	10
2188	54	32	922.217315730204	0.0	8
2189	54	43	1155.7564209736042	0.0	9
2190	54	42	943.078210486803	0.0	9
2191	54	43	1070.9564209736043	0.0	9
2192	54	42	1049.4173157302037	0.0	9
2193	54	43	964.6173157302039	0.0	9
2194	54	42	1007.6955262170059	0.0	9
2195	54	31	1092.495526217005	0.0	8
2196	54	42	964.6173157302039	0.0	9
2197	54	42	1219.0173157302029	0.0	9
2198	54	42	1091.817315730203	0.0	9
2199	54	32	1282.9564209736025	0.0	8
2200	54	31	1049.4173157302037	0.0	8
2201	54	32	1240.5564209736021	0.0	8
2202	54	32	1155.7564209736033	0.0	8
2203	54	42	1027.8782104868028	0.0	9
2204	54	43	1049.4173157302037	0.0	9
2205	54	-22	943.078210486803	0.0	3
2206	54	42	964.6173157302039	0.0	9
2207	54	42	1007.0173157302039	0.0	9
2208	54	42	943.078210486803	0.0	9
2209	54	43	964.6173157302039	0.0	9
2210	54	41	943.078210486803	0.0	9
2211	54	42	1049.4173157302037	0.0	9
2212	54	43	964.6173157302039	0.0	9
2213	54	42	964.6173157302039	0.0	9
2214	54	42	964.6173157302039	0.0	9
2215	54	42	1155.0782104868013	0.0	9
2216	50	58	926.2173157302038	0.0	10
2217	54	42	1134.2173157302036	0.0	9
2218	11	96	615.0782104868019	0.0	10
2219	54	43	1134.2173157302025	0.0	9
2220	54	43	1091.817315730203	0.0	9
2221	54	41	1027.8782104868028	0.0	9
2222	54	42	1134.2173157302025	0.0	9
2223	54	10	1091.8173157302028	0.0	6
2224	54	31	1219.0173157302013	0.0	8
2225	54	42	1091.817315730203	0.0	9
2226	54	42	1027.8782104868028	0.0	9
2227	54	43	1091.817315730203	0.0	9
2228	54	42	1091.817315730203	0.0	9
2229	54	42	1049.4173157302037	0.0	9
2230	54	42	1027.8782104868028	0.0	9
2231	54	42	1027.8782104868028	0.0	9
2232	54	42	1027.8782104868028	0.0	9
2233	54	41	1091.817315730203	0.0	9
2234	54	42	1049.4173157302037	0.0	9
2235	54	43	1155.7564209736033	0.0	9
2236	54	42	1134.2173157302032	0.0	9
2237	54	42	1113.3564209736037	0.0	9
2238	11	96	615.0782104868019	0.0	10
2239	11	96	615.0782104868019	0.0	10
2240	54	42	1027.8782104868028	0.0	9
2241	54	32	1091.817315730203	0.0	8
2242	54	-22	1197.4782104868007	0.0	3
2243	54	42	1070.2782104868024	0.0	9
2244	11	96	615.0782104868019	0.0	10
2245	54	32	1367.756420973602	0.0	8
2246	54	43	1240.5564209736035	0.0	9
2247	54	43	1198.1564209736027	0.0	9
2248	54	41	1091.817315730203	0.0	9
2249	11	95	615.0782104868019	0.0	10
2250	54	42	1049.4173157302037	0.0	9
2251	54	43	1304.4955262170047	0.0	9
2252	54	41	1049.4173157302037	0.0	9
2253	54	42	1070.9564209736043	0.0	9
2254	54	32	1134.2173157302025	0.0	8
2255	54	32	1134.2173157302036	0.0	8
2256	54	42	1049.4173157302037	0.0	9
2257	54	42	1049.4173157302037	0.0	9
2258	54	21	1219.0173157302015	0.0	7
2259	54	31	1134.2173157302025	0.0	8
2260	54	41	1027.8782104868028	0.0	9
2261	54	41	1027.8782104868028	0.0	9
2262	54	43	1049.4173157302037	0.0	9
2263	54	43	1049.4173157302037	0.0	9
2264	54	42	1049.4173157302037	0.0	9
2265	11	97	636.6173157302029	0.0	10
2266	54	32	1134.2173157302025	0.0	8
2267	54	43	1091.8173157302033	0.0	9
2268	11	97	636.6173157302029	0.0	10
2269	11	96	636.6173157302029	0.0	10
2270	54	41	1049.4173157302037	0.0	9
2271	54	43	1134.2173157302025	0.0	9
2272	54	32	1219.0173157302015	0.0	8
2273	54	43	1049.4173157302037	0.0	9
2274	54	41	1176.6173157302023	0.0	9
2275	54	42	1049.4173157302037	0.0	9
2276	54	42	1049.4173157302037	0.0	9
2277	54	42	1049.4173157302037	0.0	9
2278	54	43	1091.817315730203	0.0	9
2279	54	43	1155.7564209736033	0.0	9
2280	54	42	1155.7564209736033	0.0	9
2281	54	43	1049.4173157302037	0.0	9
2282	54	43	1049.4173157302037	0.0	9
2283	54	43	1049.4173157302037	0.0	9
2284	54	42	1049.4173157302037	0.0	9
2285	11	96	615.0782104868019	0.0	10
2286	54	42	1155.7564209736033	0.0	9
2287	20	88	723.0173157302031	0.0	10
2288	54	43	1091.817315730203	0.0	9
2289	54	43	1049.4173157302037	0.0	9
2290	11	95	615.0782104868019	0.0	10
2291	54	43	1134.2173157302025	0.0	9
2292	54	43	1049.4173157302037	0.0	9
2293	54	43	1091.817315730203	0.0	9
2294	54	42	1112.6782104868018	0.0	9
2295	54	41	1027.8782104868028	0.0	9
2296	54	43	1049.4173157302037	0.0	9
2297	54	53	1049.4173157302037	0.0	10
2298	54	43	1114.0346314604058	0.0	9
2299	54	42	1177.295526217004	0.0	9
2300	54	32	1049.4173157302037	0.0	8
2301	11	96	636.6173157302029	0.0	10
2302	54	43	1070.9564209736043	0.0	9
2303	54	42	1049.4173157302037	0.0	9
2304	54	43	1049.4173157302037	0.0	9
2305	54	42	1027.8782104868028	0.0	9
2306	11	96	615.0782104868019	0.0	10
2307	54	42	1155.7564209736033	0.0	9
2308	50	57	1244.556420973604	0.0	10
2309	19	88	755.8173157302031	0.0	10
2310	54	32	1325.3564209736037	0.0	8
2311	54	31	1303.8173157302003	0.0	8
2312	54	32	1325.3564209736028	0.0	8
2313	11	96	615.0782104868019	0.0	10
2314	54	-12	1346.2173157302	0.0	4
2315	26	82	780.6173157302032	0.0	10
2316	54	43	1219.6955262170034	0.0	9
2317	54	43	1219.6955262170047	0.0	9
2318	54	42	1049.4173157302037	0.0	9
2319	39	68	756.6782104868026	0.0	10
2320	26	81	674.2782104868023	0.0	10
2321	54	42	1007.0173157302039	0.0	9
2322	34	73	815.0173157302034	0.0	10
2323	54	41	1176.6173157302032	0.0	9
2324	54	42	943.078210486803	0.0	9
2325	54	41	900.678210486803	0.0	9
2326	54	42	1198.1564209736027	0.0	9
2327	54	32	1070.9564209736043	0.0	8
2328	54	43	1007.0173157302039	0.0	9
2329	54	42	1007.0173157302039	0.0	9
2330	54	43	1262.095526217003	0.0	9
2331	54	43	986.1564209736049	0.0	9
2332	54	43	943.7564209736049	0.0	9
2333	40	67	809.3564209736046	0.0	10
2334	54	43	943.7564209736049	0.0	9
2335	25	82	579.8782104868023	0.0	10
2336	54	42	815.878210486803	0.0	9
2337	54	42	986.1564209736049	0.0	9
2338	54	41	900.678210486803	0.0	9
2339	54	31	1007.0173157302039	0.0	8
2340	54	43	986.1564209736049	0.0	9
2341	54	43	986.1564209736049	0.0	9
2342	54	42	1113.3564209736037	0.0	9
2343	20	88	680.6173157302031	0.0	10
2344	54	32	1198.1564209736027	0.0	8
2345	54	42	1241.2346314604054	0.0	9
2346	34	74	815.0173157302034	0.0	10
2347	54	42	1219.0173157302022	0.0	9
2348	54	42	943.7564209736049	0.0	9
2349	54	43	1049.4173157302037	0.0	9
2350	54	43	943.7564209736049	0.0	9
2351	54	42	1070.9564209736043	0.0	9
2352	54	42	943.7564209736049	0.0	9
2353	54	43	986.1564209736049	0.0	9
2354	54	43	1092.495526217005	0.0	9
2355	25	81	579.8782104868023	0.0	10
2356	54	32	943.7564209736049	0.0	8
2357	54	42	858.278210486803	0.0	9
2358	40	66	809.3564209736046	0.0	10
2359	54	43	943.7564209736049	0.0	9
2360	54	42	943.7564209736049	0.0	9
2361	54	42	858.278210486803	0.0	9
2362	54	43	1071.6346314604064	0.0	9
2363	25	82	579.8782104868023	0.0	10
2364	38	69	747.0782104868026	0.0	10
2365	54	43	986.1564209736049	0.0	9
2366	54	43	943.7564209736049	0.0	9
2367	29	78	703.7564209736043	0.0	10
2368	54	32	943.7564209736049	0.0	8
2369	26	81	631.8782104868023	0.0	10
2370	54	43	943.7564209736049	0.0	9
2371	54	11	965.2955262170059	0.0	6
2372	54	42	1050.0955262170055	0.0	9
2373	54	32	1029.2346314604067	0.0	8
2374	54	43	943.7564209736049	0.0	9
2375	25	82	771.6955262170052	0.0	10
2376	21	86	711.7564209736041	0.0	10
2377	54	42	1092.495526217005	0.0	9
2378	54	43	943.7564209736049	0.0	9
2379	54	42	1028.5564209736049	0.0	9
2380	54	42	900.678210486803	0.0	9
2381	54	43	943.7564209736049	0.0	9
2382	54	42	1071.6346314604064	0.0	9
2383	54	43	943.7564209736049	0.0	9
2384	54	32	922.217315730204	0.0	8
2385	54	43	922.217315730204	0.0	9
2386	26	81	631.8782104868023	0.0	10
2387	54	42	922.217315730204	0.0	9
2388	54	43	922.217315730204	0.0	9
2389	54	43	964.6173157302039	0.0	9
2390	25	81	728.6173157302032	0.0	10
2391	54	42	964.6173157302039	0.0	9
2392	25	81	579.8782104868023	0.0	10
2393	24	82	612.6782104868023	0.0	10
2394	54	43	922.217315730204	0.0	9
2395	43	65	816.6173157302037	0.0	10
2396	54	31	900.678210486803	0.0	8
2397	54	42	986.1564209736049	0.0	9
2398	25	82	579.8782104868023	0.0	10
2399	54	41	922.217315730204	0.0	9
2400	54	32	943.7564209736049	0.0	8
2401	54	43	943.7564209736049	0.0	9
2402	54	41	900.678210486803	0.0	9
2403	38	70	768.6173157302036	0.0	10
2404	54	32	1070.2782104868024	0.0	8
2405	32	75	711.0173157302034	0.0	10
2406	54	42	900.678210486803	0.0	9
2407	54	42	922.217315730204	0.0	9
2408	44	63	932.5564209736046	0.0	10
2409	54	42	943.078210486803	0.0	9
2410	54	42	985.4782104868029	0.0	9
2411	54	43	922.217315730204	0.0	9
2412	54	32	943.7564209736049	0.0	8
2413	54	42	922.217315730204	0.0	9
2414	54	43	1028.5564209736049	0.0	9
2415	54	43	964.6173157302039	0.0	9
2416	54	31	964.6173157302039	0.0	8
2417	54	42	922.217315730204	0.0	9
2418	54	32	964.6173157302039	0.0	8
2419	54	43	922.217315730204	0.0	9
2420	40	68	787.8173157302036	0.0	10
2421	54	32	943.7564209736049	0.0	8
2422	54	43	1050.0955262170055	0.0	9
2423	28	79	693.4782104868024	0.0	10
2424	34	73	772.6173157302035	0.0	10
2425	25	82	579.8782104868022	0.0	10
2426	38	70	854.0955262170055	0.0	10
2427	54	43	986.1564209736049	0.0	9
2428	40	68	873.2955262170055	0.0	10
2429	54	21	964.6173157302039	0.0	7
2430	54	42	900.678210486803	0.0	9
2431	54	43	1028.5564209736049	0.0	9
2432	26	81	631.8782104868023	0.0	10
2433	54	42	943.7564209736049	0.0	9
2434	53	55	934.1564209736049	0.0	10
2435	54	42	900.678210486803	0.0	9
2436	54	31	815.878210486803	0.0	8
2437	54	41	964.6173157302039	0.0	9
2438	54	31	1007.0173157302039	0.0	8
2439	54	42	1113.3564209736037	0.0	9
2440	39	68	820.6173157302036	0.0	10
2441	54	42	964.6173157302039	0.0	9
2442	54	43	964.6173157302039	0.0	9
2443	36	72	791.8173157302035	0.0	10
2444	54	42	943.078210486803	0.0	9
2445	54	43	1113.3564209736046	0.0	9
2446	54	41	900.678210486803	0.0	9
2447	54	42	900.678210486803	0.0	9
2448	54	10	964.6173157302038	0.0	6
2449	54	42	943.078210486803	0.0	9
2450	54	41	1091.8173157302035	0.0	9
