EpNum	EpSteps	Reward	ener	dist	NumCovTargets
1	2	131.33333333333334	61.6	0.0	15
2	8	4.0	204.67821048680187	0.0	15
3	126	-2	4950.97315730203	0.0	12
4	1	150	52.0	0.0	15
5	1	150	52.0	0.0	15
6	106	12.666666666666668	2547.391052434007	0.0	15
7	99	-19.666666666666668	2352.9910524340066	0.0	15
8	1	150	52.0	0.0	15
9	29	-2.666666666666668	533.4782104868021	0.0	15
10	1	150	52.0	0.0	15
11	13	122.33333333333334	294.40000000000003	0.0	15
12	126	-126	2357.7910524340023	0.0	0
13	1	150	52.0	0.0	15
14	1	150	52.0	0.0	15
15	1	150	52.0	0.0	15
16	1	150	52.0	0.0	15
17	1	150	52.0	0.0	15
18	1	150	52.0	0.0	15
19	1	150	52.0	0.0	15
20	1	150	52.0	0.0	15
21	1	150	52.0	0.0	15
22	1	150	52.0	0.0	15
23	1	150	52.0	0.0	15
24	1	150	52.0	0.0	15
25	1	150	52.0	0.0	15
26	1	150	52.0	0.0	15
27	1	150	52.0	0.0	15
28	1	150	52.0	0.0	15
29	2	140.66666666666666	61.6	0.0	15
30	1	150	52.0	0.0	15
31	1	150	52.0	0.0	15
32	1	150	52.0	0.0	15
33	1	150	52.0	0.0	15
34	1	150	52.0	0.0	15
35	1	150	52.0	0.0	15
36	1	150	52.0	0.0	15
37	1	150	52.0	0.0	15
38	1	150	52.0	0.0	15
39	1	150	52.0	0.0	15
40	1	150	52.0	0.0	15
41	1	150	52.0	0.0	15
42	1	150	52.0	0.0	15
43	1	150	52.0	0.0	15
44	1	150	52.0	0.0	15
45	1	150	52.0	0.0	15
46	1	150	52.0	0.0	15
47	1	150	52.0	0.0	15
48	2	140.66666666666666	61.6	0.0	15
49	1	150	52.0	0.0	15
50	1	150	52.0	0.0	15
51	1	150	52.0	0.0	15
52	1	150	52.0	0.0	15
53	1	150	52.0	0.0	15
54	1	150	52.0	0.0	15
55	1	150	52.0	0.0	15
56	1	150	52.0	0.0	15
57	1	150	52.0	0.0	15
58	1	150	52.0	0.0	15
59	1	150	52.0	0.0	15
60	1	150	52.0	0.0	15
61	1	150	52.0	0.0	15
62	1	150	52.0	0.0	15
63	1	150	52.0	0.0	15
64	1	150	52.0	0.0	15
65	1	150	52.0	0.0	15
66	2	140.66666666666666	61.6	0.0	15
67	1	150	52.0	0.0	15
68	1	150	52.0	0.0	15
69	1	150	52.0	0.0	15
70	11	2.999999999999999	147.99999999999997	0.0	15
71	1	150	52.0	0.0	15
72	1	150	52.0	0.0	15
73	1	150	52.0	0.0	15
74	1	150	52.0	0.0	15
75	1	150	52.0	0.0	15
76	3	122.0	71.2	0.0	15
77	1	150	52.0	0.0	15
78	1	150	52.0	0.0	15
79	126	-126	1443.1391052433987	0.0	0
80	1	150	52.0	0.0	15
81	1	150	52.0	0.0	15
82	1	150	52.0	0.0	15
83	1	150	52.0	0.0	15
84	1	150	52.0	0.0	15
85	1	150	52.0	0.0	15
86	1	150	52.0	0.0	15
87	1	150	52.0	0.0	15
88	1	150	52.0	0.0	15
89	1	150	52.0	0.0	15
90	1	150	52.0	0.0	15
91	1	150	52.0	0.0	15
92	1	150	52.0	0.0	15
93	1	150	52.0	0.0	15
94	1	150	52.0	0.0	15
95	1	150	52.0	0.0	15
96	1	150	52.0	0.0	15
97	1	150	52.0	0.0	15
98	1	150	52.0	0.0	15
99	1	150	52.0	0.0	15
100	1	150	52.0	0.0	15
101	1	150	52.0	0.0	15
102	1	150	52.0	0.0	15
103	1	150	52.0	0.0	15
104	10	132.66666666666666	202.33910524340092	0.0	15
105	1	150	52.0	0.0	15
106	1	150	52.0	0.0	15
107	2	140.66666666666666	61.6	0.0	15
108	1	150	52.0	0.0	15
109	1	150	52.0	0.0	15
110	1	150	52.0	0.0	15
111	1	150	52.0	0.0	15
112	1	150	52.0	0.0	15
113	1	150	52.0	0.0	15
114	1	150	52.0	0.0	15
115	1	150	52.0	0.0	15
116	1	150	52.0	0.0	15
117	1	150	52.0	0.0	15
118	1	150	52.0	0.0	15
119	1	150	52.0	0.0	15
120	1	150	52.0	0.0	15
121	1	150	52.0	0.0	15
122	1	150	52.0	0.0	15
123	1	150	52.0	0.0	15
124	2	140.66666666666666	61.6	0.0	15
125	1	150	52.0	0.0	15
126	1	150	52.0	0.0	15
127	1	150	52.0	0.0	15
128	1	150	52.0	0.0	15
129	1	150	52.0	0.0	15
130	1	150	52.0	0.0	15
131	1	150	52.0	0.0	15
132	1	150	52.0	0.0	15
133	1	150	52.0	0.0	15
134	1	150	52.0	0.0	15
135	1	150	52.0	0.0	15
136	1	150	52.0	0.0	15
137	1	150	52.0	0.0	15
138	1	150	52.0	0.0	15
139	1	150	52.0	0.0	15
140	1	150	52.0	0.0	15
141	1	150	52.0	0.0	15
142	2	131.33333333333334	61.6	0.0	15
143	1	150	52.0	0.0	15
144	1	150	52.0	0.0	15
145	2	140.66666666666666	61.6	0.0	15
146	1	150	52.0	0.0	15
147	1	150	52.0	0.0	15
148	1	150	52.0	0.0	15
149	1	150	52.0	0.0	15
150	2	140.66666666666666	61.6	0.0	15
151	1	150	52.0	0.0	15
152	1	150	52.0	0.0	15
153	1	150	52.0	0.0	15
154	1	150	52.0	0.0	15
155	1	150	52.0	0.0	15
156	1	150	52.0	0.0	15
157	1	150	52.0	0.0	15
158	1	150	52.0	0.0	15
159	1	150	52.0	0.0	15
160	1	150	52.0	0.0	15
161	1	150	52.0	0.0	15
162	1	150	52.0	0.0	15
163	1	150	52.0	0.0	15
164	1	150	52.0	0.0	15
165	1	150	52.0	0.0	15
166	107	27.333333333333336	1261.417315730202	0.0	15
167	1	150	52.0	0.0	15
168	1	150	52.0	0.0	15
169	1	150	52.0	0.0	15
170	1	150	52.0	0.0	15
171	2	140.66666666666666	61.6	0.0	15
172	1	150	52.0	0.0	15
173	1	150	52.0	0.0	15
174	1	150	52.0	0.0	15
175	1	150	52.0	0.0	15
176	1	150	52.0	0.0	15
177	1	150	52.0	0.0	15
178	1	150	52.0	0.0	15
179	1	150	52.0	0.0	15
180	1	150	52.0	0.0	15
181	1	150	52.0	0.0	15
182	1	150	52.0	0.0	15
183	1	150	52.0	0.0	15
184	1	150	52.0	0.0	15
185	1	150	52.0	0.0	15
186	1	150	52.0	0.0	15
187	1	150	52.0	0.0	15
188	1	150	52.0	0.0	15
189	1	150	52.0	0.0	15
190	1	150	52.0	0.0	15
191	1	150	52.0	0.0	15
192	1	150	52.0	0.0	15
193	1	150	52.0	0.0	15
194	1	150	52.0	0.0	15
195	1	150	52.0	0.0	15
196	1	150	52.0	0.0	15
197	1	150	52.0	0.0	15
198	3	139.66666666666666	71.2	0.0	15
199	1	150	52.0	0.0	15
200	1	150	52.0	0.0	15
201	1	150	52.0	0.0	15
202	1	150	52.0	0.0	15
203	1	150	52.0	0.0	15
204	1	150	52.0	0.0	15
205	2	140.66666666666666	61.6	0.0	15
206	1	150	52.0	0.0	15
207	1	150	52.0	0.0	15
208	1	150	52.0	0.0	15
209	1	150	52.0	0.0	15
210	1	150	52.0	0.0	15
211	15	118.33333333333333	250.3391052434009	0.0	15
212	1	150	52.0	0.0	15
213	1	150	52.0	0.0	15
214	1	150	52.0	0.0	15
215	1	150	52.0	0.0	15
216	1	150	52.0	0.0	15
217	1	150	52.0	0.0	15
218	1	150	52.0	0.0	15
219	1	150	52.0	0.0	15
220	1	150	52.0	0.0	15
221	2	140.66666666666666	61.6	0.0	15
222	1	150	52.0	0.0	15
223	91	-77.0	1745.8519471906066	0.0	15
224	1	150	52.0	0.0	15
225	1	150	52.0	0.0	15
226	1	150	52.0	0.0	15
227	1	150	52.0	0.0	15
228	1	150	52.0	0.0	15
229	1	150	52.0	0.0	15
230	1	150	52.0	0.0	15
231	2	131.33333333333334	61.6	0.0	15
232	1	150	52.0	0.0	15
233	1	150	52.0	0.0	15
234	2	140.66666666666666	61.6	0.0	15
235	1	150	52.0	0.0	15
236	1	150	52.0	0.0	15
237	1	150	52.0	0.0	15
238	1	150	52.0	0.0	15
239	1	150	52.0	0.0	15
240	1	150	52.0	0.0	15
241	1	150	52.0	0.0	15
242	1	150	52.0	0.0	15
243	1	150	52.0	0.0	15
244	1	150	52.0	0.0	15
245	1	150	52.0	0.0	15
246	1	150	52.0	0.0	15
247	1	150	52.0	0.0	15
248	1	150	52.0	0.0	15
249	1	150	52.0	0.0	15
250	1	150	52.0	0.0	15
251	1	150	52.0	0.0	15
252	1	150	52.0	0.0	15
253	1	150	52.0	0.0	15
254	1	150	52.0	0.0	15
255	1	150	52.0	0.0	15
256	1	150	52.0	0.0	15
257	2	149	61.6	0.0	15
258	1	150	52.0	0.0	15
259	1	150	52.0	0.0	15
260	3	148	199.0782104868019	0.0	15
261	1	150	52.0	0.0	15
262	1	150	52.0	0.0	15
263	1	150	52.0	0.0	15
264	1	150	52.0	0.0	15
265	1	150	52.0	0.0	15
266	1	150	52.0	0.0	15
267	1	150	52.0	0.0	15
268	1	150	52.0	0.0	15
269	1	150	52.0	0.0	15
270	1	150	52.0	0.0	15
271	1	150	52.0	0.0	15
272	1	150	52.0	0.0	15
273	1	150	52.0	0.0	15
274	1	150	52.0	0.0	15
275	1	150	52.0	0.0	15
276	9	143	512.4346314604057	0.0	15
277	1	150	52.0	0.0	15
278	1	150	52.0	0.0	15
279	1	150	52.0	0.0	15
280	1	150	52.0	0.0	15
281	1	150	52.0	0.0	15
282	1	150	52.0	0.0	15
283	1	150	52.0	0.0	15
284	1	150	52.0	0.0	15
285	1	150	52.0	0.0	15
286	1	150	52.0	0.0	15
287	1	150	52.0	0.0	15
288	1	150	52.0	0.0	15
289	1	150	52.0	0.0	15
290	1	150	52.0	0.0	15
291	1	150	52.0	0.0	15
292	1	150	52.0	0.0	15
293	1	150	52.0	0.0	15
294	1	150	52.0	0.0	15
295	1	150	52.0	0.0	15
296	1	150	52.0	0.0	15
297	1	150	52.0	0.0	15
298	1	150	52.0	0.0	15
299	1	150	52.0	0.0	15
300	1	150	52.0	0.0	15
301	1	150	52.0	0.0	15
302	1	150	52.0	0.0	15
303	1	150	52.0	0.0	15
304	1	150	52.0	0.0	15
305	1	150	52.0	0.0	15
306	1	150	52.0	0.0	15
307	1	150	52.0	0.0	15
308	22	130	550.4000000000001	0.0	15
309	1	150	52.0	0.0	15
310	1	150	52.0	0.0	15
311	1	150	52.0	0.0	15
312	1	150	52.0	0.0	15
313	1	150	52.0	0.0	15
314	1	150	52.0	0.0	15
315	1	150	52.0	0.0	15
316	1	150	52.0	0.0	15
317	1	150	52.0	0.0	15
318	1	150	52.0	0.0	15
319	1	150	52.0	0.0	15
320	1	150	52.0	0.0	15
321	121	-108.0	2265.3564209735982	0.0	15
322	1	150	52.0	0.0	15
323	1	150	52.0	0.0	15
324	1	150	52.0	0.0	15
325	1	150	52.0	0.0	15
326	1	150	52.0	0.0	15
327	1	150	52.0	0.0	15
328	1	150	52.0	0.0	15
329	1	150	52.0	0.0	15
330	1	150	52.0	0.0	15
331	1	150	52.0	0.0	15
332	1	150	52.0	0.0	15
333	1	150	52.0	0.0	15
334	1	150	52.0	0.0	15
335	1	150	52.0	0.0	15
336	1	150	52.0	0.0	15
337	1	150	52.0	0.0	15
338	1	150	52.0	0.0	15
339	1	150	52.0	0.0	15
340	1	150	52.0	0.0	15
341	1	150	52.0	0.0	15
342	1	150	52.0	0.0	15
343	1	150	52.0	0.0	15
344	1	150	52.0	0.0	15
345	1	150	52.0	0.0	15
346	1	150	52.0	0.0	15
347	1	150	52.0	0.0	15
348	1	150	52.0	0.0	15
349	1	150	52.0	0.0	15
350	1	150	52.0	0.0	15
351	1	150	52.0	0.0	15
352	1	150	52.0	0.0	15
353	1	150	52.0	0.0	15
354	1	150	52.0	0.0	15
355	1	150	52.0	0.0	15
356	126	15	2102.7128419472033	0.0	14
357	1	150	52.0	0.0	15
358	1	150	52.0	0.0	15
359	1	150	52.0	0.0	15
360	1	150	52.0	0.0	15
361	1	150	52.0	0.0	15
362	1	150	52.0	0.0	15
363	1	150	52.0	0.0	15
364	1	150	52.0	0.0	15
365	1	150	52.0	0.0	15
366	1	150	52.0	0.0	15
367	1	150	52.0	0.0	15
368	1	150	52.0	0.0	15
369	1	150	52.0	0.0	15
370	1	150	52.0	0.0	15
371	1	150	52.0	0.0	15
372	1	150	52.0	0.0	15
373	1	150	52.0	0.0	15
374	1	150	52.0	0.0	15
375	94	48.666666666666664	1497.3564209736014	0.0	15
376	1	150	52.0	0.0	15
377	1	150	52.0	0.0	15
378	65	87	1451.8173157302024	0.0	15
379	1	150	52.0	0.0	15
380	1	150	52.0	0.0	15
381	1	150	52.0	0.0	15
382	1	150	52.0	0.0	15
383	1	150	52.0	0.0	15
384	1	150	52.0	0.0	15
385	126	15	1379.1999999999982	0.0	14
386	1	150	52.0	0.0	15
387	1	150	52.0	0.0	15
388	1	150	52.0	0.0	15
389	1	150	52.0	0.0	15
390	1	150	52.0	0.0	15
391	1	150	52.0	0.0	15
392	1	150	52.0	0.0	15
393	1	150	52.0	0.0	15
394	1	150	52.0	0.0	15
395	2	140.66666666666666	61.6	0.0	15
396	1	150	52.0	0.0	15
397	1	150	52.0	0.0	15
398	1	150	52.0	0.0	15
399	1	150	52.0	0.0	15
400	1	150	52.0	0.0	15
401	1	150	52.0	0.0	15
402	1	150	52.0	0.0	15
403	1	150	52.0	0.0	15
404	1	150	52.0	0.0	15
405	1	150	52.0	0.0	15
406	1	150	52.0	0.0	15
407	9	143	277.5391052434009	0.0	15
408	1	150	52.0	0.0	15
409	1	150	52.0	0.0	15
410	1	150	52.0	0.0	15
411	1	150	52.0	0.0	15
412	1	150	52.0	0.0	15
413	1	150	52.0	0.0	15
414	2	140.66666666666666	61.6	0.0	15
415	1	150	52.0	0.0	15
416	1	150	52.0	0.0	15
417	1	150	52.0	0.0	15
418	1	150	52.0	0.0	15
419	1	150	52.0	0.0	15
420	1	150	52.0	0.0	15
421	1	150	52.0	0.0	15
422	1	150	52.0	0.0	15
423	1	150	52.0	0.0	15
424	1	150	52.0	0.0	15
425	1	150	52.0	0.0	15
426	1	150	52.0	0.0	15
427	1	150	52.0	0.0	15
428	1	150	52.0	0.0	15
429	1	150	52.0	0.0	15
430	1	150	52.0	0.0	15
431	1	150	52.0	0.0	15
432	1	150	52.0	0.0	15
433	1	150	52.0	0.0	15
434	1	150	52.0	0.0	15
435	1	150	52.0	0.0	15
436	1	150	52.0	0.0	15
437	1	150	52.0	0.0	15
438	1	150	52.0	0.0	15
439	1	150	52.0	0.0	15
440	1	150	52.0	0.0	15
441	1	150	52.0	0.0	15
442	1	150	52.0	0.0	15
443	1	150	52.0	0.0	15
444	1	150	52.0	0.0	15
445	1	150	52.0	0.0	15
446	1	150	52.0	0.0	15
447	1	150	52.0	0.0	15
448	1	150	52.0	0.0	15
449	1	150	52.0	0.0	15
450	1	150	52.0	0.0	15
451	1	150	52.0	0.0	15
452	1	150	52.0	0.0	15
453	1	150	52.0	0.0	15
454	1	150	52.0	0.0	15
455	1	150	52.0	0.0	15
456	1	150	52.0	0.0	15
457	1	150	52.0	0.0	15
458	1	150	52.0	0.0	15
459	1	150	52.0	0.0	15
460	1	150	52.0	0.0	15
461	1	150	52.0	0.0	15
462	1	150	52.0	0.0	15
463	1	150	52.0	0.0	15
464	1	150	52.0	0.0	15
465	1	150	52.0	0.0	15
466	1	150	52.0	0.0	15
467	1	150	52.0	0.0	15
468	1	150	52.0	0.0	15
469	1	150	52.0	0.0	15
470	1	150	52.0	0.0	15
471	1	150	52.0	0.0	15
472	1	150	52.0	0.0	15
473	1	150	52.0	0.0	15
474	1	150	52.0	0.0	15
475	1	150	52.0	0.0	15
476	1	150	52.0	0.0	15
477	1	150	52.0	0.0	15
478	1	150	52.0	0.0	15
479	1	150	52.0	0.0	15
480	1	150	52.0	0.0	15
481	1	150	52.0	0.0	15
482	1	150	52.0	0.0	15
483	1	150	52.0	0.0	15
484	1	150	52.0	0.0	15
485	1	150	52.0	0.0	15
486	1	150	52.0	0.0	15
487	1	150	52.0	0.0	15
488	1	150	52.0	0.0	15
489	1	150	52.0	0.0	15
490	1	150	52.0	0.0	15
491	1	150	52.0	0.0	15
492	1	150	52.0	0.0	15
493	1	150	52.0	0.0	15
494	1	150	52.0	0.0	15
495	1	150	52.0	0.0	15
496	1	150	52.0	0.0	15
497	1	150	52.0	0.0	15
498	1	150	52.0	0.0	15
499	1	150	52.0	0.0	15
500	1	150	52.0	0.0	15
501	1	150	52.0	0.0	15
502	1	150	52.0	0.0	15
503	1	150	52.0	0.0	15
504	1	150	52.0	0.0	15
505	1	150	52.0	0.0	15
506	1	150	52.0	0.0	15
507	1	150	52.0	0.0	15
508	1	150	52.0	0.0	15
509	1	150	52.0	0.0	15
510	1	150	52.0	0.0	15
511	1	150	52.0	0.0	15
512	1	150	52.0	0.0	15
513	1	150	52.0	0.0	15
514	1	150	52.0	0.0	15
515	1	150	52.0	0.0	15
516	1	150	52.0	0.0	15
517	1	150	52.0	0.0	15
518	1	150	52.0	0.0	15
519	1	150	52.0	0.0	15
520	2	140.66666666666666	61.6	0.0	15
521	1	150	52.0	0.0	15
522	8	118.00000000000001	161.59999999999997	0.0	15
523	1	150	52.0	0.0	15
524	1	150	52.0	0.0	15
525	1	150	52.0	0.0	15
526	1	150	52.0	0.0	15
527	1	150	52.0	0.0	15
528	1	150	52.0	0.0	15
529	1	150	52.0	0.0	15
530	1	150	52.0	0.0	15
531	1	150	52.0	0.0	15
532	1	150	52.0	0.0	15
533	1	150	52.0	0.0	15
534	1	150	52.0	0.0	15
535	1	150	52.0	0.0	15
536	1	150	52.0	0.0	15
537	1	150	52.0	0.0	15
538	1	150	52.0	0.0	15
539	1	150	52.0	0.0	15
540	1	150	52.0	0.0	15
541	1	150	52.0	0.0	15
542	1	150	52.0	0.0	15
543	1	150	52.0	0.0	15
544	1	150	52.0	0.0	15
545	1	150	52.0	0.0	15
546	1	150	52.0	0.0	15
547	1	150	52.0	0.0	15
548	2	140.66666666666666	61.6	0.0	15
549	1	150	52.0	0.0	15
550	1	150	52.0	0.0	15
551	1	150	52.0	0.0	15
552	1	150	52.0	0.0	15
553	1	150	52.0	0.0	15
554	1	150	52.0	0.0	15
555	1	150	52.0	0.0	15
556	1	150	52.0	0.0	15
557	1	150	52.0	0.0	15
558	1	150	52.0	0.0	15
559	1	150	52.0	0.0	15
560	1	150	52.0	0.0	15
561	1	150	52.0	0.0	15
562	1	150	52.0	0.0	15
563	1	150	52.0	0.0	15
564	1	150	52.0	0.0	15
565	1	150	52.0	0.0	15
566	1	150	52.0	0.0	15
567	1	150	52.0	0.0	15
568	1	150	52.0	0.0	15
569	1	150	52.0	0.0	15
570	1	150	52.0	0.0	15
571	1	150	52.0	0.0	15
572	1	150	52.0	0.0	15
573	3	131.33333333333331	71.2	0.0	15
574	1	150	52.0	0.0	15
575	1	150	52.0	0.0	15
576	1	150	52.0	0.0	15
577	1	150	52.0	0.0	15
578	1	150	52.0	0.0	15
579	1	150	52.0	0.0	15
580	1	150	52.0	0.0	15
581	1	150	52.0	0.0	15
582	1	150	52.0	0.0	15
583	1	150	52.0	0.0	15
584	1	150	52.0	0.0	15
585	1	150	52.0	0.0	15
586	1	150	52.0	0.0	15
587	1	150	52.0	0.0	15
588	1	150	52.0	0.0	15
589	1	150	52.0	0.0	15
590	1	150	52.0	0.0	15
591	1	150	52.0	0.0	15
592	1	150	52.0	0.0	15
593	2	140.66666666666666	61.6	0.0	15
594	1	150	52.0	0.0	15
595	1	150	52.0	0.0	15
596	1	150	52.0	0.0	15
597	1	150	52.0	0.0	15
598	1	150	52.0	0.0	15
599	1	150	52.0	0.0	15
600	1	150	52.0	0.0	15
601	1	150	52.0	0.0	15
602	1	150	52.0	0.0	15
603	1	150	52.0	0.0	15
604	1	150	52.0	0.0	15
605	1	150	52.0	0.0	15
606	1	150	52.0	0.0	15
607	2	140.66666666666666	61.6	0.0	15
608	1	150	52.0	0.0	15
609	2	131.33333333333334	61.6	0.0	15
610	1	150	52.0	0.0	15
611	1	150	52.0	0.0	15
612	1	150	52.0	0.0	15
613	1	150	52.0	0.0	15
614	1	150	52.0	0.0	15
615	1	150	52.0	0.0	15
616	1	150	52.0	0.0	15
617	1	150	52.0	0.0	15
618	1	150	52.0	0.0	15
619	2	149	61.6	0.0	15
620	1	150	52.0	0.0	15
621	1	150	52.0	0.0	15
622	1	150	52.0	0.0	15
623	1	150	52.0	0.0	15
624	1	150	52.0	0.0	15
625	1	150	52.0	0.0	15
626	1	150	52.0	0.0	15
627	1	150	52.0	0.0	15
628	1	150	52.0	0.0	15
629	1	150	52.0	0.0	15
630	1	150	52.0	0.0	15
631	1	150	52.0	0.0	15
632	1	150	52.0	0.0	15
633	1	150	52.0	0.0	15
634	2	131.33333333333334	61.6	0.0	15
635	2	140.66666666666666	61.6	0.0	15
636	1	150	52.0	0.0	15
637	1	150	52.0	0.0	15
638	1	150	52.0	0.0	15
639	1	150	52.0	0.0	15
640	1	150	52.0	0.0	15
641	1	150	52.0	0.0	15
642	1	150	52.0	0.0	15
643	1	150	52.0	0.0	15
644	1	150	52.0	0.0	15
645	1	150	52.0	0.0	15
646	1	150	52.0	0.0	15
647	1	150	52.0	0.0	15
648	1	150	52.0	0.0	15
649	2	140.66666666666666	61.6	0.0	15
650	1	150	52.0	0.0	15
651	1	150	52.0	0.0	15
652	1	150	52.0	0.0	15
653	1	150	52.0	0.0	15
654	1	150	52.0	0.0	15
655	1	150	52.0	0.0	15
656	2	140.66666666666666	61.6	0.0	15
657	1	150	52.0	0.0	15
658	1	150	52.0	0.0	15
659	1	150	52.0	0.0	15
660	1	150	52.0	0.0	15
661	1	150	52.0	0.0	15
662	1	150	52.0	0.0	15
663	1	150	52.0	0.0	15
664	1	150	52.0	0.0	15
665	1	150	52.0	0.0	15
666	1	150	52.0	0.0	15
667	1	150	52.0	0.0	15
668	126	-126	1974.8346314604007	0.0	0
669	1	150	52.0	0.0	15
670	1	150	52.0	0.0	15
671	1	150	52.0	0.0	15
672	1	150	52.0	0.0	15
673	1	150	52.0	0.0	15
674	1	150	52.0	0.0	15
675	1	150	52.0	0.0	15
676	1	150	52.0	0.0	15
677	1	150	52.0	0.0	15
678	1	150	52.0	0.0	15
679	1	150	52.0	0.0	15
680	1	150	52.0	0.0	15
681	1	150	52.0	0.0	15
682	1	150	52.0	0.0	15
683	1	150	52.0	0.0	15
684	1	150	52.0	0.0	15
685	1	150	52.0	0.0	15
686	1	150	52.0	0.0	15
687	1	150	52.0	0.0	15
688	1	150	52.0	0.0	15
689	2	149	61.6	0.0	15
690	2	140.66666666666666	61.6	0.0	15
691	1	150	52.0	0.0	15
692	1	150	52.0	0.0	15
693	1	150	52.0	0.0	15
694	1	150	52.0	0.0	15
695	1	150	52.0	0.0	15
696	2	149	61.6	0.0	15
697	1	150	52.0	0.0	15
698	1	150	52.0	0.0	15
699	1	150	52.0	0.0	15
700	1	150	52.0	0.0	15
701	1	150	52.0	0.0	15
702	1	150	52.0	0.0	15
703	1	150	52.0	0.0	15
704	1	150	52.0	0.0	15
705	1	150	52.0	0.0	15
706	1	150	52.0	0.0	15
707	1	150	52.0	0.0	15
708	1	150	52.0	0.0	15
709	1	150	52.0	0.0	15
710	126	-126	1443.1391052433987	0.0	0
711	1	150	52.0	0.0	15
712	1	150	52.0	0.0	15
713	1	150	52.0	0.0	15
714	2	149	61.6	0.0	15
715	1	150	52.0	0.0	15
716	1	150	52.0	0.0	15
717	1	150	52.0	0.0	15
718	1	150	52.0	0.0	15
719	1	150	52.0	0.0	15
720	2	140.66666666666666	61.6	0.0	15
