EpNum	EpSteps	Reward	ener	dist	NumCovTargets
1	36	185	293281.14933550596	0.0	21
2	36	290	430919.8546718266	0.0	31
3	36	155	297766.6680024442	0.0	18
4	36	193	297766.6680024443	0.0	22
5	36	153	324397.3053363207	0.0	18
6	36	156	355089.749335506	0.0	18
7	36	172	333368.3426701972	0.0	20
8	36	218	288936.8680024442	0.0	24
9	36	143	306596.46800244425	0.0	17
10	36	215	337430.14933550596	0.0	24
11	36	257	288936.86800244416	0.0	28
12	36	217	382144.0986710119	0.0	24
13	36	196	310940.74933550594	0.0	22
14	36	247	351027.9426701972	0.0	27
15	36	195	319911.7866693825	0.0	22
16	36	176	359716.5053363207	0.0	20
17	36	258	346401.1866693825	0.0	28
18	36	319	386629.6173379501	0.0	34
19	36	195	355513.46133713546	0.0	22
20	36	245	293281.149335506	0.0	27
21	36	155	319911.7866693824	0.0	18
22	36	268	355230.98666938243	0.0	29
23	36	247	386347.1426701972	0.0	27
24	36	165	377517.3426701972	0.0	19
25	36	173	235816.8306685678	0.0	20
26	36	245	257961.94933550607	0.0	27
27	36	176	248849.67466775308	0.0	20
28	36	187	297766.66800244426	0.0	21
29	36	215	302110.94933550607	0.0	24
30	36	236	346401.18666938256	0.0	26
31	36	156	266791.749335506	0.0	18
32	36	143	377376.1053363207	0.0	17
33	36	135	332944.6306685677	0.0	16
34	36	175	368687.5426701972	0.0	20
35	36	131	288795.6306685678	0.0	16
36	36	153	359716.50533632067	0.0	18
37	36	196	377376.10533632064	0.0	22
38	36	258	373173.06133713544	0.0	28
39	36	204	302393.42400325893	0.0	23
40	36	267	350745.46800244425	0.0	29
41	36	289	319770.549335506	0.0	31
42	36	297	404289.21733795013	0.0	32
43	36	280	390691.42400325893	0.0	30
44	36	174	359998.98000407364	0.0	20
45	36	215	346683.66133713553	0.0	24
46	36	279	373173.06133713544	0.0	30
47	36	194	297766.6680024444	0.0	22
48	36	236	377799.8173379501	0.0	26
49	36	300	355372.224003259	0.0	32
50	36	214	373031.82400325895	0.0	24
51	36	145	355654.69867101195	0.0	17
52	36	318	337853.8613371354	0.0	34
53	36	225	289078.1053363208	0.0	25
54	36	185	329165.298671012	0.0	21
55	36	165	297907.9053363207	0.0	19
56	36	289	337853.86133713543	0.0	31
57	36	307	315567.5053363208	0.0	33
58	36	175	382002.8613371354	0.0	20
59	36	226	395459.41733795014	0.0	25
60	36	184	346683.6613371354	0.0	21
61	36	227	328882.824003259	0.0	25
62	36	257	359716.5053363207	0.0	28
63	36	236	342339.38000407367	0.0	26
64	36	203	302252.1866693825	0.0	23
65	36	164	333085.8680024443	0.0	19
66	36	197	386629.61733795016	0.0	22
67	36	154	302110.94933550595	0.0	18
68	36	247	426434.33600488835	0.0	27
69	36	235	333227.1053363207	0.0	26
70	36	330	421666.3426701972	0.0	35
71	36	235	390691.42400325893	0.0	26
72	36	236	382002.86133713543	0.0	26
73	36	173	404006.7426701971	0.0	20
74	36	342	382002.8613371354	0.0	36
75	36	226	333227.1053363207	0.0	25
76	36	299	417463.2986710119	0.0	32
77	36	164	315426.26800244424	0.0	19
78	36	186	329024.0613371354	0.0	21
79	36	235	417322.06133713544	0.0	26
80	36	249	421807.5800040736	0.0	27
81	36	151	324538.5426701972	0.0	18
82	36	277	293139.9120016296	0.0	30
83	36	236	430778.6173379501	0.0	26
84	36	237	341915.66800244426	0.0	26
85	36	248	346683.6613371355	0.0	27
86	36	216	346542.42400325893	0.0	24
87	36	235	346542.42400325893	0.0	26
88	36	342	377658.5800040737	0.0	36
89	36	269	395176.9426701971	0.0	29
90	36	247	355513.4613371354	0.0	27
91	36	216	368687.54267019714	0.0	24
92	36	142	337712.624003259	0.0	17
93	36	270	377234.86800244416	0.0	29
94	36	318	382002.86133713543	0.0	34
95	36	279	386205.9053363207	0.0	30
96	36	257	404147.98000407364	0.0	28
97	36	280	364343.26133713545	0.0	30
98	36	257	386205.9053363207	0.0	28
99	36	227	386347.1426701972	0.0	25
100	36	319	399662.4613371354	0.0	34
101	36	238	373031.8240032589	0.0	26
102	36	206	359998.9800040736	0.0	23
103	36	251	399662.4613371354	0.0	27
104	36	299	377517.34267019713	0.0	32
105	36	216	355372.224003259	0.0	24
106	36	195	368687.5426701972	0.0	22
107	36	321	386488.38000407367	0.0	34
108	36	269	417604.53600488836	0.0	29
109	36	267	359716.50533632067	0.0	29
110	36	257	355513.46133713546	0.0	28
111	36	197	404289.21733795013	0.0	22
112	36	238	395318.18000407366	0.0	26
113	36	288	350886.70533632074	0.0	31
114	36	131	373173.06133713544	0.0	16
115	36	257	381720.38666938245	0.0	28
116	36	308	310799.51200162945	0.0	33
117	36	162	244787.8680024443	0.0	19
118	36	277	391115.1360048884	0.0	30
119	36	236	359857.7426701972	0.0	26
120	36	196	403865.50533632067	0.0	22
121	36	247	435264.13600488834	0.0	27
122	36	205	368687.5426701972	0.0	23
123	36	174	319911.7866693825	0.0	20
124	36	259	377658.5800040737	0.0	28
125	36	320	350745.46800244425	0.0	34
126	36	236	350604.2306685677	0.0	26
127	36	278	324538.5426701972	0.0	30
128	36	268	435122.89867101185	0.0	29
129	36	311	439608.41733795014	0.0	33
130	36	227	297484.19333469134	0.0	25
131	36	331	399238.74933550594	0.0	35
132	36	268	404006.74267019716	0.0	29
133	36	319	350745.46800244425	0.0	34
134	36	259	337288.9120016295	0.0	28
135	36	266	368687.5426701972	0.0	29
136	36	186	377658.5800040737	0.0	21
137	36	185	408633.4986710119	0.0	21
138	36	133	355513.4613371354	0.0	16
139	36	258	386488.38000407367	0.0	28
140	36	257	364343.26133713545	0.0	28
141	36	236	395035.7053363207	0.0	26
142	36	330	382002.8613371354	0.0	35
143	36	237	453064.9733387648	0.0	26
144	36	309	328741.5866693825	0.0	33
145	36	299	372890.58666938246	0.0	32
146	36	258	341633.1933346912	0.0	28
147	36	195	386064.6680024442	0.0	22
148	36	321	430778.6173379501	0.0	34
149	36	258	359575.26800244424	0.0	28
150	36	206	324538.54267019726	0.0	23
151	36	131	249132.1493355061	0.0	16
152	36	289	426575.57333876484	0.0	31
153	36	236	399662.4613371354	0.0	26
154	36	279	381861.6240032589	0.0	30
155	36	276	320053.024003259	0.0	30
156	36	271	319911.7866693825	0.0	29
157	36	206	328741.58666938246	0.0	23
158	36	331	399803.69867101195	0.0	35
159	36	279	434981.6613371354	0.0	30
160	36	266	395318.1800040737	0.0	29
161	36	307	355513.4613371354	0.0	33
162	36	277	417463.29867101193	0.0	30
163	36	290	341915.66800244426	0.0	31
164	36	279	324397.30533632066	0.0	30
165	36	340	417322.06133713544	0.0	36
166	36	238	417180.82400325895	0.0	26
167	36	268	390832.6613371354	0.0	29
168	36	279	386347.1426701972	0.0	30
169	36	320	364202.02400325896	0.0	34
170	36	237	435122.89867101185	0.0	26
171	36	246	328741.5866693825	0.0	27
172	36	175	377234.8680024442	0.0	20
173	36	404	421807.5800040737	0.0	42
174	36	279	351027.9426701972	0.0	30
175	36	290	426434.33600488835	0.0	31
176	36	341	413119.0173379502	0.0	36
177	36	290	328600.34933550603	0.0	31
178	36	236	324397.3053363207	0.0	26
179	36	186	461894.77333876485	0.0	21
180	36	153	275762.7866693826	0.0	18
181	36	267	443811.46133713535	0.0	29
182	36	331	430778.6173379501	0.0	35
183	36	247	381579.14933550596	0.0	27
184	36	229	435122.89867101185	0.0	25
185	36	311	439749.6546718266	0.0	33
186	36	205	364060.7866693825	0.0	23
187	36	280	417463.2986710118	0.0	30
188	36	278	377658.5800040737	0.0	30
189	36	269	470865.81067264127	0.0	29
190	36	236	257961.94933550613	0.0	26
191	36	258	399521.2240032589	0.0	28
192	36	277	359857.7426701972	0.0	30
193	36	279	426151.8613371354	0.0	30
194	36	217	412977.78000407363	0.0	24
195	36	383	417039.5866693824	0.0	40
196	36	278	426010.6240032589	0.0	30
197	36	194	368122.59333469125	0.0	22
198	36	218	355230.9866693825	0.0	24
199	36	237	417604.53600488836	0.0	26
200	36	227	364484.49867101194	0.0	25
201	36	227	377376.1053363207	0.0	25
202	36	330	426151.8613371354	0.0	35
203	36	280	399803.69867101195	0.0	30
204	36	268	386347.1426701972	0.0	29
205	36	319	439325.9426701971	0.0	34
206	36	205	394753.2306685677	0.0	23
207	36	226	320053.0240032591	0.0	25
208	36	267	422090.0546718266	0.0	29
209	36	309	381720.38666938245	0.0	33
210	36	404	430354.90533632063	0.0	42
211	36	351	408633.4986710119	0.0	37
212	36	321	434981.66133713536	0.0	34
213	36	383	439325.94267019717	0.0	40
214	36	320	426151.8613371354	0.0	34
215	36	258	443670.22400325886	0.0	28
216	36	403	337288.91200162953	0.0	42
217	36	394	439467.18000407366	0.0	41
218	36	247	333368.34267019725	0.0	27
219	36	175	293139.9120016296	0.0	20
220	36	269	293422.38666938257	0.0	29
221	36	257	280107.06800244434	0.0	28
222	36	321	390691.42400325893	0.0	34
223	36	299	399379.98666938243	0.0	32
224	36	268	408209.7866693824	0.0	29
225	36	247	293139.9120016296	0.0	27
226	36	289	386205.9053363207	0.0	31
227	36	351	372890.58666938246	0.0	37
228	36	311	412836.5426701972	0.0	33
229	36	300	332803.39333469124	0.0	32
230	36	267	333085.8680024443	0.0	29
231	36	269	390973.89867101196	0.0	29
232	36	165	244646.6306685679	0.0	19
233	36	258	310799.51200162957	0.0	28
234	36	321	434981.66133713536	0.0	34
235	36	382	346259.94933550595	0.0	40
236	36	250	359716.5053363208	0.0	27
237	36	312	430778.6173379501	0.0	33
238	36	332	417322.0613371354	0.0	35
239	36	291	306596.4680024443	0.0	31
240	36	331	430637.38000407367	0.0	35
241	36	280	293281.1493355061	0.0	30
242	36	331	412695.3053363207	0.0	35
243	36	319	408068.549335506	0.0	34
244	36	329	319629.3120016296	0.0	35
245	36	361	315426.26800244424	0.0	38
246	36	319	350604.23066856776	0.0	34
247	36	312	412977.7800040737	0.0	33
248	36	341	310799.5120016296	0.0	36
249	36	383	399238.74933550594	0.0	40
250	36	331	346118.7120016295	0.0	35
251	36	340	328741.5866693825	0.0	36
252	36	361	448155.74267019716	0.0	38
253	36	350	435264.13600488834	0.0	37
254	36	364	443811.4613371354	0.0	38
255	36	340	443952.69867101184	0.0	36
256	36	278	293139.9120016296	0.0	30
257	36	383	390550.18666938244	0.0	40
258	36	352	381720.3866693825	0.0	37
259	36	238	332803.3933346912	0.0	26
260	36	256	235675.5933346914	0.0	28
261	36	321	417039.5866693824	0.0	34
262	36	288	279824.5933346914	0.0	31
263	36	297	297625.43066856783	0.0	32
264	36	371	337430.1493355061	0.0	39
265	36	185	200215.15600081498	0.0	21
266	36	329	324256.0680024443	0.0	35
267	36	320	368687.5426701972	0.0	34
268	36	319	319911.7866693826	0.0	34
269	36	328	257679.47466775318	0.0	35
270	36	372	377376.1053363207	0.0	39
271	36	320	346259.949335506	0.0	34
272	36	268	328741.5866693826	0.0	29
273	36	226	262447.46800244437	0.0	25
274	36	206	213671.71200162973	0.0	23
275	36	298	288795.6306685678	0.0	32
276	36	382	368687.5426701972	0.0	40
277	36	268	288936.86800244433	0.0	29
278	36	279	416898.3493355059	0.0	30
279	36	311	439608.4173379501	0.0	33
280	36	257	279965.83066856785	0.0	28
281	36	362	377376.10533632076	0.0	38
282	36	245	279965.83066856785	0.0	27
283	36	267	288795.63066856784	0.0	29
284	36	287	306596.46800244437	0.0	31
285	36	330	364202.024003259	0.0	35
286	36	341	377517.34267019725	0.0	36
287	36	288	337571.3866693825	0.0	31
288	36	267	266650.5120016296	0.0	29
289	36	235	248849.6746677532	0.0	26
290	36	371	319911.7866693826	0.0	39
291	36	235	240302.34933550618	0.0	26
292	36	341	426010.62400325894	0.0	36
293	36	308	266650.5120016297	0.0	33
294	36	291	337571.38666938257	0.0	31
295	36	330	452641.2613371354	0.0	35
296	36	330	341915.6680024443	0.0	35
297	36	352	395459.4173379502	0.0	37
298	36	394	386064.6680024442	0.0	41
299	36	289	346401.18666938256	0.0	31
300	36	235	217874.756000815	0.0	26
301	36	350	444235.1733387649	0.0	37
302	36	328	248849.6746677532	0.0	35
303	36	328	235534.35600081497	0.0	35
304	36	328	253193.95600081494	0.0	35
305	36	328	235534.35600081494	0.0	35
306	36	328	310658.27466775314	0.0	35
307	36	328	244364.15600081495	0.0	35
308	36	339	346259.949335506	0.0	36
309	36	328	257679.47466775318	0.0	35
310	36	372	377234.8680024443	0.0	39
311	36	339	328600.3493355061	0.0	36
312	36	350	315143.7933346914	0.0	37
313	36	288	297625.4306685679	0.0	31
314	36	350	425728.14933550596	0.0	37
315	36	361	430213.6680024442	0.0	38
316	36	425	426151.86133713543	0.0	44
317	36	350	319629.3120016296	0.0	37
318	36	350	381437.9120016295	0.0	37
319	36	446	390550.1866693825	0.0	46
320	36	424	386205.9053363207	0.0	44
321	36	372	328600.3493355061	0.0	39
322	36	225	209186.1933346915	0.0	25
323	36	414	403865.50533632067	0.0	43
324	36	393	328600.34933550603	0.0	41
325	36	350	341915.6680024443	0.0	37
326	36	297	240161.1120016297	0.0	32
327	36	382	372890.5866693825	0.0	40
328	36	435	390550.18666938244	0.0	45
329	36	415	377234.8680024443	0.0	43
330	36	352	328459.1120016296	0.0	37
331	36	457	417180.8240032589	0.0	47
332	36	371	346259.94933550607	0.0	39
333	36	457	377234.8680024443	0.0	47
334	36	424	346259.94933550607	0.0	44
335	36	340	324256.06800244434	0.0	36
336	36	359	350604.23066856776	0.0	38
337	36	372	328600.34933550603	0.0	39
338	36	339	407786.07466775295	0.0	36
339	36	308	341774.4306685678	0.0	33
340	36	340	403583.0306685677	0.0	36
341	36	307	394470.7560008148	0.0	33
342	36	382	355089.74933550606	0.0	40
343	36	340	346118.7120016295	0.0	36
344	36	307	341491.9560008148	0.0	33
345	36	404	372749.34933550603	0.0	42
346	36	340	359575.2680024443	0.0	36
347	36	371	399521.224003259	0.0	39
348	36	351	346259.949335506	0.0	37
349	36	403	372890.58666938246	0.0	42
350	36	340	310799.51200162957	0.0	36
351	36	393	372890.5866693825	0.0	41
352	36	307	403300.5560008148	0.0	33
353	36	371	328317.8746677531	0.0	39
354	36	307	403300.5560008148	0.0	33
355	36	340	416898.349335506	0.0	36
356	36	307	403300.5560008148	0.0	33
357	36	403	363778.31200162956	0.0	42
358	36	307	394470.7560008147	0.0	33
359	36	350	381437.91200162953	0.0	37
360	36	329	341633.1933346913	0.0	35
361	36	307	403300.5560008148	0.0	33
362	36	307	394470.7560008147	0.0	33
363	36	307	403300.5560008148	0.0	33
364	36	307	403300.5560008148	0.0	33
365	36	277	266509.27466775314	0.0	30
366	36	307	354807.2746677531	0.0	33
367	36	371	425728.14933550596	0.0	39
368	36	307	235675.59333469145	0.0	33
369	36	329	275480.3120016296	0.0	35
370	36	371	399238.749335506	0.0	39
371	36	296	226704.55600081495	0.0	32
372	36	317	275621.54933550616	0.0	34
373	36	338	345977.47466775303	0.0	36
374	36	340	346259.94933550607	0.0	36
375	36	296	231190.07466775322	0.0	32
376	36	307	257679.47466775318	0.0	33
377	36	329	306455.2306685679	0.0	35
378	36	329	275480.3120016296	0.0	35
379	36	296	209044.956000815	0.0	32
380	36	296	319488.07466775307	0.0	32
381	36	329	275480.3120016296	0.0	35
382	36	329	275480.3120016296	0.0	35
383	36	403	425728.1493355059	0.0	42
384	36	329	275480.3120016296	0.0	35
385	36	340	328459.11200162955	0.0	36
386	36	350	390408.949335506	0.0	37
387	36	392	328600.3493355061	0.0	41
388	36	381	293281.1493355061	0.0	40
389	36	404	377234.8680024442	0.0	42
390	36	392	319770.54933550605	0.0	41
391	36	392	319770.54933550605	0.0	41
392	36	340	346259.94933550607	0.0	36
393	36	425	368405.0680024442	0.0	44
394	36	446	403724.2680024442	0.0	46
395	36	404	403865.5053363207	0.0	42
396	36	403	372890.5866693825	0.0	42
397	36	392	328600.34933550603	0.0	41
398	36	340	293139.9120016296	0.0	36
399	36	447	443811.46133713535	0.0	46
400	36	404	390550.1866693825	0.0	42
401	36	436	448155.74267019716	0.0	45
402	36	382	416898.349335506	0.0	40
403	36	436	443811.4613371354	0.0	45
404	36	341	359575.26800244424	0.0	36
405	36	414	390550.18666938244	0.0	43
406	36	404	404006.7426701972	0.0	42
407	36	371	359575.2680024443	0.0	39
408	36	403	372890.58666938246	0.0	42
409	36	436	395035.70533632074	0.0	45
410	36	436	403865.5053363207	0.0	45
411	36	352	364060.78666938253	0.0	37
412	36	425	417180.82400325895	0.0	44
413	36	256	235675.59333469145	0.0	28
414	36	425	425869.38666938245	0.0	44
415	36	351	324256.06800244434	0.0	37
416	36	352	373031.82400325895	0.0	37
417	36	404	373031.824003259	0.0	42
418	36	436	457126.78000407363	0.0	45
419	36	329	301969.7120016296	0.0	35
420	36	447	443811.4613371354	0.0	46
421	36	372	479554.37333876477	0.0	39
422	36	425	390550.18666938244	0.0	44
423	36	425	390550.18666938244	0.0	44
424	36	393	341915.66800244426	0.0	41
425	36	436	403865.50533632067	0.0	45
426	36	426	452641.2613371354	0.0	44
427	36	329	248849.6746677532	0.0	35
428	36	361	479554.37333876477	0.0	38
429	36	436	448155.7426701971	0.0	45
430	36	436	377234.8680024442	0.0	45
431	36	436	386205.9053363207	0.0	45
432	36	204	195870.87466775326	0.0	23
433	36	404	457126.78000407363	0.0	42
434	36	404	443811.4613371354	0.0	42
435	36	404	457126.7800040736	0.0	42
436	36	436	439325.9426701971	0.0	45
437	36	415	341915.66800244426	0.0	43
438	36	393	315285.0306685678	0.0	41
439	36	393	315285.0306685678	0.0	41
440	36	393	315285.0306685678	0.0	41
441	36	393	315285.0306685678	0.0	41
442	36	371	355230.9866693825	0.0	39
443	36	393	359575.26800244424	0.0	41
444	36	404	381861.62400325894	0.0	42
445	36	404	381861.62400325894	0.0	42
446	36	393	377517.34267019725	0.0	41
447	36	404	377376.1053363207	0.0	42
448	36	393	341915.66800244426	0.0	41
449	36	393	315285.0306685678	0.0	41
450	36	393	377234.8680024442	0.0	41
451	36	299	407927.31200162944	0.0	32
452	36	393	315285.0306685678	0.0	41
453	36	393	395176.9426701972	0.0	41
454	36	404	315285.0306685678	0.0	42
455	36	404	421807.5800040736	0.0	42
456	36	393	328600.3493355061	0.0	41
457	36	415	457126.78000407363	0.0	43
458	36	393	341915.6680024443	0.0	41
459	36	404	404006.74267019716	0.0	42
460	36	393	341915.6680024443	0.0	41
461	36	404	341915.6680024443	0.0	42
462	36	404	359575.2680024443	0.0	42
463	36	382	328600.3493355061	0.0	40
464	36	404	403865.50533632067	0.0	42
465	36	404	381861.62400325894	0.0	42
466	36	404	359716.5053363208	0.0	42
467	36	382	328600.3493355061	0.0	40
468	36	404	372890.5866693825	0.0	42
469	36	393	359575.26800244424	0.0	41
470	36	373	355230.9866693825	0.0	39
471	36	382	350604.23066856776	0.0	40
472	36	341	328600.34933550603	0.0	36
473	36	362	328600.34933550603	0.0	38
474	36	404	390691.42400325893	0.0	42
475	36	426	443811.4613371354	0.0	44
476	36	361	346259.949335506	0.0	38
477	36	393	332944.6306685678	0.0	41
478	36	382	341915.66800244426	0.0	40
479	36	382	328600.34933550603	0.0	40
480	36	404	346259.949335506	0.0	42
481	36	404	412695.30533632066	0.0	42
482	36	393	381861.62400325894	0.0	41
483	36	415	443811.4613371354	0.0	43
484	36	415	448155.74267019716	0.0	43
485	36	415	434840.4240032589	0.0	43
486	36	393	332944.6306685678	0.0	41
487	36	382	328600.3493355061	0.0	40
488	36	415	421525.10533632064	0.0	43
489	36	404	399521.224003259	0.0	42
490	36	415	390691.424003259	0.0	43
491	36	351	288795.63066856784	0.0	37
492	36	415	359716.5053363208	0.0	43
493	36	414	381720.38666938245	0.0	43
494	36	299	373314.298671012	0.0	32
495	36	393	341915.6680024443	0.0	41
496	36	404	417180.82400325895	0.0	42
497	36	319	434699.1866693824	0.0	34
498	36	404	390691.424003259	0.0	42
499	36	415	399521.224003259	0.0	43
500	36	362	328600.34933550603	0.0	38
501	36	341	328600.34933550603	0.0	36
502	36	330	350745.4680024443	0.0	35
503	36	362	328600.34933550603	0.0	38
504	36	351	359575.2680024443	0.0	37
505	36	383	377376.1053363207	0.0	40
506	36	362	350745.4680024443	0.0	38
507	36	330	306455.2306685679	0.0	35
508	36	425	448155.74267019716	0.0	44
509	36	436	417322.06133713544	0.0	45
510	36	330	306455.2306685679	0.0	35
511	36	393	368546.3053363208	0.0	41
512	36	248	359716.5053363207	0.0	27
513	36	353	443952.6986710119	0.0	37
514	36	425	421666.3426701972	0.0	44
515	36	414	337288.9120016296	0.0	43
516	36	330	306455.2306685679	0.0	35
517	36	300	306455.2306685679	0.0	32
518	36	363	399379.98666938243	0.0	38
519	36	269	368546.3053363208	0.0	29
520	36	383	377376.10533632076	0.0	40
521	36	330	306455.2306685679	0.0	35
522	36	330	394894.46800244425	0.0	35
523	36	330	390550.18666938244	0.0	35
524	36	436	421666.3426701972	0.0	45
525	36	393	359575.2680024443	0.0	41
526	36	436	417180.82400325895	0.0	45
527	36	393	359575.2680024443	0.0	41
528	36	436	434981.6613371354	0.0	45
529	36	297	231331.3120016297	0.0	32
530	36	393	328600.3493355061	0.0	41
531	36	352	332944.63066856784	0.0	37
532	36	414	434981.6613371354	0.0	43
533	36	298	284310.1120016296	0.0	32
534	36	393	359575.2680024443	0.0	41
535	36	436	439325.9426701971	0.0	45
536	36	216	248990.91200162968	0.0	24
537	36	393	399521.2240032589	0.0	41
538	36	393	448155.74267019716	0.0	41
539	36	353	404006.74267019716	0.0	37
540	36	331	377234.8680024442	0.0	35
541	36	415	434840.4240032589	0.0	43
542	36	344	408351.02400325896	0.0	36
543	36	229	319629.3120016296	0.0	25
544	36	248	435264.1360048884	0.0	27
545	36	238	488525.4106726413	0.0	26
546	36	382	346259.94933550607	0.0	40
547	36	415	403865.5053363207	0.0	43
548	36	259	324256.06800244434	0.0	28
549	36	383	368405.0680024443	0.0	40
550	36	248	351169.1800040738	0.0	27
551	36	404	355089.74933550606	0.0	42
552	36	404	390550.1866693825	0.0	42
553	36	291	341774.43066856783	0.0	31
554	36	436	439325.9426701971	0.0	45
555	36	415	434840.4240032589	0.0	43
556	36	248	275480.3120016296	0.0	27
557	36	259	297766.6680024443	0.0	28
558	36	250	319770.54933550605	0.0	27
559	36	259	293281.14933550614	0.0	28
560	36	269	386064.6680024442	0.0	29
561	36	342	359857.7426701973	0.0	36
562	36	259	333227.1053363208	0.0	28
563	36	259	284451.3493355061	0.0	28
564	36	259	319911.7866693826	0.0	28
565	36	344	439184.7053363207	0.0	36
566	36	229	297625.43066856783	0.0	25
567	36	259	493010.92933957954	0.0	28
568	36	268	244646.63066856793	0.0	29
569	36	257	249132.14933550617	0.0	28
570	36	289	302393.424003259	0.0	31
571	36	279	288936.8680024444	0.0	30
572	36	175	222642.7493355062	0.0	20
573	36	175	222642.7493355062	0.0	20
574	36	175	231472.5493355062	0.0	20
575	36	186	275621.5493355061	0.0	21
576	36	175	222642.7493355062	0.0	20
577	36	175	222642.7493355062	0.0	20
578	36	175	222642.7493355062	0.0	20
579	36	175	249273.38666938266	0.0	20
580	36	261	341774.43066856783	0.0	28
581	36	175	231472.5493355062	0.0	20
582	36	175	222642.7493355062	0.0	20
583	36	393	319770.54933550605	0.0	41
584	36	424	395176.9426701972	0.0	44
585	36	404	359716.5053363207	0.0	42
586	36	290	257820.71200162967	0.0	31
587	36	404	426151.8613371354	0.0	42
588	36	424	403865.50533632067	0.0	44
589	36	352	297766.66800244426	0.0	37
590	36	404	381720.38666938245	0.0	42
591	36	435	390550.1866693824	0.0	45
592	36	446	448155.7426701971	0.0	46
593	36	446	412695.30533632066	0.0	46
594	36	393	319770.54933550605	0.0	41
595	36	424	408492.2613371354	0.0	44
596	36	424	408492.2613371354	0.0	44
597	36	446	448155.7426701971	0.0	46
598	36	435	452641.2613371354	0.0	45
599	36	298	244505.39333469144	0.0	32
600	36	164	231472.5493355062	0.0	19
601	36	446	443670.22400325886	0.0	46
602	36	363	337571.3866693825	0.0	38
603	36	267	213530.4746677531	0.0	29
604	36	393	319770.5493355061	0.0	41
605	36	446	434981.6613371354	0.0	46
606	36	392	337430.1493355059	0.0	41
607	36	414	399379.98666938243	0.0	43
608	36	382	310940.7493355061	0.0	40
609	36	362	311081.9866693825	0.0	38
610	36	435	426151.86133713543	0.0	45
611	36	424	416898.3493355059	0.0	44
612	36	425	403865.50533632067	0.0	44
613	36	424	417180.82400325895	0.0	44
614	36	403	412836.5426701972	0.0	42
615	36	392	412412.83066856774	0.0	41
616	36	403	421525.10533632064	0.0	42
617	36	403	448155.74267019716	0.0	42
618	36	392	337288.9120016296	0.0	41
619	36	414	363778.3120016295	0.0	43
620	36	414	377093.6306685677	0.0	43
621	36	414	363778.3120016295	0.0	43
622	36	414	359575.2680024443	0.0	43
623	36	414	430354.90533632063	0.0	43
624	36	424	368405.0680024442	0.0	44
625	36	414	443670.2240032589	0.0	43
626	36	435	332944.6306685678	0.0	45
627	36	310	315426.26800244435	0.0	33
628	36	414	381579.149335506	0.0	43
629	36	414	443670.22400325886	0.0	43
630	36	384	425728.1493355059	0.0	40
631	36	414	394894.4680024442	0.0	43
632	36	414	403865.50533632067	0.0	43
633	36	414	341774.4306685678	0.0	43
634	36	425	403865.50533632067	0.0	44
635	36	392	381579.149335506	0.0	41
636	36	403	301969.7120016296	0.0	42
637	36	414	354948.5120016295	0.0	43
638	36	414	363778.3120016295	0.0	43
639	36	403	319629.31200162956	0.0	42
640	36	414	359575.26800244424	0.0	43
641	36	403	372890.58666938246	0.0	42
642	36	414	324114.8306685678	0.0	43
643	36	425	439184.7053363206	0.0	44
644	36	403	377234.8680024442	0.0	42
645	36	414	341774.43066856783	0.0	43
646	36	414	386064.6680024442	0.0	43
647	36	403	328600.34933550603	0.0	42
648	36	424	408351.0240032589	0.0	44
649	36	403	328600.34933550603	0.0	42
650	36	414	363919.549335506	0.0	43
651	36	414	341774.4306685678	0.0	43
652	36	446	421525.10533632064	0.0	46
653	36	403	319629.3120016296	0.0	42
654	36	257	372325.6373338765	0.0	28
655	36	414	399238.749335506	0.0	43
656	36	414	377093.6306685677	0.0	43
657	36	382	288795.63066856784	0.0	40
658	36	414	394894.46800244425	0.0	43
659	36	446	377376.10533632076	0.0	46
660	36	424	390408.949335506	0.0	44
661	36	446	377376.1053363207	0.0	46
662	36	446	404006.74267019716	0.0	46
663	36	435	430496.1426701972	0.0	45
664	36	403	386205.90533632075	0.0	42
665	36	446	443670.22400325886	0.0	46
666	36	457	386205.90533632075	0.0	47
667	36	435	390691.424003259	0.0	45
668	36	384	390550.1866693825	0.0	40
669	36	446	417180.82400325895	0.0	46
670	36	435	412695.3053363207	0.0	45
671	36	435	434981.6613371354	0.0	45
672	36	383	368546.3053363208	0.0	40
673	36	435	399521.224003259	0.0	45
674	36	424	421666.3426701972	0.0	44
675	36	424	426010.62400325894	0.0	44
676	36	382	319770.5493355061	0.0	40
677	36	435	408209.7866693825	0.0	45
678	36	424	430496.1426701972	0.0	44
679	36	435	381861.624003259	0.0	45
680	36	446	412836.5426701972	0.0	46
681	36	435	404006.7426701972	0.0	45
682	36	424	372890.5866693825	0.0	44
683	36	424	417180.82400325895	0.0	44
684	36	435	381861.624003259	0.0	45
685	36	424	426151.86133713543	0.0	44
686	36	435	399521.224003259	0.0	45
687	36	435	408351.02400325896	0.0	45
688	36	424	403865.5053363207	0.0	44
689	36	424	417180.82400325895	0.0	44
690	36	435	346259.94933550607	0.0	45
691	36	435	421525.1053363207	0.0	45
692	36	361	284310.1120016296	0.0	38
693	36	435	390691.424003259	0.0	45
694	36	382	332944.6306685678	0.0	40
695	36	435	399521.224003259	0.0	45
696	36	425	412695.30533632066	0.0	44
697	36	435	417322.06133713544	0.0	45
698	36	435	368263.83066856774	0.0	45
699	36	299	248990.91200162968	0.0	32
700	36	435	373031.824003259	0.0	45
701	36	446	381861.624003259	0.0	46
702	36	435	421525.1053363207	0.0	45
703	36	414	363919.549335506	0.0	43
704	36	362	315285.0306685678	0.0	38
705	36	403	417039.5866693824	0.0	42
706	36	424	399521.224003259	0.0	44
707	36	414	359575.26800244424	0.0	43
708	36	249	346401.1866693825	0.0	27
709	36	361	293139.9120016296	0.0	38
710	36	415	421383.8680024442	0.0	43
711	36	393	333227.10533632076	0.0	41
712	36	435	417322.06133713544	0.0	45
713	36	164	226845.79333469144	0.0	19
714	36	196	253335.1933346914	0.0	22
715	36	196	297766.6680024443	0.0	22
716	36	424	372890.5866693825	0.0	44
717	36	249	399097.51200162945	0.0	27
718	36	436	399521.224003259	0.0	45
719	36	175	231331.31200162967	0.0	20
720	36	435	363919.54933550605	0.0	45
721	36	249	359998.9800040737	0.0	27
722	36	280	364202.024003259	0.0	30
723	36	424	412695.3053363207	0.0	44
724	36	425	421666.3426701972	0.0	44
725	36	414	408068.54933550593	0.0	43
726	36	435	359716.5053363207	0.0	45
727	36	436	417039.5866693824	0.0	45
728	36	414	363919.549335506	0.0	43
729	36	403	319629.31200162956	0.0	42
730	36	403	390550.1866693825	0.0	42
731	36	403	408209.7866693824	0.0	42
732	36	414	394753.2306685677	0.0	43
733	36	403	337288.91200162953	0.0	42
734	36	414	394894.4680024442	0.0	43
735	36	414	354948.5120016295	0.0	43
736	36	424	386064.6680024442	0.0	44
737	36	414	377234.8680024442	0.0	43
738	36	414	390408.94933550595	0.0	43
739	36	403	332944.6306685678	0.0	42
740	36	403	403865.50533632067	0.0	42
741	36	414	372749.349335506	0.0	43
742	36	414	381579.149335506	0.0	43
743	36	424	403724.26800244424	0.0	44
744	36	446	430354.90533632063	0.0	46
745	36	424	417039.5866693824	0.0	44
746	36	414	434699.18666938244	0.0	43
747	36	414	346259.949335506	0.0	43
748	36	414	332944.6306685678	0.0	43
749	36	301	355230.9866693825	0.0	32
750	36	392	364060.7866693825	0.0	41
751	36	425	421525.1053363207	0.0	44
752	36	361	275480.3120016296	0.0	38
753	36	403	359434.03066856775	0.0	42
754	36	403	319629.31200162956	0.0	42
755	36	414	350604.2306685678	0.0	43
756	36	403	421525.10533632064	0.0	42
757	36	308	266650.51200162957	0.0	33
758	36	425	408209.7866693824	0.0	44
759	36	361	302110.9493355061	0.0	38
760	36	414	390550.1866693825	0.0	43
761	36	392	350604.2306685678	0.0	41
762	36	403	403724.2680024442	0.0	42
763	36	424	395035.7053363207	0.0	44
764	36	414	363919.549335506	0.0	43
765	36	414	390550.18666938244	0.0	43
766	36	425	403865.50533632067	0.0	44
767	36	435	421525.1053363207	0.0	45
768	36	424	412695.30533632066	0.0	44
769	36	446	448155.7426701971	0.0	46
770	36	403	434981.66133713536	0.0	42
771	36	403	310799.51200162957	0.0	42
772	36	424	426010.6240032589	0.0	44
773	36	424	386064.6680024442	0.0	44
774	36	424	395035.7053363207	0.0	44
775	36	414	363919.549335506	0.0	43
776	36	340	288795.63066856784	0.0	36
777	36	445	412695.30533632066	0.0	46
778	36	424	386064.6680024442	0.0	44
779	36	445	412695.30533632066	0.0	46
780	36	414	394894.4680024442	0.0	43
781	36	392	319629.31200162956	0.0	41
782	36	414	408209.7866693824	0.0	43
783	36	414	363919.549335506	0.0	43
784	36	456	412695.30533632066	0.0	47
785	36	403	443811.46133713535	0.0	42
786	36	228	412271.59333469125	0.0	25
787	36	424	403865.50533632067	0.0	44
788	36	425	425869.3866693824	0.0	44
789	36	424	403865.50533632067	0.0	44
790	36	362	337571.38666938257	0.0	38
791	36	456	421525.10533632064	0.0	47
792	36	456	412695.30533632066	0.0	47
793	36	413	386205.90533632075	0.0	43
794	36	330	293281.14933550614	0.0	35
795	36	445	403865.5053363207	0.0	46
796	36	456	412695.30533632066	0.0	47
797	36	393	354948.5120016295	0.0	41
798	36	361	275480.3120016296	0.0	38
799	36	403	408209.7866693824	0.0	42
800	36	435	346118.7120016296	0.0	45
801	36	456	412695.30533632066	0.0	47
802	36	467	448155.7426701971	0.0	48
803	36	414	425869.3866693824	0.0	43
804	36	456	412695.30533632066	0.0	47
805	36	435	359434.03066856775	0.0	45
806	36	446	390408.94933550595	0.0	46
807	36	414	363919.549335506	0.0	43
808	36	424	386064.6680024442	0.0	44
809	36	424	355089.749335506	0.0	44
810	36	414	408209.7866693825	0.0	43
811	36	425	425869.3866693824	0.0	44
812	36	435	372749.349335506	0.0	45
813	36	361	275480.3120016296	0.0	38
814	36	342	350745.4680024443	0.0	36
815	36	403	377234.8680024442	0.0	42
816	36	403	363919.549335506	0.0	42
817	36	435	364060.7866693825	0.0	45
818	36	456	439184.7053363206	0.0	47
819	36	456	412695.30533632066	0.0	47
820	36	456	412695.30533632066	0.0	47
821	36	414	394894.4680024442	0.0	43
822	36	435	390408.94933550595	0.0	45
823	36	414	434699.1866693824	0.0	43
824	36	246	222360.27466775317	0.0	27
825	36	424	359434.03066856775	0.0	44
826	36	414	399238.74933550594	0.0	43
827	36	414	363919.549335506	0.0	43
828	36	424	417039.5866693824	0.0	44
829	36	414	390267.7120016295	0.0	43
830	36	392	301969.71200162964	0.0	41
831	36	456	430354.90533632063	0.0	47
832	36	414	381720.38666938245	0.0	43
833	36	403	346118.7120016295	0.0	42
834	36	414	377093.6306685677	0.0	43
835	36	425	399238.74933550594	0.0	44
836	36	414	416898.3493355059	0.0	43
837	36	435	452641.2613371354	0.0	45
838	36	435	408068.549335506	0.0	45
839	36	424	368405.0680024443	0.0	44
840	36	424	457126.78000407363	0.0	44
841	36	403	425728.1493355059	0.0	42
842	36	424	430354.9053363207	0.0	44
843	36	435	412836.5426701972	0.0	45
844	36	413	355230.98666938255	0.0	43
845	36	435	394894.46800244425	0.0	45
846	36	403	346259.949335506	0.0	42
847	36	424	408351.02400325896	0.0	44
848	36	435	439467.18000407366	0.0	45
849	36	435	448155.74267019716	0.0	45
850	36	435	399521.224003259	0.0	45
851	36	435	412412.83066856774	0.0	45
852	36	424	430354.9053363207	0.0	44
853	36	413	408351.02400325896	0.0	43
854	36	424	355089.74933550606	0.0	44
855	36	435	452782.4986710119	0.0	45
856	36	435	448296.98000407364	0.0	45
857	36	435	404006.7426701972	0.0	45
858	36	435	386205.90533632075	0.0	45
859	36	435	399662.46133713546	0.0	45
860	36	424	359575.2680024443	0.0	44
861	36	424	390691.424003259	0.0	44
862	36	446	434840.42400325893	0.0	46
863	36	414	390408.949335506	0.0	43
864	36	414	426010.6240032589	0.0	43
865	36	414	416898.349335506	0.0	43
866	36	446	421383.86800244416	0.0	46
867	36	425	368405.0680024442	0.0	44
868	36	414	385923.4306685677	0.0	43
869	36	414	399379.98666938243	0.0	43
870	36	403	328600.3493355061	0.0	42
871	36	414	385923.4306685678	0.0	43
872	36	403	386205.9053363207	0.0	42
873	36	435	412554.0680024442	0.0	45
874	36	414	399238.749335506	0.0	43
875	36	415	439184.7053363206	0.0	43
876	36	402	426293.0986710119	0.0	42
877	36	237	275480.3120016295	0.0	26
878	36	414	359434.03066856775	0.0	43
879	36	435	399379.9866693825	0.0	45
880	36	425	412554.0680024442	0.0	44
881	36	446	421525.10533632064	0.0	46
882	36	414	403583.0306685677	0.0	43
883	36	414	368263.83066856774	0.0	43
884	36	425	407927.31200162944	0.0	44
885	36	414	408209.7866693824	0.0	43
886	36	414	363919.549335506	0.0	43
887	36	414	403865.50533632067	0.0	43
888	36	361	284310.1120016296	0.0	38
889	36	435	439467.18000407366	0.0	45
890	36	435	395035.7053363207	0.0	45
891	36	425	430354.90533632063	0.0	44
892	36	435	395176.9426701972	0.0	45
893	36	435	426151.86133713543	0.0	45
894	36	435	421807.5800040737	0.0	45
895	36	424	368405.0680024443	0.0	44
896	36	435	439467.18000407366	0.0	45
897	36	435	412836.5426701972	0.0	45
898	36	435	466097.8173379501	0.0	45
899	36	446	430496.1426701972	0.0	46
900	36	435	443670.2240032589	0.0	45
901	36	435	448438.21733795013	0.0	45
902	36	435	412836.5426701972	0.0	45
903	36	435	452641.2613371354	0.0	45
904	36	446	443952.6986710119	0.0	46
905	36	435	443670.2240032589	0.0	45
906	36	435	417180.8240032589	0.0	45
907	36	435	386205.90533632075	0.0	45
908	36	435	355089.74933550606	0.0	45
909	36	424	355089.74933550606	0.0	44
910	36	415	448155.74267019716	0.0	43
911	36	435	412695.3053363207	0.0	45
912	36	424	341774.43066856783	0.0	44
913	36	435	377234.8680024443	0.0	45
914	36	435	363919.54933550605	0.0	45
915	36	435	381720.3866693825	0.0	45
916	36	435	377376.10533632076	0.0	45
917	36	435	408209.7866693825	0.0	45
918	36	435	412836.5426701972	0.0	45
919	36	446	404006.7426701972	0.0	46
920	36	424	408351.02400325896	0.0	44
921	36	435	386205.90533632075	0.0	45
922	36	424	355089.74933550606	0.0	44
923	36	435	412836.5426701972	0.0	45
924	36	435	355089.74933550606	0.0	45
925	36	446	457268.0173379501	0.0	46
926	36	435	452782.4986710119	0.0	45
927	36	435	421525.1053363207	0.0	45
928	36	435	355089.74933550606	0.0	45
929	36	424	381720.3866693825	0.0	44
930	36	467	394894.46800244425	0.0	48
931	36	435	443670.22400325886	0.0	45
932	36	424	381861.624003259	0.0	44
933	36	445	408351.02400325896	0.0	46
934	36	446	461612.2986710119	0.0	46
935	36	446	421525.1053363207	0.0	46
936	36	435	324114.8306685678	0.0	45
937	36	435	421807.5800040737	0.0	45
938	36	435	439467.18000407366	0.0	45
939	36	435	359575.26800244424	0.0	45
940	36	435	457126.78000407363	0.0	45
941	36	435	421807.5800040737	0.0	45
942	36	341	293281.1493355061	0.0	36
943	36	435	430354.9053363207	0.0	45
944	36	446	434840.42400325893	0.0	46
945	36	456	426010.62400325894	0.0	47
946	36	456	439184.7053363207	0.0	47
947	36	456	443670.2240032589	0.0	47
948	36	424	315285.03066856787	0.0	44
949	36	435	399521.224003259	0.0	45
950	36	456	426010.62400325894	0.0	47
951	36	424	368405.0680024442	0.0	44
952	36	446	417322.06133713544	0.0	46
953	36	435	381861.624003259	0.0	45
954	36	424	306455.2306685679	0.0	44
955	36	393	364060.7866693825	0.0	41
956	36	424	403724.26800244424	0.0	44
957	36	435	359434.0306685678	0.0	45
958	36	435	443670.2240032589	0.0	45
959	36	456	443670.2240032589	0.0	47
960	36	435	381579.149335506	0.0	45
961	36	424	434699.18666938244	0.0	44
962	36	424	430213.6680024442	0.0	44
963	36	435	385923.4306685678	0.0	45
964	36	424	399379.9866693825	0.0	44
965	36	456	426010.62400325894	0.0	47
966	36	456	426010.62400325894	0.0	47
967	36	382	293139.9120016296	0.0	40
968	36	435	448155.74267019716	0.0	45
969	36	456	452641.2613371354	0.0	47
970	36	456	452641.2613371354	0.0	47
971	36	435	377376.1053363207	0.0	45
972	36	322	390550.18666938244	0.0	34
973	36	351	302110.9493355061	0.0	37
974	36	457	461612.2986710119	0.0	47
975	36	424	426010.62400325894	0.0	44
976	36	446	368263.8306685678	0.0	46
977	36	435	417039.58666938246	0.0	45
978	36	424	403724.26800244424	0.0	44
979	36	424	306455.2306685679	0.0	44
980	36	424	324114.83066856785	0.0	44
981	36	456	426010.62400325894	0.0	47
982	36	424	346259.94933550607	0.0	44
983	36	424	364060.78666938253	0.0	44
984	36	131	173866.99333469145	0.0	16
985	36	424	341774.43066856783	0.0	44
986	36	404	457126.78000407363	0.0	42
987	36	435	426151.86133713543	0.0	45
988	36	435	448155.74267019716	0.0	45
989	36	424	332944.63066856784	0.0	44
990	36	435	381720.3866693825	0.0	45
991	36	435	399238.74933550594	0.0	45
992	36	435	377234.8680024443	0.0	45
993	36	456	363919.54933550605	0.0	47
994	36	424	399379.9866693825	0.0	44
995	36	456	426010.62400325894	0.0	47
996	36	435	350745.4680024443	0.0	45
997	36	435	368263.8306685678	0.0	45
998	36	456	426010.62400325894	0.0	47
999	36	424	399379.9866693825	0.0	44
1000	36	435	403724.26800244424	0.0	45
1001	36	413	426010.62400325894	0.0	43
1002	36	435	350745.4680024443	0.0	45
1003	36	445	452641.2613371354	0.0	46
1004	36	435	390550.1866693825	0.0	45
1005	36	435	350745.4680024443	0.0	45
1006	36	435	350745.4680024443	0.0	45
1007	36	435	350745.4680024443	0.0	45
1008	36	435	350745.4680024443	0.0	45
1009	36	350	288936.86800244433	0.0	37
1010	36	435	350745.4680024443	0.0	45
1011	36	435	350745.4680024443	0.0	45
1012	36	435	350745.4680024443	0.0	45
1013	36	435	350745.4680024443	0.0	45
1014	36	435	430496.1426701972	0.0	45
1015	36	288	253335.19333469143	0.0	31
1016	36	456	452641.2613371354	0.0	47
1017	36	435	399521.224003259	0.0	45
1018	36	435	430354.9053363207	0.0	45
1019	36	435	452641.2613371354	0.0	45
1020	36	446	430496.1426701972	0.0	46
1021	36	435	377376.10533632076	0.0	45
1022	36	215	209186.1933346915	0.0	24
1023	36	435	426010.62400325894	0.0	45
1024	36	435	377376.10533632076	0.0	45
1025	36	435	350745.4680024443	0.0	45
1026	36	435	377376.10533632076	0.0	45
1027	36	435	399521.224003259	0.0	45
1028	36	373	337430.149335506	0.0	39
1029	36	424	333085.86800244433	0.0	44
1030	36	435	359575.2680024443	0.0	45
1031	36	435	350745.4680024443	0.0	45
1032	36	110	133921.03733387642	0.0	14
1033	36	435	390550.18666938244	0.0	45
1034	36	446	434840.4240032589	0.0	46
1035	36	446	443670.2240032589	0.0	46
1036	36	456	452641.2613371354	0.0	47
1037	36	446	395035.70533632074	0.0	46
1038	36	446	395035.70533632074	0.0	46
1039	36	446	395035.70533632074	0.0	46
1040	36	415	386205.90533632075	0.0	43
1041	36	435	395035.70533632074	0.0	45
1042	36	457	443670.22400325886	0.0	47
1043	36	196	284451.34933550615	0.0	22
1044	36	446	430354.9053363207	0.0	46
1045	36	446	439325.94267019717	0.0	46
1046	36	446	430354.9053363207	0.0	46
1047	36	446	403865.5053363207	0.0	46
1048	36	446	430354.9053363207	0.0	46
1049	36	176	288795.63066856784	0.0	20
1050	36	446	381720.3866693825	0.0	46
1051	36	446	395035.70533632074	0.0	46
1052	36	446	448155.74267019716	0.0	46
1053	36	446	395035.70533632074	0.0	46
1054	36	446	434840.42400325893	0.0	46
1055	36	446	448155.74267019716	0.0	46
1056	36	457	421666.3426701972	0.0	47
1057	36	457	421525.1053363207	0.0	47
1058	36	446	395035.70533632074	0.0	46
1059	36	415	403865.50533632067	0.0	43
1060	36	446	439325.94267019717	0.0	46
1061	36	446	421666.3426701972	0.0	46
1062	36	446	395035.70533632074	0.0	46
1063	36	446	395035.70533632074	0.0	46
1064	36	436	417180.82400325895	0.0	45
1065	36	425	403865.5053363207	0.0	44
1066	36	383	284310.1120016296	0.0	40
1067	36	383	284310.1120016296	0.0	40
1068	36	446	395035.70533632074	0.0	46
1069	36	415	417180.82400325895	0.0	43
1070	36	446	395035.70533632074	0.0	46
1071	36	446	443811.4613371354	0.0	46
1072	36	446	395035.70533632074	0.0	46
1073	36	446	417180.82400325895	0.0	46
1074	36	446	395035.7053363207	0.0	46
1075	36	446	395035.70533632074	0.0	46
1076	36	446	395035.70533632074	0.0	46
1077	36	446	395035.70533632074	0.0	46
1078	36	435	439325.94267019717	0.0	45
1079	36	446	457126.78000407363	0.0	46
1080	36	446	426010.62400325894	0.0	46
1081	36	446	430496.1426701972	0.0	46
1082	36	446	434840.42400325893	0.0	46
1083	36	467	448155.7426701971	0.0	48
1084	36	446	443670.2240032589	0.0	46
1085	36	446	412695.3053363207	0.0	46
1086	36	435	434840.42400325893	0.0	45
1087	36	446	395035.70533632074	0.0	46
1088	36	446	417180.82400325895	0.0	46
1089	36	446	403865.5053363207	0.0	46
1090	36	446	412695.3053363207	0.0	46
1091	36	446	395035.70533632074	0.0	46
1092	36	370	293139.91200162965	0.0	39
1093	36	457	448155.74267019716	0.0	47
1094	36	446	395035.70533632074	0.0	46
1095	36	457	394753.23066856776	0.0	47
1096	36	457	439325.94267019717	0.0	47
1097	36	446	395035.70533632074	0.0	46
1098	36	446	421525.1053363207	0.0	46
1099	36	446	421525.1053363207	0.0	46
1100	36	446	439184.7053363207	0.0	46
1101	36	446	439184.7053363207	0.0	46
1102	36	446	421666.3426701972	0.0	46
1103	36	446	395035.70533632074	0.0	46
1104	36	446	412695.3053363207	0.0	46
1105	36	238	364202.024003259	0.0	26
1106	36	446	448155.74267019716	0.0	46
1107	36	446	443811.4613371354	0.0	46
1108	36	446	403865.5053363207	0.0	46
1109	36	446	417180.82400325895	0.0	46
1110	36	446	439325.94267019717	0.0	46
1111	36	446	448155.74267019716	0.0	46
1112	36	309	262164.9933346914	0.0	33
1113	36	446	434840.42400325893	0.0	46
1114	36	446	395035.70533632074	0.0	46
1115	36	446	439325.94267019717	0.0	46
1116	36	446	443670.2240032589	0.0	46
1117	36	446	430496.1426701972	0.0	46
1118	36	446	403865.5053363207	0.0	46
1119	36	446	430496.1426701972	0.0	46
1120	36	446	430354.9053363207	0.0	46
1121	36	446	395035.70533632074	0.0	46
1122	36	446	421525.1053363207	0.0	46
1123	36	446	421525.1053363207	0.0	46
1124	36	446	412695.3053363207	0.0	46
1125	36	446	439325.94267019717	0.0	46
1126	36	414	408351.0240032589	0.0	43
1127	36	435	359716.5053363208	0.0	45
1128	36	424	412695.3053363207	0.0	44
1129	36	435	390550.1866693825	0.0	45
1130	36	392	306455.2306685679	0.0	41
1131	36	446	395035.70533632074	0.0	46
1132	36	446	403865.5053363207	0.0	46
1133	36	446	403865.5053363207	0.0	46
1134	36	424	394894.46800244425	0.0	44
1135	36	446	412695.3053363207	0.0	46
1136	36	446	395035.70533632074	0.0	46
1137	36	446	439325.94267019717	0.0	46
1138	36	446	395035.70533632074	0.0	46
1139	36	446	395035.70533632074	0.0	46
1140	36	446	426010.62400325894	0.0	46
1141	36	374	412836.54267019714	0.0	39
1142	36	446	408351.02400325896	0.0	46
1143	36	446	430354.9053363207	0.0	46
1144	36	446	430496.1426701972	0.0	46
1145	36	446	412695.3053363207	0.0	46
1146	36	446	430354.9053363207	0.0	46
1147	36	447	457126.78000407363	0.0	46
1148	36	446	412695.3053363207	0.0	46
1149	36	446	403865.50533632067	0.0	46
1150	36	404	452641.2613371354	0.0	42
1151	36	446	395035.70533632074	0.0	46
1152	36	446	381720.3866693825	0.0	46
1153	36	383	390550.18666938244	0.0	40
1154	36	435	417180.82400325895	0.0	45
1155	36	435	399379.9866693825	0.0	45
1156	36	446	395035.70533632074	0.0	46
1157	36	456	372890.5866693825	0.0	47
1158	36	435	390550.1866693825	0.0	45
1159	36	467	390550.18666938244	0.0	48
1160	36	446	430354.9053363207	0.0	46
1161	36	446	395035.70533632074	0.0	46
1162	36	446	403865.5053363207	0.0	46
1163	36	446	439184.7053363207	0.0	46
1164	36	435	430213.66800244414	0.0	45
1165	36	382	328459.11200162955	0.0	40
1166	36	446	430354.9053363207	0.0	46
1167	36	446	403865.5053363207	0.0	46
1168	36	446	430354.9053363207	0.0	46
1169	36	446	395035.70533632074	0.0	46
1170	36	446	377376.1053363207	0.0	46
1171	36	435	421666.3426701972	0.0	45
1172	36	446	395035.70533632074	0.0	46
1173	36	446	395035.70533632074	0.0	46
1174	36	416	381720.38666938245	0.0	43
1175	36	446	403865.5053363207	0.0	46
1176	36	446	395035.70533632074	0.0	46
1177	36	446	395035.70533632074	0.0	46
1178	36	434	377234.8680024443	0.0	45
1179	36	404	412836.54267019714	0.0	42
1180	36	446	395035.70533632074	0.0	46
1181	36	446	395035.70533632074	0.0	46
1182	36	424	439184.7053363206	0.0	44
1183	36	436	417180.82400325895	0.0	45
1184	36	373	297625.4306685679	0.0	39
1185	36	415	395176.94267019717	0.0	43
1186	36	415	408492.2613371354	0.0	43
1187	36	415	404006.74267019716	0.0	43
1188	36	435	425869.38666938245	0.0	45
1189	36	446	439325.94267019717	0.0	46
1190	36	446	430354.9053363207	0.0	46
1191	36	446	439184.7053363207	0.0	46
1192	36	446	448155.74267019716	0.0	46
1193	36	446	430354.9053363207	0.0	46
1194	36	446	412695.3053363207	0.0	46
1195	36	435	359575.2680024443	0.0	45
1196	36	435	395035.70533632074	0.0	45
1197	36	435	408209.7866693825	0.0	45
1198	36	435	372890.5866693825	0.0	45
1199	36	435	412695.3053363207	0.0	45
1200	36	435	412554.0680024442	0.0	45
1201	36	435	386205.90533632075	0.0	45
1202	36	435	386064.66800244426	0.0	45
1203	36	446	417180.82400325895	0.0	46
1204	36	435	395035.70533632074	0.0	45
1205	36	435	403724.26800244424	0.0	45
1206	36	402	372890.58666938246	0.0	42
1207	36	403	297625.4306685679	0.0	42
1208	36	446	430354.9053363207	0.0	46
1209	36	435	452641.2613371354	0.0	45
1210	36	424	443670.2240032589	0.0	44
1211	36	435	417180.82400325895	0.0	45
1212	36	404	355089.749335506	0.0	42
1213	36	446	439184.7053363206	0.0	46
1214	36	435	359575.2680024443	0.0	45
1215	36	435	395035.7053363207	0.0	45
1216	36	215	209186.1933346915	0.0	24
1217	36	468	443811.46133713535	0.0	48
1218	36	446	395035.70533632074	0.0	46
1219	36	435	425869.38666938245	0.0	45
1220	36	446	395035.70533632074	0.0	46
1221	36	446	426010.62400325894	0.0	46
1222	36	248	430213.66800244414	0.0	27
1223	36	435	421383.8680024442	0.0	45
1224	36	435	368405.0680024443	0.0	45
1225	36	415	399521.224003259	0.0	43
1226	36	445	368263.8306685678	0.0	46
1227	36	445	377093.6306685678	0.0	46
1228	36	435	394894.46800244425	0.0	45
1229	36	435	394894.46800244425	0.0	45
1230	36	446	430496.1426701972	0.0	46
1231	36	435	377234.8680024443	0.0	45
1232	36	446	430213.6680024442	0.0	46
1233	36	468	448155.74267019716	0.0	48
1234	36	468	443670.2240032589	0.0	48
1235	36	446	399379.9866693825	0.0	46
1236	36	446	381720.3866693825	0.0	46
1237	36	457	461612.2986710119	0.0	47
1238	36	382	341915.6680024443	0.0	40
1239	36	424	368263.8306685678	0.0	44
1240	36	424	390550.18666938244	0.0	44
1241	36	435	359575.26800244424	0.0	45
1242	36	435	466239.0546718266	0.0	45
1243	36	435	443952.6986710119	0.0	45
1244	36	424	368405.0680024443	0.0	44
1245	36	467	412695.3053363207	0.0	48
1246	36	436	372890.5866693825	0.0	45
1247	36	425	395176.9426701972	0.0	44
1248	36	456	408209.7866693825	0.0	47
1249	36	467	403724.26800244424	0.0	48
1250	36	415	412695.3053363207	0.0	43
1251	36	425	372890.5866693825	0.0	44
1252	36	424	381720.3866693825	0.0	44
1253	36	424	466097.8173379501	0.0	44
1254	36	436	430354.9053363207	0.0	45
1255	36	446	452641.2613371354	0.0	46
1256	36	435	417180.82400325895	0.0	45
1257	36	446	434981.66133713536	0.0	46
1258	36	457	395035.70533632074	0.0	47
1259	36	415	390691.424003259	0.0	43
1260	36	424	359575.2680024443	0.0	44
1261	36	424	390550.1866693825	0.0	44
1262	36	424	470583.33600488835	0.0	44
1263	36	435	461753.53600488836	0.0	45
1264	36	435	479554.3733387648	0.0	45
1265	36	446	430637.38000407367	0.0	46
1266	36	435	479554.3733387648	0.0	45
1267	36	372	350745.4680024443	0.0	39
1268	36	435	390691.42400325893	0.0	45
1269	36	435	466097.8173379501	0.0	45
1270	36	425	368546.3053363208	0.0	44
1271	36	425	368546.3053363208	0.0	44
1272	36	425	466097.8173379501	0.0	44
1273	36	425	448296.98000407364	0.0	44
1274	36	425	475068.8546718266	0.0	44
1275	36	425	470583.33600488835	0.0	44
1276	36	425	386347.14267019724	0.0	44
1277	36	415	452782.4986710118	0.0	43
1278	36	435	359716.5053363207	0.0	45
1279	36	446	426151.86133713543	0.0	46
1280	36	414	359575.2680024443	0.0	43
1281	36	447	439325.9426701971	0.0	46
1282	36	415	448296.98000407364	0.0	43
1283	36	436	403865.5053363207	0.0	45
1284	36	425	452923.7360048883	0.0	44
1285	36	446	368405.0680024443	0.0	46
1286	36	436	395035.70533632074	0.0	45
1287	36	425	479554.3733387648	0.0	44
1288	36	425	368546.3053363207	0.0	44
1289	36	467	457126.78000407363	0.0	48
1290	36	436	421525.10533632064	0.0	45
1291	36	425	443670.2240032589	0.0	44
1292	36	446	461612.2986710119	0.0	46
1293	36	425	377517.3426701972	0.0	44
1294	36	425	395176.9426701972	0.0	44
1295	36	425	448296.98000407364	0.0	44
1296	36	425	403865.5053363207	0.0	44
1297	36	447	421666.3426701972	0.0	46
1298	36	425	386347.14267019724	0.0	44
1299	36	436	430354.90533632063	0.0	45
1300	36	415	457126.78000407363	0.0	43
1301	36	425	372890.5866693825	0.0	44
1302	36	415	466097.8173379501	0.0	43
1303	36	373	342056.9053363208	0.0	39
1304	36	373	319911.7866693826	0.0	39
1305	36	425	372890.58666938246	0.0	44
1306	36	426	377517.34267019725	0.0	44
1307	36	373	342056.90533632075	0.0	39
1308	36	373	342056.9053363208	0.0	39
1309	36	436	457126.7800040736	0.0	45
1310	36	415	430496.1426701972	0.0	43
1311	36	373	319911.7866693826	0.0	39
1312	36	415	461612.2986710118	0.0	43
1313	36	373	337571.38666938257	0.0	39
1314	36	404	434981.66133713536	0.0	42
1315	36	415	395318.1800040737	0.0	43
1316	36	373	342056.9053363208	0.0	39
1317	36	373	306596.4680024443	0.0	39
1318	36	446	395176.9426701972	0.0	46
1319	36	373	319911.7866693826	0.0	39
1320	36	383	315426.26800244435	0.0	40
1321	36	373	306596.4680024443	0.0	39
1322	36	373	306596.46800244437	0.0	39
1323	36	425	434840.4240032589	0.0	44
1324	36	425	452641.2613371354	0.0	44
1325	36	436	470583.33600488835	0.0	45
1326	36	373	346542.42400325905	0.0	39
1327	36	404	364060.7866693825	0.0	42
1328	36	425	448296.9800040736	0.0	44
1329	36	373	328741.5866693826	0.0	39
1330	36	425	390691.424003259	0.0	44
1331	36	383	333085.86800244433	0.0	40
1332	36	468	457126.78000407363	0.0	48
1333	36	414	350745.4680024443	0.0	43
1334	36	424	439325.9426701971	0.0	44
1335	36	425	443670.2240032589	0.0	44
1336	36	362	333227.1053363208	0.0	38
1337	36	393	315285.03066856787	0.0	41
1338	36	425	457126.78000407363	0.0	44
1339	36	311	346683.66133713553	0.0	33
1340	36	425	452641.2613371354	0.0	44
1341	36	414	430354.90533632063	0.0	43
1342	36	373	359716.5053363207	0.0	39
1343	36	425	443670.2240032589	0.0	44
1344	36	425	448296.98000407364	0.0	44
1345	36	383	386205.90533632075	0.0	40
1346	36	373	364202.02400325896	0.0	39
1347	36	425	443670.2240032589	0.0	44
1348	36	478	439184.7053363207	0.0	49
1349	36	414	443670.2240032589	0.0	43
1350	36	331	293281.1493355061	0.0	35
1351	36	414	412695.3053363207	0.0	43
1352	36	383	377376.1053363207	0.0	40
1353	36	436	434840.42400325893	0.0	45
1354	36	414	399379.98666938243	0.0	43
1355	36	425	350745.4680024443	0.0	44
1356	36	414	381579.149335506	0.0	43
1357	36	383	319770.54933550605	0.0	40
1358	36	414	394894.4680024442	0.0	43
1359	36	414	394894.46800244425	0.0	43
1360	36	414	408209.7866693825	0.0	43
1361	36	383	381720.3866693825	0.0	40
1362	36	383	333085.86800244433	0.0	40
1363	36	373	328741.5866693825	0.0	39
1364	36	373	350886.7053363208	0.0	39
1365	36	373	328741.5866693826	0.0	39
1366	36	373	306596.4680024443	0.0	39
1367	36	383	386205.90533632075	0.0	40
1368	36	373	368546.3053363208	0.0	39
1369	36	373	346401.1866693825	0.0	39
1370	36	373	346401.18666938256	0.0	39
1371	36	414	439325.9426701971	0.0	43
1372	36	373	350886.70533632074	0.0	39
1373	36	373	355230.9866693825	0.0	39
1374	36	373	355230.9866693825	0.0	39
1375	36	373	337571.38666938257	0.0	39
1376	36	373	337571.38666938257	0.0	39
1377	36	362	364202.02400325896	0.0	38
1378	36	373	306596.4680024443	0.0	39
1379	36	373	328741.5866693826	0.0	39
1380	36	208	262447.46800244437	0.0	23
1381	36	373	328741.5866693825	0.0	39
1382	36	373	337571.3866693825	0.0	39
1383	36	373	368546.3053363208	0.0	39
1384	36	373	337571.38666938257	0.0	39
1385	36	361	355372.224003259	0.0	38
1386	36	415	399662.46133713546	0.0	43
1387	36	373	350886.70533632074	0.0	39
1388	36	373	319911.7866693826	0.0	39
1389	36	373	421807.5800040737	0.0	39
1390	36	373	342056.9053363208	0.0	39
1391	36	404	421666.3426701972	0.0	42
1392	36	415	390691.42400325893	0.0	43
1393	36	457	452641.2613371354	0.0	47
1394	36	446	461612.2986710119	0.0	46
1395	36	373	426151.86133713543	0.0	39
1396	36	341	297907.90533632087	0.0	36
1397	36	373	404006.7426701972	0.0	39
1398	36	373	395176.9426701972	0.0	39
1399	36	414	443811.46133713535	0.0	43
1400	36	414	408351.0240032589	0.0	43
1401	36	373	337571.3866693825	0.0	39
1402	36	414	381720.3866693825	0.0	43
1403	36	373	368546.3053363207	0.0	39
1404	36	373	381861.624003259	0.0	39
1405	36	373	350886.7053363208	0.0	39
1406	36	404	412836.5426701972	0.0	42
1407	36	373	443811.4613371354	0.0	39
1408	36	373	404006.7426701972	0.0	39
1409	36	458	434699.18666938244	0.0	47
1410	36	373	412836.5426701972	0.0	39
1411	36	373	346401.18666938256	0.0	39
1412	36	373	381861.624003259	0.0	39
1413	36	404	355372.22400325903	0.0	42
1414	36	373	346401.18666938256	0.0	39
1415	36	373	319911.7866693826	0.0	39
1416	36	373	399521.224003259	0.0	39
1417	36	373	364202.024003259	0.0	39
1418	36	373	364060.78666938253	0.0	39
1419	36	415	377517.3426701972	0.0	43
1420	36	373	355230.98666938255	0.0	39
1421	36	309	417322.06133713544	0.0	33
1422	36	384	443811.4613371354	0.0	40
1423	36	435	359575.26800244424	0.0	45
1424	36	373	395035.70533632074	0.0	39
1425	36	490	457126.7800040736	0.0	50
1426	36	405	430496.1426701971	0.0	42
1427	36	426	457126.78000407363	0.0	44
1428	36	383	417039.58666938246	0.0	40
1429	36	373	364202.024003259	0.0	39
1430	36	373	399521.224003259	0.0	39
1431	36	404	412695.3053363207	0.0	42
1432	36	373	408351.0240032589	0.0	39
1433	36	404	426010.62400325894	0.0	42
1434	36	373	426151.8613371354	0.0	39
1435	36	404	434981.6613371354	0.0	42
1436	36	404	430213.66800244414	0.0	42
1437	36	373	426151.8613371354	0.0	39
1438	36	373	346401.18666938256	0.0	39
1439	36	373	386205.90533632075	0.0	39
1440	36	373	381861.624003259	0.0	39
1441	36	373	350886.7053363208	0.0	39
1442	36	373	426151.8613371354	0.0	39
1443	36	415	395035.7053363207	0.0	43
1444	36	373	350886.7053363208	0.0	39
1445	36	373	337571.38666938257	0.0	39
1446	36	373	319911.7866693826	0.0	39
1447	36	373	319911.7866693826	0.0	39
1448	36	373	319911.7866693826	0.0	39
1449	36	373	350886.7053363208	0.0	39
1450	36	373	350886.7053363208	0.0	39
1451	36	373	350886.7053363208	0.0	39
1452	36	373	319911.7866693826	0.0	39
1453	36	373	350886.7053363208	0.0	39
1454	36	341	302110.9493355061	0.0	36
1455	36	383	341915.6680024443	0.0	40
1456	36	373	319911.7866693826	0.0	39
1457	36	373	319911.7866693826	0.0	39
1458	36	404	359716.5053363208	0.0	42
1459	36	415	448155.74267019716	0.0	43
1460	36	415	421525.1053363207	0.0	43
1461	36	383	310940.7493355061	0.0	40
1462	36	383	341915.6680024443	0.0	40
1463	36	425	399379.9866693825	0.0	44
1464	36	414	412836.5426701972	0.0	43
1465	36	425	399379.9866693825	0.0	44
1466	36	414	390550.1866693825	0.0	43
1467	36	425	412695.3053363207	0.0	44
1468	36	218	235816.83066856794	0.0	24
1469	36	414	412554.0680024442	0.0	43
1470	36	383	403865.5053363207	0.0	40
1471	36	383	434840.42400325893	0.0	40
1472	36	394	359434.03066856775	0.0	41
1473	36	414	443670.2240032589	0.0	43
1474	36	425	368405.0680024442	0.0	44
1475	36	362	390550.18666938244	0.0	38
1476	36	351	364202.02400325896	0.0	37
1477	36	425	399379.9866693825	0.0	44
1478	36	373	364060.78666938253	0.0	39
1479	36	425	399379.9866693825	0.0	44
1480	36	404	382002.8613371355	0.0	42
1481	36	414	390691.424003259	0.0	43
1482	36	414	412695.3053363207	0.0	43
1483	36	425	377376.10533632076	0.0	44
1484	36	414	395035.70533632074	0.0	43
1485	36	436	439325.9426701971	0.0	45
1486	36	414	399379.9866693825	0.0	43
1487	36	404	421525.1053363207	0.0	42
1488	36	384	355089.74933550606	0.0	40
1489	36	415	395035.70533632074	0.0	43
1490	36	414	421666.3426701972	0.0	43
1491	36	414	421666.3426701972	0.0	43
1492	36	414	412695.3053363207	0.0	43
1493	36	414	461753.53600488836	0.0	43
1494	36	414	408492.2613371354	0.0	43
1495	36	425	377376.10533632076	0.0	44
1496	36	414	404006.7426701972	0.0	43
1497	36	425	412836.5426701972	0.0	44
1498	36	414	399662.46133713546	0.0	43
1499	36	425	408351.0240032589	0.0	44
1500	36	436	412977.7800040737	0.0	45
1501	36	311	453347.44800651784	0.0	33
1502	36	414	430496.1426701972	0.0	43
1503	36	414	373031.824003259	0.0	43
1504	36	446	457268.0173379501	0.0	46
1505	36	414	381861.62400325894	0.0	43
1506	36	436	395035.70533632074	0.0	45
1507	36	446	373031.824003259	0.0	46
1508	36	414	381861.624003259	0.0	43
1509	36	414	421666.3426701972	0.0	43
1510	36	414	434840.42400325893	0.0	43
1511	36	415	399097.5120016295	0.0	43
1512	36	311	412695.3053363207	0.0	33
1513	36	414	421383.8680024442	0.0	43
1514	36	414	412836.5426701972	0.0	43
1515	36	415	373031.82400325895	0.0	43
1516	36	415	408351.02400325896	0.0	43
1517	36	414	412695.3053363207	0.0	43
1518	36	404	417322.06133713544	0.0	42
1519	36	425	381720.3866693825	0.0	44
1520	36	425	350745.46800244425	0.0	44
1521	36	435	461612.2986710119	0.0	45
1522	36	436	434981.6613371354	0.0	45
1523	36	457	461612.2986710119	0.0	47
1524	36	425	390691.42400325893	0.0	44
1525	36	436	443952.6986710119	0.0	45
1526	36	425	408351.02400325896	0.0	44
1527	36	425	364060.78666938253	0.0	44
1528	36	425	408351.02400325896	0.0	44
1529	36	436	417322.06133713544	0.0	45
1530	36	436	434840.42400325893	0.0	45
1531	36	435	395176.9426701972	0.0	45
1532	36	435	386205.9053363207	0.0	45
1533	36	435	390691.42400325893	0.0	45
1534	36	445	417322.06133713544	0.0	46
1535	36	435	372890.5866693825	0.0	45
1536	36	435	373031.824003259	0.0	45
1537	36	446	426293.09867101186	0.0	46
1538	36	446	443952.6986710119	0.0	46
1539	36	435	412695.30533632066	0.0	45
1540	36	446	404006.7426701972	0.0	46
1541	36	424	430637.3800040736	0.0	44
1542	36	446	434981.66133713536	0.0	46
1543	36	446	457268.01733795006	0.0	46
1544	36	435	386347.14267019724	0.0	45
1545	36	424	408351.0240032589	0.0	44
1546	36	456	399379.9866693825	0.0	47
1547	36	382	310940.7493355061	0.0	40
1548	36	435	368546.3053363208	0.0	45
1549	36	446	408209.7866693824	0.0	46
1550	36	424	390691.424003259	0.0	44
1551	36	424	439467.18000407366	0.0	44
1552	36	404	421666.3426701972	0.0	42
1553	36	424	399521.2240032589	0.0	44
1554	36	435	412695.30533632066	0.0	45
1555	36	435	408351.02400325896	0.0	45
1556	36	424	430496.1426701972	0.0	44
1557	36	435	408492.26133713545	0.0	45
1558	36	435	430354.90533632063	0.0	45
1559	36	446	434981.6613371354	0.0	46
1560	36	424	426010.62400325894	0.0	44
1561	36	435	412695.3053363207	0.0	45
1562	36	435	466097.8173379501	0.0	45
1563	36	424	421666.3426701972	0.0	44
1564	36	424	399379.98666938243	0.0	44
1565	36	435	421666.3426701972	0.0	45
1566	36	446	448438.21733795013	0.0	46
1567	36	435	421525.10533632064	0.0	45
1568	36	456	390550.1866693825	0.0	47
1569	36	456	408209.7866693825	0.0	47
1570	36	467	377234.8680024443	0.0	48
1571	36	424	403865.50533632067	0.0	44
1572	36	446	364060.78666938253	0.0	46
1573	36	424	412695.3053363207	0.0	44
1574	36	435	395035.70533632074	0.0	45
1575	36	445	368405.0680024443	0.0	46
1576	36	435	390550.1866693825	0.0	45
1577	36	424	386205.9053363207	0.0	44
1578	36	445	390550.1866693825	0.0	46
1579	36	424	403865.50533632067	0.0	44
1580	36	467	403865.5053363207	0.0	48
1581	36	435	439325.94267019717	0.0	45
1582	36	424	403865.5053363207	0.0	44
1583	36	424	408351.02400325896	0.0	44
1584	36	424	390550.18666938244	0.0	44
1585	36	435	434840.42400325893	0.0	45
1586	36	435	430354.9053363207	0.0	45
1587	36	446	408351.02400325896	0.0	46
1588	36	446	408351.0240032589	0.0	46
1589	36	435	412695.30533632066	0.0	45
1590	36	446	395035.70533632074	0.0	46
1591	36	435	412695.30533632066	0.0	45
1592	36	424	399379.9866693825	0.0	44
1593	36	424	372890.5866693825	0.0	44
1594	36	424	381720.3866693825	0.0	44
1595	36	456	377234.8680024443	0.0	47
1596	36	424	430354.9053363207	0.0	44
1597	36	424	421666.3426701972	0.0	44
1598	36	435	421525.10533632064	0.0	45
1599	36	435	448296.98000407364	0.0	45
1600	36	383	363919.54933550605	0.0	40
1601	36	435	430354.9053363207	0.0	45
1602	36	435	368405.0680024443	0.0	45
1603	36	456	386064.66800244426	0.0	47
1604	36	446	386064.66800244426	0.0	46
1605	36	424	364060.78666938253	0.0	44
1606	36	467	403865.5053363207	0.0	48
1607	36	456	386064.66800244426	0.0	47
1608	36	456	408209.7866693825	0.0	47
1609	36	435	399379.9866693825	0.0	45
1610	36	456	417039.58666938246	0.0	47
1611	36	456	377234.8680024443	0.0	47
1612	36	456	394894.46800244425	0.0	47
1613	36	456	394894.46800244425	0.0	47
1614	36	456	386064.66800244426	0.0	47
1615	36	456	377234.8680024443	0.0	47
1616	36	467	377234.8680024443	0.0	48
1617	36	456	377234.8680024443	0.0	47
1618	36	467	403865.5053363207	0.0	48
1619	36	383	443811.4613371354	0.0	40
1620	36	456	386064.66800244426	0.0	47
1621	36	456	408209.7866693825	0.0	47
1622	36	456	386064.66800244426	0.0	47
1623	36	456	386064.66800244426	0.0	47
1624	36	445	368405.0680024442	0.0	46
1625	36	456	386064.66800244426	0.0	47
1626	36	456	377234.8680024443	0.0	47
1627	36	467	377234.8680024443	0.0	48
1628	36	456	377234.8680024443	0.0	47
1629	36	456	386064.6680024442	0.0	47
1630	36	445	386064.6680024442	0.0	46
1631	36	467	434699.18666938244	0.0	48
1632	36	435	372890.58666938246	0.0	45
1633	36	456	394894.46800244425	0.0	47
1634	36	435	377234.8680024442	0.0	45
1635	36	456	377234.8680024443	0.0	47
1636	36	467	403865.5053363207	0.0	48
1637	36	394	403583.0306685677	0.0	41
1638	36	456	377234.8680024443	0.0	47
1639	36	446	390550.18666938244	0.0	46
1640	36	456	394894.46800244425	0.0	47
1641	36	456	434699.18666938244	0.0	47
1642	36	456	377234.8680024443	0.0	47
1643	36	403	346401.18666938256	0.0	42
1644	36	393	332944.63066856784	0.0	41
1645	36	456	403865.5053363207	0.0	47
1646	36	456	377234.8680024443	0.0	47
1647	36	456	386064.66800244426	0.0	47
1648	36	383	390691.424003259	0.0	40
1649	36	456	363919.54933550605	0.0	47
1650	36	467	377234.8680024443	0.0	48
1651	36	456	386064.66800244426	0.0	47
1652	36	467	377234.8680024443	0.0	48
1653	36	456	443670.2240032589	0.0	47
1654	36	456	386064.66800244426	0.0	47
1655	36	456	377234.8680024443	0.0	47
1656	36	457	390550.18666938244	0.0	47
1657	36	467	377234.8680024443	0.0	48
1658	36	467	430354.9053363207	0.0	48
1659	36	456	377234.8680024443	0.0	47
1660	36	435	395035.70533632074	0.0	45
1661	36	435	399379.98666938243	0.0	45
1662	36	457	399238.749335506	0.0	47
1663	36	456	377234.8680024443	0.0	47
1664	36	435	359575.26800244424	0.0	45
1665	36	456	403865.5053363207	0.0	47
1666	36	456	425869.38666938245	0.0	47
1667	36	456	421525.1053363207	0.0	47
1668	36	425	443811.4613371354	0.0	44
1669	36	456	394894.46800244425	0.0	47
1670	36	456	377234.8680024443	0.0	47
1671	36	456	377234.8680024443	0.0	47
1672	36	456	377234.8680024443	0.0	47
1673	36	456	412695.3053363207	0.0	47
1674	36	456	386064.66800244426	0.0	47
1675	36	456	377234.8680024443	0.0	47
1676	36	456	377234.8680024443	0.0	47
1677	36	445	363919.54933550605	0.0	46
1678	36	456	377234.8680024443	0.0	47
1679	36	456	377234.8680024443	0.0	47
1680	36	456	377234.8680024443	0.0	47
1681	36	456	377234.8680024442	0.0	47
1682	36	456	377234.8680024443	0.0	47
1683	36	456	377234.8680024443	0.0	47
1684	36	435	355089.749335506	0.0	45
1685	36	435	399521.2240032589	0.0	45
1686	36	456	377234.8680024443	0.0	47
1687	36	456	377234.8680024443	0.0	47
1688	36	456	377234.8680024443	0.0	47
1689	36	467	399379.9866693825	0.0	48
1690	36	445	421525.1053363207	0.0	46
1691	36	467	394894.46800244425	0.0	48
1692	36	467	412554.0680024442	0.0	48
1693	36	456	377234.8680024443	0.0	47
1694	36	456	403724.26800244424	0.0	47
1695	36	456	403724.26800244424	0.0	47
1696	36	456	377234.8680024443	0.0	47
1697	36	456	377234.8680024443	0.0	47
1698	36	456	377234.8680024443	0.0	47
1699	36	456	377234.8680024443	0.0	47
1700	36	435	425869.3866693824	0.0	45
1701	36	456	377234.8680024443	0.0	47
1702	36	456	386064.66800244426	0.0	47
1703	36	456	386064.66800244426	0.0	47
1704	36	435	350745.46800244425	0.0	45
1705	36	435	421383.86800244416	0.0	45
1706	36	435	394894.46800244425	0.0	45
1707	36	435	386064.66800244426	0.0	45
1708	36	446	412695.30533632066	0.0	46
1709	36	446	417039.5866693824	0.0	46
1710	36	456	377234.8680024443	0.0	47
1711	36	456	394894.46800244425	0.0	47
1712	36	435	377234.8680024443	0.0	45
1713	36	404	372749.349335506	0.0	42
1714	36	456	377234.8680024443	0.0	47
1715	36	456	377234.8680024443	0.0	47
1716	36	456	377234.8680024443	0.0	47
1717	36	456	377234.8680024443	0.0	47
1718	36	436	434699.18666938244	0.0	45
1719	36	435	426010.6240032589	0.0	45
1720	36	456	386064.66800244426	0.0	47
1721	36	456	377234.8680024443	0.0	47
1722	36	467	412695.30533632066	0.0	48
1723	36	456	377234.8680024443	0.0	47
1724	36	435	403865.5053363207	0.0	45
1725	36	456	394894.4680024442	0.0	47
1726	36	456	386064.66800244426	0.0	47
1727	36	456	403724.2680024442	0.0	47
1728	36	456	377234.8680024443	0.0	47
1729	36	456	377234.8680024443	0.0	47
1730	36	456	386064.66800244426	0.0	47
1731	36	456	386064.66800244426	0.0	47
1732	36	456	386064.66800244426	0.0	47
1733	36	383	341774.43066856766	0.0	40
1734	36	445	412554.0680024442	0.0	46
1735	36	456	386064.66800244426	0.0	47
1736	36	467	412695.3053363207	0.0	48
1737	36	456	412695.3053363207	0.0	47
1738	36	456	448155.74267019716	0.0	47
1739	36	456	386064.66800244426	0.0	47
1740	36	456	377234.8680024443	0.0	47
1741	36	456	377234.8680024443	0.0	47
1742	36	435	439184.7053363206	0.0	45
1743	36	446	381579.149335506	0.0	46
1744	36	456	377234.8680024443	0.0	47
1745	36	394	355089.74933550606	0.0	41
1746	36	467	417039.58666938246	0.0	48
1747	36	456	377234.8680024443	0.0	47
1748	36	413	364060.78666938253	0.0	43
