EpNum	EpSteps	Reward	ener	dist	NumCovTargets
1	14	58	30630.930511513136	0.0	7
2	14	79	41276.791534539385	0.0	9
3	14	27	55452.45255756563	0.0	4
4	14	49	37746.99153453938	0.0	6
5	14	48	66098.31358059189	0.0	6
6	14	48	50185.983069078764	0.0	6
7	14	49	18248.400000000005	0.0	6
8	14	38	51922.652557565634	0.0	5
9	14	38	41276.791534539385	0.0	5
10	14	27	32424.06102302626	0.0	4
11	14	69	44806.59153453939	0.0	8
12	14	90	35953.86102302626	0.0	10
13	14	27	21778.200000000004	0.0	4
14	13	90	31624.86102302626	0.0	10
15	14	49	32424.06102302626	0.0	6
16	14	59	39483.66102302625	0.0	7
17	14	18	43069.92204605251	0.0	3
18	14	49	37690.53051151313	0.0	6
19	14	27	27101.130511513133	0.0	4
20	14	49	43013.46102302625	0.0	6
21	14	38	44863.052557565636	0.0	5
22	14	27	30630.930511513136	0.0	4
23	14	48	43013.461023026255	0.0	6
24	14	48	35953.86102302625	0.0	6
25	14	78	46543.26102302625	0.0	9
26	13	90	29831.73051151313	0.0	10
27	14	38	44806.59153453939	0.0	5
28	14	27	41276.791534539385	0.0	4
29	14	69	41276.791534539385	0.0	8
30	14	38	46599.722046052506	0.0	5
31	14	48	39427.2	0.0	6
32	14	59	30630.930511513132	0.0	7
33	14	59	23571.330511513133	0.0	7
34	14	18	50073.061023026254	0.0	3
35	14	78	43013.46102302624	0.0	9
36	9	95	21312.0	0.0	10
37	14	48	46543.26102302625	0.0	6
38	11	92	28233.330511513133	0.0	10
39	14	38	30630.930511513132	0.0	5
40	14	38	53602.86102302625	0.0	5
41	14	48	48336.39153453938	0.0	6
42	14	90	39427.2	0.0	10
43	14	49	28894.26102302626	0.0	6
44	14	59	46599.72204605251	0.0	7
45	14	38	39483.66102302625	0.0	5
46	14	18	46599.722046052506	0.0	3
47	14	38	39483.66102302625	0.0	5
48	14	38	25308.000000000004	0.0	5
49	14	69	32367.600000000006	0.0	8
50	14	49	43013.461023026255	0.0	6
51	14	89	53659.322046052504	0.0	10
52	14	49	35953.86102302625	0.0	6
53	14	27	25308.000000000004	0.0	4
54	14	79	37690.53051151312	0.0	9
55	14	69	39427.2	0.0	8
56	14	49	37690.530511513134	0.0	6
57	14	38	48279.93051151312	0.0	5
58	14	49	48336.391534539376	0.0	6
59	14	38	39483.66102302626	0.0	5
60	14	48	37690.53051151313	0.0	6
61	12	92	36092.13051151313	0.0	10
62	14	27	39483.66102302626	0.0	4
63	11	92	24703.53051151313	0.0	10
64	14	49	34160.73051151313	0.0	6
65	14	48	32424.06102302626	0.0	6
66	11	93	37086.061023026254	0.0	10
67	14	48	18248.40000000001	0.0	6
68	14	48	43013.46102302625	0.0	6
69	14	48	35897.40000000001	0.0	6
70	14	48	39483.66102302626	0.0	6
71	14	90	50073.061023026254	0.0	10
72	14	49	30630.930511513132	0.0	6
73	11	93	37086.06102302626	0.0	10
74	14	48	44750.130511513125	0.0	6
75	14	58	46599.7220460525	0.0	7
76	14	90	30630.930511513136	0.0	10
77	14	49	43069.92204605252	0.0	6
78	8	96	15246.33051151313	0.0	10
79	14	49	30630.930511513132	0.0	6
80	14	28	41220.33051151312	0.0	4
81	14	59	35953.86102302626	0.0	7
82	14	48	53659.322046052504	0.0	6
83	11	93	40615.86102302626	0.0	10
84	12	91	52060.92204605251	0.0	10
85	11	92	40672.322046052504	0.0	10
86	11	93	31763.130511513133	0.0	10
87	14	48	43013.46102302625	0.0	6
88	14	49	37690.53051151313	0.0	6
89	14	48	51922.652557565634	0.0	6
90	14	28	53659.322046052504	0.0	4
91	14	38	44806.59153453938	0.0	5
92	14	78	51922.65255756564	0.0	9
93	14	28	18248.400000000005	0.0	4
94	7	96	33945.72204605251	0.0	10
95	14	49	48336.391534539376	0.0	6
96	8	96	24099.061023026257	0.0	10
97	14	37	21834.661023026263	0.0	5
98	7	96	19713.600000000002	0.0	10
99	14	69	41276.791534539385	0.0	8
100	14	48	25308.000000000007	0.0	6
101	10	94	39816.66102302626	0.0	10
102	14	48	44863.05255756564	0.0	6
103	14	27	46543.26102302626	0.0	4
104	14	18	35953.861023026264	0.0	3
105	14	49	34160.73051151313	0.0	6
106	14	69	20041.53051151313	0.0	8
107	14	69	48336.391534539376	0.0	8
108	14	48	39483.66102302626	0.0	6
109	14	48	44806.59153453939	0.0	6
110	12	92	48474.66102302626	0.0	10
111	14	49	23571.330511513133	0.0	6
112	14	49	50073.06102302625	0.0	6
113	14	48	43013.46102302625	0.0	6
114	14	48	37690.530511513134	0.0	6
115	8	95	31158.66102302626	0.0	10
116	14	89	55508.913580591885	0.0	10
117	14	49	48336.391534539376	0.0	6
118	14	48	43013.461023026255	0.0	6
119	14	48	25308.000000000007	0.0	6
120	14	48	37690.530511513134	0.0	6
121	14	79	30630.930511513132	0.0	9
122	7	96	32096.13051151313	0.0	10
123	12	91	43151.73051151313	0.0	10
124	14	48	18248.40000000001	0.0	6
125	14	49	57189.12204605251	0.0	6
126	9	95	30164.730511513128	0.0	10
127	14	48	44750.130511513125	0.0	6
128	14	38	43069.92204605251	0.0	5
129	8	96	24099.061023026257	0.0	10
130	14	49	34160.73051151313	0.0	6
131	14	48	58925.79153453938	0.0	6
132	14	49	34160.73051151313	0.0	6
133	14	89	32367.600000000006	0.0	10
134	14	48	53602.86102302626	0.0	6
135	14	48	43069.92204605252	0.0	6
136	14	49	39483.66102302626	0.0	6
137	14	49	62512.052557565636	0.0	6
138	14	49	32424.061023026265	0.0	6
139	14	48	51866.19153453938	0.0	6
140	14	48	55452.45255756563	0.0	6
141	14	48	25308.000000000007	0.0	6
142	7	96	28622.79153453939	0.0	10
143	14	48	44806.59153453938	0.0	6
144	14	48	39483.66102302625	0.0	6
145	14	49	43013.461023026255	0.0	6
146	14	48	37690.530511513134	0.0	6
147	14	48	32367.600000000002	0.0	6
148	14	79	30687.39153453939	0.0	9
149	14	48	44750.130511513125	0.0	6
150	14	48	41220.330511513115	0.0	6
151	14	49	37746.991534539375	0.0	6
152	14	48	18248.40000000001	0.0	6
153	14	48	30630.930511513136	0.0	6
154	14	48	44750.130511513125	0.0	6
155	14	48	55395.99153453938	0.0	6
156	9	95	28428.06102302626	0.0	10
157	14	48	27101.130511513136	0.0	6
158	14	48	35953.861023026264	0.0	6
159	7	96	21506.730511513128	0.0	10
160	9	94	24841.800000000003	0.0	10
161	14	49	43013.46102302625	0.0	6
162	14	48	44750.130511513125	0.0	6
163	11	92	37029.600000000006	0.0	10
164	14	49	41276.79153453938	0.0	6
165	14	48	32367.600000000006	0.0	6
166	14	48	35953.86102302626	0.0	6
167	14	49	39540.122046052515	0.0	6
168	6	97	22444.2	0.0	10
169	11	92	38879.19153453938	0.0	10
170	14	79	30630.930511513132	0.0	9
171	8	95	25835.73051151313	0.0	10
172	14	48	43069.92204605252	0.0	6
173	14	78	37746.991534539375	0.0	9
174	8	95	29365.53051151313	0.0	10
175	10	93	29170.800000000003	0.0	10
176	14	48	34160.730511513124	0.0	6
177	14	49	53659.32204605251	0.0	6
178	14	48	21778.200000000004	0.0	6
179	9	94	23105.130511513133	0.0	10
180	14	48	51922.65255756563	0.0	6
181	10	93	32757.06102302626	0.0	10
182	14	48	32424.061023026265	0.0	6
183	12	91	46737.99153453938	0.0	10
184	14	49	39483.66102302625	0.0	6
185	14	48	32367.600000000006	0.0	6
186	14	49	41276.79153453937	0.0	6
187	14	78	51922.652557565634	0.0	9
188	14	89	35953.86102302626	0.0	10
189	14	49	50129.5220460525	0.0	6
190	14	48	44750.130511513125	0.0	6
191	14	28	46543.26102302625	0.0	4
192	14	48	18248.400000000005	0.0	6
193	14	49	39483.66102302625	0.0	6
194	9	94	24898.26102302626	0.0	10
195	6	97	22500.661023026256	0.0	10
196	14	69	28894.26102302626	0.0	8
197	7	96	25036.53051151313	0.0	10
198	11	92	42408.991534539375	0.0	10
199	14	48	27101.130511513136	0.0	6
200	14	48	41276.79153453938	0.0	6
201	14	49	35953.86102302625	0.0	6
202	14	37	21834.661023026263	0.0	5
203	14	48	46543.26102302625	0.0	6
204	9	94	28428.06102302626	0.0	10
205	14	28	53659.322046052504	0.0	4
206	14	50	41276.79153453937	0.0	6
207	14	48	30630.930511513136	0.0	6
208	14	48	43013.461023026255	0.0	6
209	14	48	43013.46102302625	0.0	6
210	8	95	29365.53051151313	0.0	10
211	14	48	27101.130511513136	0.0	6
212	14	48	34160.73051151313	0.0	6
213	14	48	55452.45255756564	0.0	6
214	14	48	48392.85255756564	0.0	6
215	12	91	32562.33051151313	0.0	10
216	9	94	26634.930511513132	0.0	10
217	14	48	18248.40000000001	0.0	6
218	14	49	43013.46102302625	0.0	6
219	8	95	25835.73051151313	0.0	10
220	10	93	22111.200000000004	0.0	10
221	8	95	25835.73051151313	0.0	10
222	6	97	27823.591534539388	0.0	10
223	12	91	41415.06102302626	0.0	10
224	10	94	41666.25255756564	0.0	10
225	14	48	51922.65255756563	0.0	6
226	4	99	20902.261023026258	0.0	10
227	7	96	21506.73051151313	0.0	10
228	5	98	21701.46102302626	0.0	10
229	5	98	18115.2	0.0	10
230	14	48	37690.530511513134	0.0	6
231	14	90	37690.530511513134	0.0	10
232	14	48	46486.8	0.0	6
233	9	94	30164.730511513128	0.0	10
234	11	92	37029.6	0.0	10
235	14	48	39483.66102302626	0.0	6
236	14	48	34160.73051151313	0.0	6
237	14	48	34160.73051151313	0.0	6
238	14	48	35953.86102302626	0.0	6
239	9	94	30221.19153453939	0.0	10
240	6	97	22500.66102302626	0.0	10
241	8	95	31158.66102302626	0.0	10
242	14	48	30630.930511513136	0.0	6
243	14	38	43013.461023026255	0.0	5
244	10	93	29170.800000000003	0.0	10
245	8	95	31158.66102302626	0.0	10
246	14	48	43013.46102302624	0.0	6
247	14	48	30630.930511513136	0.0	6
248	9	94	26634.930511513132	0.0	10
249	12	91	46681.53051151313	0.0	10
250	11	92	29970.000000000004	0.0	10
251	9	94	28371.600000000002	0.0	10
252	14	-3	25364.461023026262	0.0	1
253	8	95	22305.930511513132	0.0	10
254	14	48	25308.000000000007	0.0	6
255	14	48	32367.600000000006	0.0	6
256	14	49	25308.000000000004	0.0	6
257	14	48	37690.53051151311	0.0	6
258	10	94	27434.13051151313	0.0	10
259	10	93	29170.800000000003	0.0	10
260	14	49	42957.0	0.0	6
261	7	96	25036.53051151313	0.0	10
262	12	91	37828.8	0.0	10
263	14	48	37690.530511513134	0.0	6
264	6	97	22500.661023026256	0.0	10
265	5	98	21701.46102302626	0.0	10
266	7	96	23299.86102302626	0.0	10
267	6	97	22500.66102302626	0.0	10
268	7	96	23243.4	0.0	10
269	6	97	22500.66102302626	0.0	10
270	14	48	32367.600000000006	0.0	6
271	5	98	21701.46102302626	0.0	10
272	5	98	21701.46102302626	0.0	10
273	8	96	24099.06102302626	0.0	10
274	6	97	22500.66102302626	0.0	10
275	14	48	35953.86102302626	0.0	6
276	10	93	25697.461023026262	0.0	10
277	6	97	27823.591534539388	0.0	10
278	11	92	37142.5220460525	0.0	10
279	14	49	39483.66102302625	0.0	6
280	14	49	43013.46102302626	0.0	6
281	14	49	41276.79153453937	0.0	6
282	14	48	27101.130511513136	0.0	6
283	14	48	28837.800000000007	0.0	6
284	6	97	22500.66102302626	0.0	10
285	5	98	21701.46102302626	0.0	10
286	14	49	32367.600000000006	0.0	6
287	14	49	25308.000000000007	0.0	6
288	11	92	35349.391534539376	0.0	10
289	5	98	21701.46102302626	0.0	10
290	13	90	28095.061023026265	0.0	10
291	5	98	21701.46102302626	0.0	10
292	7	96	23299.86102302626	0.0	10
293	14	69	34217.19153453939	0.0	8
294	5	98	21701.46102302626	0.0	10
295	8	95	24099.06102302626	0.0	10
296	11	93	35349.39153453938	0.0	10
297	14	49	28837.800000000003	0.0	6
298	14	48	25308.000000000007	0.0	6
299	14	48	35953.86102302625	0.0	6
300	11	93	26496.66102302626	0.0	10
301	14	49	27101.130511513136	0.0	6
302	5	98	19908.33051151313	0.0	10
303	5	98	21701.46102302626	0.0	10
304	11	92	30026.461023026262	0.0	10
305	5	98	21701.46102302626	0.0	10
306	6	97	22500.66102302626	0.0	10
307	8	95	24099.06102302626	0.0	10
308	12	91	39678.391534539376	0.0	10
309	5	98	21701.46102302626	0.0	10
310	4	99	20902.261023026258	0.0	10
311	6	97	33146.522046052516	0.0	10
312	4	99	20902.261023026258	0.0	10
313	5	98	21701.46102302626	0.0	10
314	7	96	30359.46102302626	0.0	10
315	5	98	21701.46102302626	0.0	10
316	7	97	30359.46102302626	0.0	10
317	4	99	20902.261023026258	0.0	10
318	4	99	20902.261023026258	0.0	10
319	14	48	28894.261023026265	0.0	6
320	4	99	20902.261023026258	0.0	10
321	4	99	20902.261023026258	0.0	10
322	4	99	20902.261023026258	0.0	10
323	7	96	23299.86102302626	0.0	10
324	14	48	46599.7220460525	0.0	6
325	4	99	20902.261023026258	0.0	10
326	14	48	35953.86102302626	0.0	6
327	7	96	25036.53051151313	0.0	10
328	14	48	30630.930511513136	0.0	6
329	5	98	21701.46102302626	0.0	10
330	4	99	20902.261023026258	0.0	10
331	12	91	41415.06102302626	0.0	10
332	11	92	28233.330511513133	0.0	10
333	7	96	25036.53051151313	0.0	10
334	14	48	32424.061023026265	0.0	6
335	14	48	35953.86102302625	0.0	6
336	7	96	23299.86102302626	0.0	10
337	4	99	20902.261023026258	0.0	10
338	4	99	20902.261023026258	0.0	10
339	4	99	20902.261023026258	0.0	10
340	6	97	24237.33051151313	0.0	10
341	4	99	20902.261023026258	0.0	10
342	5	98	23438.13051151313	0.0	10
343	4	99	20902.261023026258	0.0	10
344	9	94	26634.930511513132	0.0	10
345	5	98	21701.46102302626	0.0	10
346	7	96	23299.86102302626	0.0	10
347	8	95	24099.06102302626	0.0	10
348	14	49	41276.79153453937	0.0	6
349	8	95	24099.06102302626	0.0	10
350	13	90	28095.061023026265	0.0	10
351	7	96	30359.46102302626	0.0	10
352	5	98	21701.46102302626	0.0	10
353	4	99	20902.261023026258	0.0	10
354	10	93	31020.391534539387	0.0	10
355	6	97	29560.261023026258	0.0	10
356	5	98	21701.46102302626	0.0	10
357	11	92	26496.661023026263	0.0	10
358	4	99	20902.261023026258	0.0	10
359	4	99	20902.261023026258	0.0	10
360	4	99	20902.261023026258	0.0	10
361	4	99	20902.261023026258	0.0	10
362	10	93	25697.461023026262	0.0	10
363	5	98	21701.46102302626	0.0	10
364	5	98	21701.46102302626	0.0	10
365	12	92	27295.861023026264	0.0	10
366	4	99	20902.261023026258	0.0	10
367	6	97	22500.66102302626	0.0	10
368	4	99	20902.261023026258	0.0	10
369	4	99	20902.261023026258	0.0	10
370	4	99	20902.261023026258	0.0	10
371	14	49	34160.73051151313	0.0	6
372	7	96	23299.86102302626	0.0	10
373	5	98	21701.46102302626	0.0	10
374	6	97	29560.261023026258	0.0	10
375	4	99	20902.261023026258	0.0	10
376	4	99	20902.261023026258	0.0	10
377	4	99	20902.261023026258	0.0	10
378	4	99	20902.261023026258	0.0	10
379	5	98	21701.46102302626	0.0	10
380	4	99	20902.261023026258	0.0	10
381	4	99	20902.261023026258	0.0	10
382	4	99	20902.261023026258	0.0	10
383	4	99	20902.261023026258	0.0	10
384	4	99	20902.261023026258	0.0	10
385	7	96	23299.86102302626	0.0	10
386	4	99	20902.261023026258	0.0	10
387	5	98	21701.46102302626	0.0	10
388	4	99	20902.261023026258	0.0	10
389	14	28	34160.73051151313	0.0	4
390	6	97	22500.66102302626	0.0	10
391	4	99	20902.261023026258	0.0	10
392	4	99	20902.261023026258	0.0	10
393	5	98	21701.46102302626	0.0	10
394	5	98	21701.46102302626	0.0	10
395	4	99	20902.261023026258	0.0	10
396	5	98	21701.46102302626	0.0	10
397	4	99	20902.261023026258	0.0	10
398	13	90	28095.061023026265	0.0	10
399	8	95	24099.06102302626	0.0	10
400	6	97	22500.66102302626	0.0	10
401	4	99	20902.261023026258	0.0	10
402	4	99	20902.261023026258	0.0	10
403	5	98	21701.46102302626	0.0	10
404	4	99	20902.261023026258	0.0	10
405	4	99	20902.261023026258	0.0	10
406	4	99	20902.261023026258	0.0	10
407	4	99	20902.261023026258	0.0	10
408	4	99	20902.261023026258	0.0	10
409	4	99	20902.261023026258	0.0	10
410	4	99	20902.261023026258	0.0	10
411	4	99	20902.261023026258	0.0	10
412	4	99	20902.261023026258	0.0	10
413	5	98	21701.46102302626	0.0	10
414	4	99	20902.261023026258	0.0	10
415	4	99	20902.261023026258	0.0	10
416	4	99	20902.261023026258	0.0	10
417	4	99	20902.261023026258	0.0	10
418	5	98	21701.46102302626	0.0	10
419	5	98	21701.46102302626	0.0	10
420	8	95	24099.06102302626	0.0	10
421	4	99	20902.261023026258	0.0	10
422	4	99	20902.261023026258	0.0	10
423	4	99	20902.261023026258	0.0	10
424	4	99	20902.261023026258	0.0	10
425	4	99	20902.261023026258	0.0	10
426	4	99	20902.261023026258	0.0	10
427	4	99	20902.261023026258	0.0	10
428	4	99	20902.261023026258	0.0	10
429	4	99	20902.261023026258	0.0	10
430	4	99	20902.261023026258	0.0	10
431	4	99	20902.261023026258	0.0	10
432	4	99	20902.261023026258	0.0	10
433	9	94	24898.26102302626	0.0	10
434	10	93	25697.461023026262	0.0	10
435	8	96	34744.92204605252	0.0	10
436	5	98	21701.46102302626	0.0	10
437	10	93	25697.461023026262	0.0	10
438	7	96	23299.86102302626	0.0	10
439	4	99	20902.261023026258	0.0	10
440	4	99	20902.261023026258	0.0	10
441	4	99	20902.261023026258	0.0	10
442	4	99	20902.261023026258	0.0	10
443	4	99	20902.261023026258	0.0	10
444	4	99	20902.261023026258	0.0	10
445	4	99	20902.261023026258	0.0	10
446	5	98	21701.46102302626	0.0	10
447	4	99	20902.261023026258	0.0	10
448	4	99	20902.261023026258	0.0	10
449	4	99	20902.261023026258	0.0	10
450	4	99	20902.261023026258	0.0	10
451	9	94	24898.26102302626	0.0	10
452	7	96	26829.66102302626	0.0	10
453	4	99	20902.261023026258	0.0	10
454	10	93	25697.461023026262	0.0	10
455	4	99	20902.261023026258	0.0	10
456	4	99	20902.261023026258	0.0	10
457	8	95	24099.06102302626	0.0	10
458	4	99	20902.261023026258	0.0	10
459	4	99	20902.261023026258	0.0	10
460	4	99	20902.261023026258	0.0	10
461	4	99	20902.261023026258	0.0	10
462	7	96	23299.86102302626	0.0	10
463	6	97	22500.66102302626	0.0	10
464	4	99	20902.261023026258	0.0	10
465	4	99	20902.261023026258	0.0	10
466	4	99	20902.261023026258	0.0	10
467	4	99	20902.261023026258	0.0	10
468	5	98	21701.46102302626	0.0	10
469	4	99	20902.261023026258	0.0	10
470	4	99	20902.261023026258	0.0	10
471	8	95	24099.06102302626	0.0	10
472	4	99	20902.261023026258	0.0	10
473	4	99	20902.261023026258	0.0	10
474	4	99	20902.261023026258	0.0	10
475	4	99	20902.261023026258	0.0	10
476	4	99	20902.261023026258	0.0	10
477	4	99	20902.261023026258	0.0	10
478	4	99	20902.261023026258	0.0	10
479	4	99	20902.261023026258	0.0	10
480	7	96	23299.86102302626	0.0	10
481	4	99	20902.261023026258	0.0	10
482	4	99	20902.261023026258	0.0	10
483	4	99	20902.261023026258	0.0	10
484	4	99	20902.261023026258	0.0	10
485	6	97	24237.33051151313	0.0	10
486	4	99	20902.261023026258	0.0	10
487	4	99	20902.261023026258	0.0	10
488	4	99	20902.261023026258	0.0	10
489	4	99	20902.261023026258	0.0	10
490	4	99	20902.261023026258	0.0	10
491	14	49	35953.86102302626	0.0	6
492	4	99	20902.261023026258	0.0	10
493	6	97	22500.66102302626	0.0	10
494	4	99	20902.261023026258	0.0	10
495	4	99	20902.261023026258	0.0	10
496	4	99	20902.261023026258	0.0	10
497	4	99	20902.261023026258	0.0	10
498	4	99	20902.261023026258	0.0	10
499	4	99	20902.261023026258	0.0	10
500	4	99	20902.261023026258	0.0	10
501	9	94	24898.26102302626	0.0	10
502	4	99	20902.261023026258	0.0	10
503	4	99	20902.261023026258	0.0	10
504	4	99	20902.261023026258	0.0	10
505	4	99	20902.261023026258	0.0	10
506	4	99	20902.261023026258	0.0	10
507	5	98	21701.46102302626	0.0	10
508	10	93	25697.461023026262	0.0	10
509	4	99	20902.261023026258	0.0	10
510	6	97	22500.66102302626	0.0	10
511	4	99	20902.261023026258	0.0	10
512	4	99	20902.261023026258	0.0	10
513	4	99	20902.261023026258	0.0	10
514	4	99	20902.261023026258	0.0	10
515	4	99	20902.261023026258	0.0	10
516	4	99	20902.261023026258	0.0	10
517	4	99	20902.261023026258	0.0	10
518	4	99	20902.261023026258	0.0	10
519	4	99	20902.261023026258	0.0	10
520	4	99	20902.261023026258	0.0	10
521	5	98	21701.46102302626	0.0	10
522	5	98	21701.46102302626	0.0	10
523	4	99	20902.261023026258	0.0	10
524	4	99	20902.261023026258	0.0	10
525	4	99	20902.261023026258	0.0	10
526	4	99	20902.261023026258	0.0	10
527	10	93	25697.461023026262	0.0	10
528	4	99	20902.261023026258	0.0	10
529	4	99	20902.261023026258	0.0	10
530	4	99	20902.261023026258	0.0	10
531	4	99	20902.261023026258	0.0	10
532	11	92	33556.26102302626	0.0	10
533	4	99	20902.261023026258	0.0	10
534	5	98	21701.46102302626	0.0	10
535	4	99	20902.261023026258	0.0	10
536	4	99	20902.261023026258	0.0	10
537	9	94	24898.26102302626	0.0	10
538	4	99	20902.261023026258	0.0	10
539	4	99	20902.261023026258	0.0	10
540	11	93	33556.26102302626	0.0	10
541	5	98	21701.46102302626	0.0	10
542	4	99	20902.261023026258	0.0	10
543	4	99	20902.261023026258	0.0	10
544	4	99	20902.261023026258	0.0	10
545	4	99	20902.261023026258	0.0	10
546	4	99	20902.261023026258	0.0	10
547	4	99	20902.261023026258	0.0	10
548	6	97	22500.66102302626	0.0	10
549	4	99	20902.261023026258	0.0	10
550	4	99	20902.261023026258	0.0	10
551	6	97	22500.66102302626	0.0	10
552	5	98	21701.46102302626	0.0	10
553	4	99	20902.261023026258	0.0	10
554	4	99	20902.261023026258	0.0	10
555	7	96	23299.86102302626	0.0	10
556	4	99	20902.261023026258	0.0	10
557	4	99	20902.261023026258	0.0	10
558	4	99	20902.261023026258	0.0	10
559	4	99	20902.261023026258	0.0	10
560	7	96	23299.86102302626	0.0	10
561	4	99	20902.261023026258	0.0	10
562	4	99	20902.261023026258	0.0	10
563	4	99	20902.261023026258	0.0	10
564	7	96	23299.86102302626	0.0	10
565	4	99	20902.261023026258	0.0	10
566	6	97	22500.66102302626	0.0	10
567	4	99	20902.261023026258	0.0	10
568	4	99	20902.261023026258	0.0	10
569	4	99	20902.261023026258	0.0	10
570	4	99	20902.261023026258	0.0	10
571	4	99	20902.261023026258	0.0	10
572	4	99	20902.261023026258	0.0	10
573	4	99	20902.261023026258	0.0	10
574	4	99	20902.261023026258	0.0	10
575	5	98	21701.46102302626	0.0	10
576	4	99	20902.261023026258	0.0	10
577	4	99	20902.261023026258	0.0	10
578	6	97	22500.66102302626	0.0	10
579	9	94	24898.26102302626	0.0	10
580	4	99	20902.261023026258	0.0	10
581	10	93	25697.461023026262	0.0	10
582	4	99	20902.261023026258	0.0	10
583	5	98	21701.46102302626	0.0	10
584	5	98	21701.46102302626	0.0	10
585	6	97	22500.66102302626	0.0	10
586	11	92	26496.661023026263	0.0	10
587	4	99	20902.261023026258	0.0	10
588	4	99	20902.261023026258	0.0	10
589	4	99	20902.261023026258	0.0	10
590	11	92	26496.661023026263	0.0	10
591	5	98	21701.46102302626	0.0	10
592	4	99	20902.261023026258	0.0	10
593	4	99	20902.261023026258	0.0	10
594	4	99	20902.261023026258	0.0	10
595	4	99	20902.261023026258	0.0	10
596	4	99	20902.261023026258	0.0	10
597	4	99	20902.261023026258	0.0	10
598	4	99	20902.261023026258	0.0	10
599	4	99	20902.261023026258	0.0	10
600	6	97	22500.66102302626	0.0	10
601	5	98	21701.46102302626	0.0	10
602	4	99	20902.261023026258	0.0	10
603	5	98	21701.46102302626	0.0	10
604	7	96	23299.86102302626	0.0	10
605	4	99	20902.261023026258	0.0	10
606	4	99	20902.261023026258	0.0	10
607	4	99	20902.261023026258	0.0	10
608	4	99	20902.261023026258	0.0	10
609	5	98	25231.261023026258	0.0	10
610	6	97	22500.66102302626	0.0	10
611	4	99	20902.261023026258	0.0	10
612	4	99	20902.261023026258	0.0	10
613	5	98	21701.46102302626	0.0	10
614	9	95	35544.12204605251	0.0	10
615	4	99	20902.261023026258	0.0	10
616	4	99	20902.261023026258	0.0	10
617	4	99	20902.261023026258	0.0	10
618	4	99	20902.261023026258	0.0	10
619	4	99	20902.261023026258	0.0	10
620	4	99	20902.261023026258	0.0	10
621	5	98	21701.46102302626	0.0	10
622	4	99	20902.261023026258	0.0	10
623	12	91	27295.861023026264	0.0	10
624	4	99	20902.261023026258	0.0	10
625	6	97	22500.66102302626	0.0	10
626	14	48	28894.261023026265	0.0	6
627	7	96	23299.86102302626	0.0	10
628	4	99	20902.261023026258	0.0	10
629	5	98	21701.46102302626	0.0	10
630	4	99	20902.261023026258	0.0	10
631	4	99	20902.261023026258	0.0	10
632	4	99	20902.261023026258	0.0	10
633	4	99	20902.261023026258	0.0	10
634	5	98	21701.46102302626	0.0	10
635	4	99	20902.261023026258	0.0	10
636	4	99	20902.261023026258	0.0	10
637	4	99	20902.261023026258	0.0	10
638	5	98	21701.46102302626	0.0	10
639	4	99	20902.261023026258	0.0	10
640	4	99	20902.261023026258	0.0	10
641	4	99	20902.261023026258	0.0	10
642	5	98	21701.46102302626	0.0	10
643	4	99	20902.261023026258	0.0	10
644	6	97	22500.66102302626	0.0	10
645	6	97	22500.66102302626	0.0	10
646	4	99	20902.261023026258	0.0	10
647	9	94	24898.26102302626	0.0	10
648	4	99	20902.261023026258	0.0	10
649	11	92	26496.661023026263	0.0	10
650	4	99	20902.261023026258	0.0	10
651	4	99	20902.261023026258	0.0	10
652	4	99	20902.261023026258	0.0	10
653	5	98	21701.46102302626	0.0	10
654	4	99	20902.261023026258	0.0	10
655	4	99	20902.261023026258	0.0	10
656	5	98	21701.46102302626	0.0	10
657	14	49	51922.65255756563	0.0	6
658	4	99	20902.261023026258	0.0	10
659	4	99	20902.261023026258	0.0	10
660	4	99	20902.261023026258	0.0	10
661	4	99	20902.261023026258	0.0	10
662	4	99	20902.261023026258	0.0	10
663	8	95	24099.06102302626	0.0	10
664	7	96	23299.86102302626	0.0	10
665	4	99	20902.261023026258	0.0	10
666	4	99	20902.261023026258	0.0	10
667	4	99	20902.261023026258	0.0	10
668	5	98	21701.46102302626	0.0	10
669	4	99	20902.261023026258	0.0	10
670	4	99	20902.261023026258	0.0	10
671	4	99	20902.261023026258	0.0	10
672	9	94	24898.26102302626	0.0	10
673	4	99	20902.261023026258	0.0	10
674	4	99	20902.261023026258	0.0	10
675	4	99	20902.261023026258	0.0	10
676	4	99	20902.261023026258	0.0	10
677	8	95	24099.06102302626	0.0	10
678	4	99	20902.261023026258	0.0	10
679	4	99	20902.261023026258	0.0	10
680	4	99	20902.261023026258	0.0	10
681	4	99	20902.261023026258	0.0	10
682	8	95	24099.06102302626	0.0	10
683	4	99	20902.261023026258	0.0	10
684	6	97	22500.66102302626	0.0	10
685	4	99	20902.261023026258	0.0	10
686	5	98	21701.46102302626	0.0	10
687	10	93	25697.461023026262	0.0	10
688	5	98	21701.46102302626	0.0	10
689	4	99	20902.261023026258	0.0	10
690	5	98	21701.46102302626	0.0	10
691	4	99	20902.261023026258	0.0	10
692	4	99	20902.261023026258	0.0	10
693	4	99	20902.261023026258	0.0	10
694	4	99	20902.261023026258	0.0	10
695	4	99	20902.261023026258	0.0	10
696	4	99	20902.261023026258	0.0	10
697	6	97	22500.66102302626	0.0	10
698	4	99	20902.261023026258	0.0	10
699	4	99	20902.261023026258	0.0	10
700	6	97	22500.66102302626	0.0	10
701	4	99	20902.261023026258	0.0	10
702	4	99	20902.261023026258	0.0	10
703	4	99	20902.261023026258	0.0	10
704	4	99	20902.261023026258	0.0	10
705	5	98	21701.46102302626	0.0	10
706	5	98	21701.46102302626	0.0	10
707	4	99	20902.261023026258	0.0	10
708	4	99	20902.261023026258	0.0	10
709	13	90	33417.99153453939	0.0	10
710	4	99	20902.261023026258	0.0	10
711	4	99	20902.261023026258	0.0	10
712	6	97	22500.66102302626	0.0	10
713	4	99	20902.261023026258	0.0	10
714	4	99	20902.261023026258	0.0	10
715	5	98	21701.46102302626	0.0	10
716	4	99	20902.261023026258	0.0	10
717	4	99	20902.261023026258	0.0	10
718	6	97	22500.66102302626	0.0	10
719	4	99	20902.261023026258	0.0	10
720	4	99	20902.261023026258	0.0	10
721	4	99	20902.261023026258	0.0	10
722	4	99	20902.261023026258	0.0	10
723	13	90	28095.061023026265	0.0	10
724	4	99	20902.261023026258	0.0	10
725	5	98	21701.46102302626	0.0	10
726	4	99	20902.261023026258	0.0	10
727	4	99	20902.261023026258	0.0	10
728	7	96	23299.86102302626	0.0	10
729	4	99	20902.261023026258	0.0	10
730	8	95	34744.92204605251	0.0	10
731	4	99	20902.261023026258	0.0	10
732	8	95	24099.06102302626	0.0	10
733	6	97	22500.66102302626	0.0	10
734	8	95	22305.930511513132	0.0	10
735	4	99	20902.261023026258	0.0	10
736	4	99	20902.261023026258	0.0	10
737	4	99	20902.261023026258	0.0	10
738	8	95	24099.06102302626	0.0	10
739	4	99	20902.261023026258	0.0	10
740	4	99	20902.261023026258	0.0	10
741	4	99	20902.261023026258	0.0	10
742	10	93	25697.461023026262	0.0	10
743	4	99	20902.261023026258	0.0	10
744	4	99	20902.261023026258	0.0	10
745	7	96	23299.86102302626	0.0	10
746	10	93	32757.06102302626	0.0	10
747	4	99	20902.261023026258	0.0	10
748	8	95	24099.06102302626	0.0	10
749	4	99	20902.261023026258	0.0	10
750	4	99	20902.261023026258	0.0	10
751	4	99	20902.261023026258	0.0	10
752	4	99	20902.261023026258	0.0	10
753	4	99	20902.261023026258	0.0	10
754	4	99	20902.261023026258	0.0	10
755	4	99	20902.261023026258	0.0	10
756	4	99	20902.261023026258	0.0	10
757	9	95	26634.930511513132	0.0	10
758	5	98	21701.46102302626	0.0	10
759	4	99	20902.261023026258	0.0	10
760	7	96	23299.86102302626	0.0	10
761	10	93	31020.39153453939	0.0	10
762	8	95	24099.06102302626	0.0	10
763	4	99	20902.261023026258	0.0	10
764	4	99	20902.261023026258	0.0	10
765	4	99	20902.261023026258	0.0	10
766	5	98	21701.46102302626	0.0	10
767	6	97	22500.66102302626	0.0	10
768	4	99	20902.261023026258	0.0	10
769	5	98	21701.46102302626	0.0	10
770	6	97	29560.261023026258	0.0	10
771	4	99	20902.261023026258	0.0	10
772	4	99	20902.261023026258	0.0	10
773	4	99	20902.261023026258	0.0	10
774	9	94	24898.26102302626	0.0	10
775	4	99	20902.261023026258	0.0	10
776	4	99	20902.261023026258	0.0	10
777	4	99	20902.261023026258	0.0	10
778	5	98	21701.46102302626	0.0	10
779	4	99	20902.261023026258	0.0	10
780	4	99	20902.261023026258	0.0	10
781	8	95	24099.06102302626	0.0	10
782	5	98	19908.33051151313	0.0	10
783	4	99	20902.261023026258	0.0	10
784	5	98	21701.46102302626	0.0	10
785	8	95	24099.06102302626	0.0	10
786	4	99	20902.261023026258	0.0	10
787	4	99	20902.261023026258	0.0	10
788	4	99	20902.261023026258	0.0	10
789	4	99	20902.261023026258	0.0	10
790	4	99	20902.261023026258	0.0	10
791	4	99	20902.261023026258	0.0	10
792	4	99	20902.261023026258	0.0	10
793	4	99	20902.261023026258	0.0	10
794	4	99	20902.261023026258	0.0	10
795	4	99	20902.261023026258	0.0	10
796	6	97	22500.66102302626	0.0	10
797	4	99	20902.261023026258	0.0	10
798	4	99	20902.261023026258	0.0	10
799	9	94	24898.26102302626	0.0	10
800	4	99	20902.261023026258	0.0	10
801	4	99	20902.261023026258	0.0	10
802	4	99	20902.261023026258	0.0	10
803	5	98	21701.46102302626	0.0	10
804	4	99	20902.261023026258	0.0	10
805	6	97	22500.66102302626	0.0	10
806	4	99	20902.261023026258	0.0	10
807	8	95	24099.06102302626	0.0	10
808	4	99	20902.261023026258	0.0	10
809	4	99	20902.261023026258	0.0	10
810	4	99	20902.261023026258	0.0	10
811	5	98	21701.46102302626	0.0	10
812	4	99	20902.261023026258	0.0	10
813	5	98	21701.46102302626	0.0	10
814	4	99	20902.261023026258	0.0	10
815	7	96	23299.86102302626	0.0	10
816	6	97	22500.66102302626	0.0	10
817	4	99	20902.261023026258	0.0	10
818	4	99	20902.261023026258	0.0	10
819	5	98	21701.46102302626	0.0	10
820	4	99	20902.261023026258	0.0	10
821	10	93	32757.06102302626	0.0	10
822	4	99	20902.261023026258	0.0	10
823	9	94	24898.26102302626	0.0	10
824	4	99	20902.261023026258	0.0	10
825	4	99	20902.261023026258	0.0	10
826	5	98	21701.46102302626	0.0	10
827	9	94	26634.930511513132	0.0	10
828	4	99	20902.261023026258	0.0	10
829	4	99	20902.261023026258	0.0	10
830	4	99	20902.261023026258	0.0	10
831	4	99	20902.261023026258	0.0	10
832	4	99	20902.261023026258	0.0	10
833	4	99	20902.261023026258	0.0	10
834	4	99	20902.261023026258	0.0	10
835	5	98	21701.46102302626	0.0	10
836	4	99	20902.261023026258	0.0	10
837	7	96	23299.86102302626	0.0	10
838	4	99	20902.261023026258	0.0	10
839	4	99	20902.261023026258	0.0	10
840	4	99	20902.261023026258	0.0	10
841	4	99	20902.261023026258	0.0	10
842	4	99	20902.261023026258	0.0	10
843	4	99	20902.261023026258	0.0	10
844	4	99	20902.261023026258	0.0	10
845	4	99	20902.261023026258	0.0	10
846	5	98	21701.46102302626	0.0	10
847	4	99	20902.261023026258	0.0	10
848	4	99	20902.261023026258	0.0	10
849	4	99	20902.261023026258	0.0	10
850	4	99	20902.261023026258	0.0	10
851	14	48	30630.930511513136	0.0	6
852	4	99	20902.261023026258	0.0	10
853	4	99	20902.261023026258	0.0	10
854	6	97	22500.66102302626	0.0	10
855	4	99	20902.261023026258	0.0	10
856	4	99	20902.261023026258	0.0	10
857	4	99	20902.261023026258	0.0	10
858	4	99	20902.261023026258	0.0	10
859	5	98	21701.46102302626	0.0	10
860	8	95	34744.92204605251	0.0	10
861	14	48	28894.261023026265	0.0	6
862	6	97	22500.66102302626	0.0	10
863	4	99	20902.261023026258	0.0	10
864	4	99	20902.261023026258	0.0	10
865	4	99	20902.261023026258	0.0	10
866	4	99	20902.261023026258	0.0	10
867	4	99	20902.261023026258	0.0	10
868	4	99	20902.261023026258	0.0	10
869	4	99	20902.261023026258	0.0	10
870	4	99	20902.261023026258	0.0	10
871	4	99	20902.261023026258	0.0	10
872	4	99	20902.261023026258	0.0	10
873	4	99	20902.261023026258	0.0	10
874	4	99	20902.261023026258	0.0	10
875	4	99	20902.261023026258	0.0	10
876	10	93	25697.461023026262	0.0	10
877	9	94	24898.26102302626	0.0	10
878	4	99	20902.261023026258	0.0	10
879	4	99	20902.261023026258	0.0	10
880	4	99	20902.261023026258	0.0	10
881	4	99	20902.261023026258	0.0	10
882	4	99	20902.261023026258	0.0	10
883	11	92	26496.661023026263	0.0	10
884	4	99	20902.261023026258	0.0	10
885	4	99	20902.261023026258	0.0	10
886	4	99	20902.261023026258	0.0	10
887	4	99	20902.261023026258	0.0	10
888	4	99	20902.261023026258	0.0	10
889	4	99	20902.261023026258	0.0	10
890	4	99	20902.261023026258	0.0	10
891	4	99	20902.261023026258	0.0	10
892	4	99	20902.261023026258	0.0	10
893	4	99	20902.261023026258	0.0	10
894	4	99	20902.261023026258	0.0	10
895	4	99	20902.261023026258	0.0	10
896	5	98	21701.46102302626	0.0	10
897	4	99	20902.261023026258	0.0	10
898	4	99	20902.261023026258	0.0	10
899	4	99	20902.261023026258	0.0	10
900	4	99	20902.261023026258	0.0	10
901	4	99	20902.261023026258	0.0	10
902	5	98	21701.46102302626	0.0	10
903	6	97	22500.66102302626	0.0	10
904	4	99	20902.261023026258	0.0	10
905	4	99	20902.261023026258	0.0	10
906	7	96	23299.86102302626	0.0	10
907	4	99	20902.261023026258	0.0	10
908	4	99	20902.261023026258	0.0	10
909	6	97	22500.66102302626	0.0	10
910	12	91	34355.461023026255	0.0	10
911	4	99	20902.261023026258	0.0	10
912	4	99	20902.261023026258	0.0	10
913	4	99	20902.261023026258	0.0	10
914	7	96	23299.86102302626	0.0	10
915	6	97	22500.66102302626	0.0	10
916	4	99	20902.261023026258	0.0	10
917	4	99	20902.261023026258	0.0	10
918	4	99	20902.261023026258	0.0	10
919	4	99	20902.261023026258	0.0	10
920	4	99	20902.261023026258	0.0	10
921	4	99	20902.261023026258	0.0	10
922	4	99	20902.261023026258	0.0	10
923	14	69	57245.583069078755	0.0	8
924	4	99	20902.261023026258	0.0	10
925	9	95	31957.86102302626	0.0	10
926	5	98	25231.261023026258	0.0	10
927	4	99	20902.261023026258	0.0	10
928	4	99	20902.261023026258	0.0	10
929	4	99	20902.261023026258	0.0	10
930	4	99	20902.261023026258	0.0	10
931	4	99	20902.261023026258	0.0	10
932	4	99	20902.261023026258	0.0	10
933	14	49	27101.130511513136	0.0	6
934	4	99	20902.261023026258	0.0	10
935	9	94	24898.26102302626	0.0	10
936	10	94	27434.130511513133	0.0	10
937	4	99	20902.261023026258	0.0	10
938	4	99	20902.261023026258	0.0	10
939	4	99	20902.261023026258	0.0	10
940	4	99	20902.261023026258	0.0	10
941	5	98	21701.46102302626	0.0	10
942	4	99	20902.261023026258	0.0	10
943	4	99	20902.261023026258	0.0	10
944	7	96	23299.86102302626	0.0	10
945	4	99	20902.261023026258	0.0	10
946	5	98	21701.46102302626	0.0	10
947	6	97	22500.66102302626	0.0	10
948	4	99	20902.261023026258	0.0	10
949	4	99	20902.261023026258	0.0	10
950	5	98	21701.46102302626	0.0	10
951	8	95	24099.06102302626	0.0	10
952	4	99	20902.261023026258	0.0	10
953	4	99	20902.261023026258	0.0	10
954	4	99	20902.261023026258	0.0	10
955	4	99	20902.261023026258	0.0	10
956	4	99	20902.261023026258	0.0	10
957	4	99	20902.261023026258	0.0	10
958	4	99	20902.261023026258	0.0	10
959	4	99	20902.261023026258	0.0	10
960	4	99	20902.261023026258	0.0	10
961	4	99	20902.261023026258	0.0	10
962	4	99	20902.261023026258	0.0	10
963	7	96	23299.86102302626	0.0	10
964	4	99	20902.261023026258	0.0	10
965	4	99	20902.261023026258	0.0	10
966	4	99	20902.261023026258	0.0	10
967	6	97	22500.66102302626	0.0	10
968	4	99	20902.261023026258	0.0	10
969	4	99	20902.261023026258	0.0	10
970	4	99	20902.261023026258	0.0	10
971	4	99	20902.261023026258	0.0	10
972	4	99	20902.261023026258	0.0	10
973	4	99	20902.261023026258	0.0	10
974	4	99	20902.261023026258	0.0	10
975	4	99	20902.261023026258	0.0	10
976	4	99	20902.261023026258	0.0	10
977	4	99	20902.261023026258	0.0	10
978	4	99	20902.261023026258	0.0	10
979	4	99	20902.261023026258	0.0	10
980	4	99	20902.261023026258	0.0	10
981	4	99	20902.261023026258	0.0	10
982	4	99	20902.261023026258	0.0	10
983	8	95	24099.06102302626	0.0	10
984	4	99	20902.261023026258	0.0	10
985	4	99	20902.261023026258	0.0	10
986	4	99	20902.261023026258	0.0	10
987	4	99	20902.261023026258	0.0	10
988	4	99	20902.261023026258	0.0	10
989	4	99	20902.261023026258	0.0	10
990	4	99	20902.261023026258	0.0	10
991	5	98	21701.46102302626	0.0	10
992	4	99	20902.261023026258	0.0	10
993	4	99	20902.261023026258	0.0	10
994	4	99	20902.261023026258	0.0	10
995	4	99	20902.261023026258	0.0	10
996	10	93	27434.130511513133	0.0	10
997	4	99	20902.261023026258	0.0	10
998	4	99	20902.261023026258	0.0	10
999	4	99	20902.261023026258	0.0	10
1000	4	99	20902.261023026258	0.0	10
1001	4	99	20902.261023026258	0.0	10
1002	6	97	22500.66102302626	0.0	10
1003	4	99	20902.261023026258	0.0	10
1004	14	49	37746.99153453938	0.0	6
1005	4	99	20902.261023026258	0.0	10
1006	4	99	20902.261023026258	0.0	10
1007	4	99	20902.261023026258	0.0	10
1008	4	99	20902.261023026258	0.0	10
1009	4	99	20902.261023026258	0.0	10
1010	4	99	20902.261023026258	0.0	10
1011	4	99	20902.261023026258	0.0	10
1012	5	98	21701.46102302626	0.0	10
1013	7	96	23299.86102302626	0.0	10
1014	4	99	20902.261023026258	0.0	10
1015	4	99	20902.261023026258	0.0	10
1016	8	95	24099.06102302626	0.0	10
1017	4	99	20902.261023026258	0.0	10
1018	4	99	20902.261023026258	0.0	10
1019	4	99	20902.261023026258	0.0	10
1020	5	98	21701.46102302626	0.0	10
1021	4	99	20902.261023026258	0.0	10
1022	4	99	20902.261023026258	0.0	10
1023	4	99	20902.261023026258	0.0	10
1024	4	99	20902.261023026258	0.0	10
1025	5	98	21701.46102302626	0.0	10
1026	7	96	23299.86102302626	0.0	10
1027	7	96	23299.86102302626	0.0	10
1028	4	99	20902.261023026258	0.0	10
1029	4	99	20902.261023026258	0.0	10
1030	4	99	20902.261023026258	0.0	10
1031	4	99	20902.261023026258	0.0	10
1032	4	99	20902.261023026258	0.0	10
1033	5	98	21701.46102302626	0.0	10
1034	4	99	20902.261023026258	0.0	10
1035	4	99	20902.261023026258	0.0	10
1036	4	99	20902.261023026258	0.0	10
1037	4	99	20902.261023026258	0.0	10
1038	4	99	20902.261023026258	0.0	10
1039	4	99	20902.261023026258	0.0	10
1040	4	99	20902.261023026258	0.0	10
1041	9	94	24898.26102302626	0.0	10
1042	4	99	20902.261023026258	0.0	10
1043	4	99	20902.261023026258	0.0	10
1044	9	94	24898.26102302626	0.0	10
1045	4	99	20902.261023026258	0.0	10
1046	5	98	21701.46102302626	0.0	10
1047	4	99	20902.261023026258	0.0	10
1048	5	98	21701.46102302626	0.0	10
1049	14	-3	25364.461023026266	0.0	1
1050	6	97	22500.66102302626	0.0	10
1051	14	18	27101.130511513136	0.0	3
1052	4	99	20902.261023026258	0.0	10
1053	4	99	20902.261023026258	0.0	10
1054	4	99	20902.261023026258	0.0	10
1055	4	99	20902.261023026258	0.0	10
1056	4	99	20902.261023026258	0.0	10
1057	4	99	20902.261023026258	0.0	10
1058	6	97	29560.261023026258	0.0	10
1059	4	99	20902.261023026258	0.0	10
1060	4	99	20902.261023026258	0.0	10
1061	4	99	20902.261023026258	0.0	10
1062	9	94	24898.26102302626	0.0	10
1063	4	99	20902.261023026258	0.0	10
1064	4	99	20902.261023026258	0.0	10
1065	6	97	22500.66102302626	0.0	10
1066	4	99	20902.261023026258	0.0	10
1067	4	99	20902.261023026258	0.0	10
1068	4	99	20902.261023026258	0.0	10
1069	4	99	20902.261023026258	0.0	10
1070	4	99	20902.261023026258	0.0	10
1071	6	97	22500.66102302626	0.0	10
1072	4	99	20902.261023026258	0.0	10
1073	4	99	20902.261023026258	0.0	10
1074	6	97	22500.66102302626	0.0	10
1075	4	99	20902.261023026258	0.0	10
1076	4	99	20902.261023026258	0.0	10
1077	4	99	20902.261023026258	0.0	10
1078	4	99	20902.261023026258	0.0	10
1079	4	99	20902.261023026258	0.0	10
1080	4	99	20902.261023026258	0.0	10
1081	4	99	20902.261023026258	0.0	10
1082	4	99	20902.261023026258	0.0	10
1083	4	99	20902.261023026258	0.0	10
1084	4	99	20902.261023026258	0.0	10
1085	4	99	20902.261023026258	0.0	10
1086	8	95	24099.06102302626	0.0	10
1087	9	94	24898.26102302626	0.0	10
1088	4	99	20902.261023026258	0.0	10
1089	4	99	20902.261023026258	0.0	10
1090	8	95	24099.06102302626	0.0	10
1091	4	99	20902.261023026258	0.0	10
1092	4	99	20902.261023026258	0.0	10
1093	9	94	24898.26102302626	0.0	10
1094	4	99	20902.261023026258	0.0	10
1095	4	99	20902.261023026258	0.0	10
1096	7	96	23299.86102302626	0.0	10
1097	4	99	20902.261023026258	0.0	10
1098	4	99	20902.261023026258	0.0	10
1099	4	99	20902.261023026258	0.0	10
1100	4	99	20902.261023026258	0.0	10
1101	4	99	20902.261023026258	0.0	10
1102	8	95	24099.06102302626	0.0	10
1103	4	99	20902.261023026258	0.0	10
1104	10	93	36343.32204605252	0.0	10
1105	4	99	20902.261023026258	0.0	10
1106	4	99	20902.261023026258	0.0	10
1107	4	99	20902.261023026258	0.0	10
1108	4	99	20902.261023026258	0.0	10
1109	4	99	20902.261023026258	0.0	10
1110	4	99	20902.261023026258	0.0	10
1111	4	99	20902.261023026258	0.0	10
1112	4	99	20902.261023026258	0.0	10
1113	4	99	20902.261023026258	0.0	10
1114	4	99	20902.261023026258	0.0	10
1115	4	99	20902.261023026258	0.0	10
1116	4	99	20902.261023026258	0.0	10
1117	5	98	21701.46102302626	0.0	10
1118	4	99	20902.261023026258	0.0	10
1119	12	91	27295.861023026264	0.0	10
1120	4	99	20902.261023026258	0.0	10
1121	4	99	20902.261023026258	0.0	10
1122	4	99	20902.261023026258	0.0	10
1123	4	99	20902.261023026258	0.0	10
1124	4	99	20902.261023026258	0.0	10
1125	4	99	20902.261023026258	0.0	10
1126	4	99	20902.261023026258	0.0	10
1127	4	99	20902.261023026258	0.0	10
1128	6	97	22500.66102302626	0.0	10
1129	4	99	20902.261023026258	0.0	10
1130	4	99	20902.261023026258	0.0	10
1131	4	99	20902.261023026258	0.0	10
1132	4	99	20902.261023026258	0.0	10
1133	4	99	20902.261023026258	0.0	10
1134	4	99	20902.261023026258	0.0	10
1135	4	99	20902.261023026258	0.0	10
1136	7	96	23299.86102302626	0.0	10
1137	4	99	20902.261023026258	0.0	10
1138	4	99	20902.261023026258	0.0	10
1139	6	97	22500.66102302626	0.0	10
1140	4	99	20902.261023026258	0.0	10
1141	4	99	20902.261023026258	0.0	10
1142	4	99	20902.261023026258	0.0	10
1143	4	99	20902.261023026258	0.0	10
1144	4	99	20902.261023026258	0.0	10
1145	4	99	20902.261023026258	0.0	10
1146	4	99	20902.261023026258	0.0	10
1147	4	99	20902.261023026258	0.0	10
1148	4	99	20902.261023026258	0.0	10
1149	14	48	43069.9220460525	0.0	6
1150	4	99	20902.261023026258	0.0	10
1151	4	99	20902.261023026258	0.0	10
1152	4	99	20902.261023026258	0.0	10
1153	8	95	24099.06102302626	0.0	10
1154	4	99	20902.261023026258	0.0	10
1155	6	97	22500.66102302626	0.0	10
1156	4	99	20902.261023026258	0.0	10
1157	6	97	22500.66102302626	0.0	10
1158	5	98	21701.46102302626	0.0	10
1159	4	99	20902.261023026258	0.0	10
1160	5	98	21701.46102302626	0.0	10
1161	4	99	20902.261023026258	0.0	10
1162	4	99	20902.261023026258	0.0	10
1163	4	99	20902.261023026258	0.0	10
1164	8	95	24099.06102302626	0.0	10
1165	4	99	20902.261023026258	0.0	10
1166	6	97	22500.66102302626	0.0	10
1167	4	99	20902.261023026258	0.0	10
1168	4	99	20902.261023026258	0.0	10
1169	7	96	23299.86102302626	0.0	10
1170	4	99	20902.261023026258	0.0	10
1171	4	99	20902.261023026258	0.0	10
1172	4	99	20902.261023026258	0.0	10
1173	4	99	20902.261023026258	0.0	10
1174	14	49	71421.24409210501	0.0	6
1175	4	99	20902.261023026258	0.0	10
1176	4	99	20902.261023026258	0.0	10
1177	4	99	20902.261023026258	0.0	10
1178	6	97	22500.66102302626	0.0	10
1179	5	98	21701.46102302626	0.0	10
1180	4	99	20902.261023026258	0.0	10
1181	4	99	20902.261023026258	0.0	10
1182	4	99	20902.261023026258	0.0	10
1183	4	99	20902.261023026258	0.0	10
1184	4	99	20902.261023026258	0.0	10
1185	4	99	20902.261023026258	0.0	10
1186	4	99	20902.261023026258	0.0	10
1187	8	95	24099.06102302626	0.0	10
1188	4	99	20902.261023026258	0.0	10
1189	4	99	20902.261023026258	0.0	10
1190	4	99	20902.261023026258	0.0	10
1191	4	99	20902.261023026258	0.0	10
1192	14	48	28894.261023026265	0.0	6
1193	5	98	21701.46102302626	0.0	10
1194	4	99	20902.261023026258	0.0	10
1195	4	99	20902.261023026258	0.0	10
1196	4	99	20902.261023026258	0.0	10
1197	4	99	20902.261023026258	0.0	10
1198	5	98	21701.46102302626	0.0	10
1199	4	99	20902.261023026258	0.0	10
1200	4	99	20902.261023026258	0.0	10
1201	4	99	20902.261023026258	0.0	10
1202	5	98	21701.46102302626	0.0	10
1203	4	99	20902.261023026258	0.0	10
1204	4	99	20902.261023026258	0.0	10
1205	4	99	20902.261023026258	0.0	10
1206	4	99	20902.261023026258	0.0	10
1207	4	99	20902.261023026258	0.0	10
1208	4	99	20902.261023026258	0.0	10
1209	12	91	27295.861023026264	0.0	10
1210	4	99	20902.261023026258	0.0	10
1211	4	99	20902.261023026258	0.0	10
1212	7	96	23299.86102302626	0.0	10
1213	4	99	20902.261023026258	0.0	10
1214	4	99	20902.261023026258	0.0	10
1215	4	99	20902.261023026258	0.0	10
1216	6	97	22500.66102302626	0.0	10
1217	4	99	20902.261023026258	0.0	10
1218	4	99	20902.261023026258	0.0	10
1219	4	99	20902.261023026258	0.0	10
1220	4	99	20902.261023026258	0.0	10
1221	4	99	20902.261023026258	0.0	10
1222	4	99	20902.261023026258	0.0	10
1223	4	99	20902.261023026258	0.0	10
1224	14	49	67891.44409210501	0.0	6
1225	6	97	22500.66102302626	0.0	10
1226	4	99	20902.261023026258	0.0	10
1227	10	93	25697.461023026262	0.0	10
1228	4	99	20902.261023026258	0.0	10
1229	4	99	20902.261023026258	0.0	10
1230	4	99	20902.261023026258	0.0	10
1231	4	99	20902.261023026258	0.0	10
1232	4	99	20902.261023026258	0.0	10
1233	4	99	20902.261023026258	0.0	10
1234	14	48	55452.45255756563	0.0	6
1235	6	97	22500.66102302626	0.0	10
1236	4	99	20902.261023026258	0.0	10
1237	4	99	20902.261023026258	0.0	10
1238	4	99	20902.261023026258	0.0	10
1239	4	99	20902.261023026258	0.0	10
1240	4	99	20902.261023026258	0.0	10
1241	8	95	24099.06102302626	0.0	10
1242	4	99	20902.261023026258	0.0	10
1243	4	99	20902.261023026258	0.0	10
1244	7	96	26829.66102302626	0.0	10
1245	4	99	20902.261023026258	0.0	10
1246	6	97	33146.522046052516	0.0	10
1247	4	99	20902.261023026258	0.0	10
1248	4	99	20902.261023026258	0.0	10
1249	14	48	32424.061023026265	0.0	6
1250	4	99	20902.261023026258	0.0	10
1251	4	99	20902.261023026258	0.0	10
1252	4	99	20902.261023026258	0.0	10
1253	4	99	20902.261023026258	0.0	10
