EpNum	EpSteps	Reward	ener	dist	NumCovTargets
1	54	-12	2197.608368164212	0.0	4
2	54	11	2349.0603153548195	0.0	6
3	54	18	2132.9910524340085	0.0	7
4	54	39	2539.5212101114194	0.0	9
5	54	-11	2729.9821048680187	0.0	4
6	54	-13	2816.1385258416226	0.0	4
7	54	30	2113.4865786510127	0.0	8
8	42	62	1955.886578651013	0.0	10
9	54	-23	2028.6865786510134	0.0	3
10	54	31	2325.486578651013	0.0	8
11	54	-33	2431.8256838944144	0.0	2
12	54	-12	2624.321210111419	0.0	4
13	54	-22	2389.4256838944143	0.0	3
14	54	-12	2431.825683894414	0.0	4
15	54	-1	2283.7647891378156	0.0	5
16	54	-22	2581.242999624618	0.0	3
17	54	10	2793.92121011142	0.0	6
18	54	-1	2603.46031535482	0.0	5
19	54	-54	1964.7474734076118	0.0	0
20	54	-11	2559.703894381216	0.0	4
21	54	-2	1962.7128419472065	0.0	5
22	54	-2	1856.3737367038052	0.0	5
23	54	-1	2177.425683894414	0.0	5
24	54	-23	1517.8519471906084	0.0	3
25	54	0	2390.103894381216	0.0	5
26	54	9	2603.4603153548205	0.0	6
27	54	-1	2218.4692629208103	0.0	5
28	54	-12	2132.9910524340085	0.0	4
29	54	40	2005.791052434008	0.0	9
30	54	-12	2346.3474734076126	0.0	4
31	54	41	2474.903894381216	0.0	9
32	54	-13	2708.4429996246176	0.0	4
33	52	52	2455.025683894414	0.0	10
34	50	55	2501.121210111419	0.0	10
35	54	9	2687.582104868018	0.0	6
36	28	76	1056.2519471906087	0.0	10
37	54	-13	2155.208368164211	0.0	4
38	54	-2	2751.521210111419	0.0	5
39	54	39	2198.9647891378145	0.0	9
40	54	39	2324.808368164211	0.0	9
41	54	-2	2133.6692629208096	0.0	5
42	54	-23	2752.1994205982214	0.0	3
43	54	-2	2602.782104868018	0.0	5
44	54	-54	2345.66926292081	0.0	0
45	54	-13	2707.7647891378156	0.0	4
46	54	-2	2558.3474734076126	0.0	5
47	54	39	2388.7474734076127	0.0	9
48	54	-2	2028.6865786510136	0.0	5
49	51	54	2701.1821048680185	0.0	10
50	54	-13	2772.382104868019	0.0	4
51	54	-1	2538.8429996246177	0.0	5
52	54	-12	2559.703894381217	0.0	4
53	54	9	2602.103894381217	0.0	6
54	54	-43	2282.4083681642105	0.0	1
55	54	-32	2091.2692629208095	0.0	2
56	54	-11	2027.330157677409	0.0	4
57	54	39	2944.6949468152256	0.0	9
58	54	10	2793.92121011142	0.0	6
59	54	-13	2219.8256838944135	0.0	4
60	54	-12	2751.521210111419	0.0	4
61	54	38	2752.1994205982214	0.0	9
62	54	40	2089.9128419472063	0.0	9
63	54	11	2643.825683894415	0.0	6
64	54	38	2708.442999624617	0.0	9
65	49	54	2618.0429996246176	0.0	10
66	54	-22	2516.625683894414	0.0	3
67	54	-2	2219.1474734076114	0.0	5
68	33	71	1804.1910524340092	0.0	10
69	54	-2	1772.2519471906078	0.0	5
70	54	-13	2366.5301576774095	0.0	4
71	54	-12	2346.3474734076126	0.0	4
72	54	-2	2602.103894381216	0.0	5
73	54	28	2559.703894381216	0.0	8
74	54	-1	2665.364789137815	0.0	5
75	54	-2	2771.7038943812163	0.0	5
76	39	65	2181.4865786510136	0.0	10
77	54	19	2622.9647891378154	0.0	7
78	54	0	2816.1385258416217	0.0	5
79	54	-1	1900.1301576774088	0.0	5
80	54	9	2240.0083681642113	0.0	6
81	54	39	2622.286578651014	0.0	9
82	54	-22	2389.4256838944143	0.0	3
83	54	20	2624.321210111418	0.0	7
84	54	-11	2388.7474734076122	0.0	4
85	54	42	2263.582104868017	0.0	9
86	54	-2	2581.242999624618	0.0	5
87	54	49	2452.0083681642113	0.0	10
88	54	41	2177.425683894414	0.0	9
89	54	-2	2326.842999624617	0.0	5
90	54	39	2090.5910524340084	0.0	9
91	54	-32	2517.982104868018	0.0	2
92	54	40	2794.5994205982215	0.0	9
93	54	-12	2558.347473407613	0.0	4
94	50	53	2159.2083681642107	0.0	10
95	27	78	1322.5910524340093	0.0	10
96	54	40	2261.5474734076124	0.0	9
97	48	56	1479.7564209736033	0.0	10
98	54	-12	2879.399420598221	0.0	4
99	54	40	2602.1038943812164	0.0	9
100	54	-1	2070.4083681642114	0.0	5
101	54	-1	2943.3385258416233	0.0	5
102	54	-2	2262.9038943812157	0.0	5
103	54	40	2133.66926292081	0.0	9
104	44	61	1974.4083681642117	0.0	10
105	35	69	1888.6865786510134	0.0	10
106	54	9	2346.3474734076126	0.0	6
107	54	-2	2411.6429996246166	0.0	5
108	54	28	2367.208368164211	0.0	8
109	54	-12	1920.9910524340087	0.0	4
110	54	39	2601.4256838944148	0.0	9
111	52	53	2391.086578651013	0.0	10
112	54	39	2028.686578651013	0.0	9
113	54	1	1899.4519471906074	0.0	5
114	54	28	2134.3474734076112	0.0	8
115	40	65	2041.6692629208103	0.0	10
116	44	61	1974.4083681642114	0.0	10
117	54	-2	1750.7128419472065	0.0	5
118	54	30	2176.747473407612	0.0	8
119	54	39	2282.4083681642114	0.0	9
120	54	40	1730.5301576774082	0.0	9
121	54	-2	2071.0865786510135	0.0	5
122	54	39	2092.625683894413	0.0	9
123	54	39	1856.3737367038054	0.0	9
124	54	9	2581.9212101114185	0.0	6
125	28	76	1458.7128419472072	0.0	10
126	34	70	1496.1301576774097	0.0	10
127	37	67	1716.069262920811	0.0	10
128	54	50	2496.4429996246167	0.0	10
129	54	10	2198.2865786510133	0.0	6
130	54	-2	1920.9910524340087	0.0	5
131	54	39	2325.4865786510127	0.0	9
132	54	40	2473.5474734076124	0.0	9
133	54	-2	1920.3128419472068	0.0	5
134	54	40	2025.9737367038051	0.0	9
135	37	67	1735.5737367038062	0.0	10
136	54	-2	2559.7038943812154	0.0	5
137	52	54	2305.6083681642117	0.0	10
138	44	60	2250.3474734076126	0.0	10
139	54	39	1751.3910524340076	0.0	9
140	20	84	955.8782104868019	0.0	10
141	54	41	2219.1474734076114	0.0	9
142	54	10	2431.1474734076123	0.0	6
143	54	39	2304.625683894413	0.0	9
144	54	40	1559.5737367038055	0.0	9
145	54	28	2579.2083681642116	0.0	8
146	54	9	2324.808368164212	0.0	6
147	54	41	2025.9737367038051	0.0	9
148	31	73	1189.3564209736035	0.0	10
149	54	9	1965.4256838944134	0.0	6
150	54	39	2112.1301576774094	0.0	9
151	41	64	1435.4519471906076	0.0	10
152	54	-12	2282.408368164212	0.0	4
153	54	30	2112.1301576774094	0.0	8
154	54	39	2304.625683894413	0.0	9
155	54	-2	2112.80836816421	0.0	5
156	34	70	1325.1737367038063	0.0	10
157	54	40	1859.7647891378138	0.0	9
158	38	66	1533.1737367038058	0.0	10
159	45	59	1664.3128419472062	0.0	10
160	54	40	2474.9038943812157	0.0	9
161	54	29	2261.547473407612	0.0	8
162	54	28	2178.1038943812146	0.0	8
163	36	69	1408.991052434009	0.0	10
164	54	31	1985.608368164211	0.0	8
165	24	80	888.617315730203	0.0	10
166	51	53	2061.112841947207	0.0	10
167	45	60	1557.9737367038056	0.0	10
168	54	11	2324.8083681642115	0.0	6
169	54	38	1794.4692629208103	0.0	9
170	54	40	2048.1910524340074	0.0	9
171	47	58	1621.6083681642112	0.0	10
172	54	29	1537.3564209736023	0.0	8
173	32	72	1177.4173157302027	0.0	10
174	54	42	2346.3474734076117	0.0	9
175	53	50	2017.051947190607	0.0	10
176	52	52	2432.8083681642115	0.0	10
177	54	39	1750.7128419472058	0.0	9
178	54	39	2326.1647891378143	0.0	9
179	54	41	2220.503894381216	0.0	9
180	54	31	2196.930157677409	0.0	8
181	54	30	2028.6865786510123	0.0	8
182	33	71	1166.1564209736043	0.0	10
183	54	39	1751.3910524340072	0.0	9
184	51	53	2168.1301576774094	0.0	10
185	54	39	2089.2346314604047	0.0	9
186	54	40	2580.564789137816	0.0	9
187	54	40	2091.2692629208104	0.0	9
188	54	39	1686.773736703805	0.0	9
189	49	56	1870.956420973603	0.0	10
190	54	39	1770.8955262170036	0.0	9
191	25	79	1132.4346314604059	0.0	10
192	33	71	1506.712841947207	0.0	10
193	52	52	1858.0346314604042	0.0	10
194	30	75	1072.7391052434014	0.0	10
195	54	39	1751.391052434009	0.0	9
196	54	40	2389.425683894414	0.0	9
197	44	60	1400.3128419472073	0.0	10
198	54	39	1985.6083681642106	0.0	9
199	31	74	1274.1564209736032	0.0	10
200	54	9	1984.2519471906066	0.0	6
201	33	71	1421.2346314604051	0.0	10
202	38	68	1363.5737367038057	0.0	10
203	45	59	1492.6782104868023	0.0	10
204	54	10	1538.0346314604042	0.0	6
205	54	52	2006.4692629208096	0.0	10
206	54	40	1833.4782104868016	0.0	9
207	43	62	1432.434631460405	0.0	10
208	34	70	1623.3301576774097	0.0	10
209	35	68	1354.9564209736036	0.0	10
210	54	40	2156.564789137814	0.0	9
211	54	39	1857.0519471906075	0.0	9
212	54	41	1707.6346314604043	0.0	9
213	34	70	942.2173157302032	0.0	10
214	54	40	2049.5474734076124	0.0	9
215	54	-11	1879.2692629208107	0.0	4
216	44	59	1442.7128419472072	0.0	10
217	54	39	1920.3128419472062	0.0	9
218	54	40	1345.5391052434004	0.0	9
219	54	-2	1474.0955262170046	0.0	5
220	37	66	1204.5564209736035	0.0	10
221	54	-2	1091.1391052434012	0.0	5
222	32	72	1155.878210486802	0.0	10
223	53	56	1871.0256838944138	0.0	10
224	24	80	1015.817315730203	0.0	10
225	38	68	1170.4000000000005	0.0	10
226	54	39	1495.6346314604039	0.0	9
227	26	79	843.2	0.0	10
228	54	39	1749.356420973602	0.0	9
229	51	53	1529.4173157302027	0.0	10
230	25	80	728.617315730203	0.0	10
231	36	69	1258.2173157302025	0.0	10
232	50	56	1754.7128419472065	0.0	10
233	54	40	1750.0346314604037	0.0	9
234	39	65	1266.1564209736039	0.0	10
235	33	73	1784.008368164212	0.0	10
236	50	53	2285.7301576774094	0.0	10
237	54	39	1792.4346314604038	0.0	9
238	30	74	1286.0955262170044	0.0	10
239	48	56	1310.1564209736043	0.0	10
240	31	75	1231.0782104868022	0.0	10
241	54	30	1898.7737367038058	0.0	8
242	45	61	1471.8173157302012	0.0	10
243	54	-11	1603.330157677409	0.0	4
244	31	73	1316.5564209736037	0.0	10
245	54	39	1643.0173157302015	0.0	9
246	44	62	1971.6955262170047	0.0	10
247	34	70	985.2955262170051	0.0	10
248	46	57	1057.4173157302034	0.0	10
249	26	78	865.417315730203	0.0	10
250	54	28	2048.869262920811	0.0	8
251	27	78	1087.695526217005	0.0	10
252	24	80	952.556420973604	0.0	10
253	42	62	1635.5128419472064	0.0	10
254	46	57	1290.9564209736043	0.0	10
255	54	40	1303.817315730201	0.0	9
256	20	85	912.8000000000001	0.0	10
257	33	71	1528.251947190608	0.0	10
258	22	82	826.339105243401	0.0	10
259	54	40	1260.7391052434	0.0	9
260	37	67	971.0173157302033	0.0	10
261	32	73	1305.2955262170049	0.0	10
262	26	78	993.9737367038068	0.0	10
263	54	39	1898.7737367038055	0.0	9
264	37	67	1269.8519471906086	0.0	10
265	38	66	1552.6782104868016	0.0	10
266	46	58	1651.6955262170038	0.0	10
267	27	77	1087.6955262170047	0.0	10
268	54	40	1409.4782104868013	0.0	9
269	34	71	1259.878210486802	0.0	10
270	21	84	880.6782104868021	0.0	10
271	54	40	1282.956420973603	0.0	9
272	21	83	816.7391052434011	0.0	10
273	54	39	1537.3564209736016	0.0	9
274	54	40	1452.5564209736033	0.0	9
275	50	55	2071.017315730202	0.0	10
276	54	40	1537.3564209736023	0.0	9
277	35	69	1163.139105243401	0.0	10
278	46	58	1439.0173157302013	0.0	10
279	26	78	1057.9128419472079	0.0	10
280	20	84	1019.817315730203	0.0	10
281	54	40	1791.7564209736022	0.0	9
282	18	86	874.0955262170049	0.0	10
283	54	39	1815.330157677409	0.0	9
284	30	75	1370.217315730203	0.0	10
285	35	69	993.5391052434014	0.0	10
286	54	40	2451.3301576774093	0.0	9
287	54	39	1409.4782104868018	0.0	9
288	54	39	1324.6782104867993	0.0	9
289	19	85	967.139105243401	0.0	10
290	54	40	1983.5737367038057	0.0	9
291	36	69	1194.2782104868022	0.0	10
292	20	85	891.939105243401	0.0	10
293	38	66	959.7564209736045	0.0	10
294	54	-2	1858.4083681642103	0.0	5
295	28	77	969.4173157302032	0.0	10
296	28	76	968.7391052434012	0.0	10
297	40	64	1423.8173157302028	0.0	10
298	27	77	1385.1737367038068	0.0	10
299	29	75	829.6000000000003	0.0	10
300	21	84	837.6	0.0	10
301	54	40	1770.217315730201	0.0	9
302	33	72	1314.2173157302022	0.0	10
303	54	40	1770.8955262170025	0.0	9
304	19	85	882.339105243401	0.0	10
305	17	87	778.339105243401	0.0	10
306	37	67	1119.0782104868024	0.0	10
307	28	77	1053.539105243401	0.0	10
308	54	0	2069.0519471906077	0.0	5
309	54	39	2515.269262920811	0.0	9
310	35	70	1375.8173157302024	0.0	10
311	54	39	1473.4173157302023	0.0	9
312	54	39	1410.1564209736034	0.0	9
313	54	39	1260.7391052434002	0.0	9
314	45	60	1599.017315730201	0.0	10
315	54	41	1855.695526217004	0.0	9
316	54	40	1239.1999999999982	0.0	9
317	43	61	1686.1564209736036	0.0	10
318	25	79	727.9391052434013	0.0	10
319	54	39	1898.095526217003	0.0	9
320	24	80	760.7391052434012	0.0	10
321	54	39	1620.7999999999995	0.0	9
322	54	22	1727.8173157302008	0.0	7
323	54	39	1218.3391052433994	0.0	9
324	54	40	1262.0955262170044	0.0	9
325	20	84	743.2000000000002	0.0	10
326	54	40	2048.869262920809	0.0	9
327	20	84	828.0	0.0	10
328	27	78	1277.4782104868018	0.0	10
329	19	85	797.5391052434011	0.0	10
330	18	87	808.8000000000001	0.0	10
331	54	40	2152.4955262170038	0.0	9
332	54	40	1451.8782104868012	0.0	9
333	21	84	752.8000000000001	0.0	10
334	54	39	1472.7391052434004	0.0	9
335	41	63	1347.9391052434007	0.0	10
336	54	41	1367.7564209736026	0.0	9
337	22	83	762.4000000000002	0.0	10
338	31	74	1103.8782104868023	0.0	10
339	22	82	996.617315730203	0.0	10
340	19	87	818.4000000000001	0.0	10
341	21	83	752.8000000000001	0.0	10
342	21	83	837.6000000000001	0.0	10
343	21	84	965.478210486802	0.0	10
344	54	41	2088.556420973603	0.0	9
345	36	68	1109.4782104868023	0.0	10
346	18	87	808.8000000000001	0.0	10
347	30	74	903.1391052434013	0.0	10
348	42	67	1422.1564209736036	0.0	10
349	22	82	1038.3391052434008	0.0	10
350	54	29	1282.2782104867997	0.0	8
351	16	89	704.8000000000001	0.0	10
352	17	87	714.4000000000001	0.0	10
353	20	84	743.2000000000002	0.0	10
354	49	55	1255.1391052434012	0.0	10
355	18	87	724.0000000000001	0.0	10
356	37	68	1288.6782104868018	0.0	10
357	15	89	823.0782104868019	0.0	10
358	15	89	823.0782104868019	0.0	10
359	42	63	1421.4782104868023	0.0	10
360	17	87	714.4000000000001	0.0	10
361	36	68	896.8000000000005	0.0	10
362	30	75	987.9391052434012	0.0	10
363	30	74	1094.956420973604	0.0	10
364	24	81	845.5391052434011	0.0	10
365	36	69	960.7391052434015	0.0	10
366	48	57	1118.3391052434017	0.0	10
367	19	85	733.6000000000001	0.0	10
368	34	71	962.4000000000004	0.0	10
369	19	85	733.6000000000001	0.0	10
370	19	86	733.6	0.0	10
371	19	85	733.6000000000001	0.0	10
372	35	70	887.2000000000005	0.0	10
373	54	40	1621.4782104868013	0.0	9
374	27	78	874.3391052434013	0.0	10
375	13	91	676.0	0.0	10
376	15	90	780.0	0.0	10
377	16	89	789.6	0.0	10
378	54	29	1663.2000000000003	0.0	8
379	18	87	724.0000000000001	0.0	10
380	14	90	685.6	0.0	10
381	17	87	714.4000000000001	0.0	10
382	19	87	967.139105243401	0.0	10
383	15	90	780.0	0.0	10
384	13	91	676.0	0.0	10
385	15	90	695.2	0.0	10
386	44	60	1079.9391052434016	0.0	10
387	18	90	808.8000000000001	0.0	10
388	33	72	1037.6000000000004	0.0	10
389	17	87	714.4000000000001	0.0	10
390	53	51	1547.9391052433996	0.0	10
391	17	87	799.2	0.0	10
392	14	90	685.6	0.0	10
393	16	88	768.739105243401	0.0	10
394	17	89	714.4000000000001	0.0	10
395	16	89	704.8000000000001	0.0	10
396	21	84	752.8	0.0	10
397	22	82	1059.2	0.0	10
398	14	90	685.6	0.0	10
399	26	80	949.539105243401	0.0	10
400	15	89	695.2	0.0	10
401	15	89	695.2	0.0	10
402	16	89	704.8	0.0	10
403	15	89	695.2	0.0	10
404	15	89	695.2	0.0	10
405	14	90	685.6	0.0	10
406	14	91	685.6	0.0	10
407	15	89	695.2	0.0	10
408	15	89	695.2	0.0	10
409	14	92	685.6	0.0	10
410	15	89	695.2	0.0	10
411	18	87	724.0	0.0	10
412	14	90	685.6	0.0	10
413	13	91	676.0	0.0	10
414	54	30	1771.5737367038053	0.0	8
415	16	90	704.8	0.0	10
416	15	89	695.2	0.0	10
417	16	88	704.8000000000001	0.0	10
418	20	86	807.139105243401	0.0	10
419	15	90	695.2	0.0	10
420	15	89	780.0	0.0	10
421	14	90	685.6	0.0	10
422	14	91	685.6	0.0	10
423	14	91	685.6	0.0	10
424	20	86	828.0	0.0	10
425	15	89	780.0	0.0	10
426	13	91	676.0	0.0	10
427	54	39	1601.295526217004	0.0	9
428	13	91	676.0	0.0	10
429	15	89	695.2	0.0	10
430	16	89	768.7391052434009	0.0	10
431	16	88	704.8000000000001	0.0	10
432	13	91	676.0	0.0	10
433	13	92	676.0	0.0	10
434	13	91	676.0	0.0	10
435	26	78	1098.9564209736036	0.0	10
436	36	68	1045.5391052434015	0.0	10
437	21	84	816.739105243401	0.0	10
438	27	77	810.4000000000003	0.0	10
439	19	87	733.6	0.0	10
440	15	89	695.2	0.0	10
441	14	90	685.6	0.0	10
442	15	89	695.2	0.0	10
443	33	72	868.0000000000005	0.0	10
444	15	89	695.2	0.0	10
445	15	90	695.2	0.0	10
446	20	85	955.2	0.0	10
447	13	91	676.0	0.0	10
448	14	91	685.6	0.0	10
449	54	39	1599.9391052434	0.0	9
450	14	90	685.6	0.0	10
451	14	90	685.6	0.0	10
452	15	89	695.2	0.0	10
453	16	89	789.6	0.0	10
454	54	39	1537.356420973603	0.0	9
455	16	88	789.6	0.0	10
456	19	86	818.4000000000001	0.0	10
457	16	90	768.739105243401	0.0	10
458	16	88	704.8000000000001	0.0	10
459	36	69	1937.9737367038065	0.0	10
460	18	88	787.9391052434011	0.0	10
461	15	91	695.2	0.0	10
462	13	91	676.0	0.0	10
463	14	91	685.6	0.0	10
464	15	90	695.2	0.0	10
465	17	87	714.4000000000001	0.0	10
466	16	88	704.8000000000001	0.0	10
467	18	86	724.0000000000001	0.0	10
468	16	89	704.8000000000001	0.0	10
469	14	90	685.6	0.0	10
470	13	91	676.0	0.0	10
471	13	91	676.0	0.0	10
472	14	90	685.6	0.0	10
473	16	88	704.8000000000001	0.0	10
474	18	86	724.0000000000001	0.0	10
475	16	90	704.8000000000001	0.0	10
476	20	85	891.9391052434011	0.0	10
477	41	65	1581.4782104868023	0.0	10
478	15	90	695.2	0.0	10
479	16	88	704.8000000000001	0.0	10
480	16	88	704.8000000000001	0.0	10
481	14	90	685.6	0.0	10
482	15	89	695.2	0.0	10
483	15	89	695.2	0.0	10
484	14	91	685.6	0.0	10
485	15	90	695.2	0.0	10
486	16	88	704.8000000000001	0.0	10
487	15	91	695.2	0.0	10
488	17	87	714.4000000000001	0.0	10
489	16	88	768.739105243401	0.0	10
490	54	42	1409.4782104868013	0.0	9
491	17	88	714.4	0.0	10
492	26	81	1182.4	0.0	10
493	16	88	704.8000000000001	0.0	10
494	16	89	704.8000000000001	0.0	10
495	16	88	704.8000000000001	0.0	10
496	16	89	704.8000000000001	0.0	10
497	15	91	695.2	0.0	10
498	21	84	752.8000000000002	0.0	10
499	20	85	743.2	0.0	10
500	17	89	714.4000000000001	0.0	10
501	19	86	797.5391052434011	0.0	10
502	54	41	2260.86926292081	0.0	9
503	16	88	704.8000000000001	0.0	10
504	16	88	704.8000000000001	0.0	10
505	14	90	685.6	0.0	10
506	16	88	704.8000000000001	0.0	10
507	15	89	695.2	0.0	10
508	21	85	816.739105243401	0.0	10
509	17	88	714.4000000000001	0.0	10
510	18	86	724.0000000000001	0.0	10
511	16	89	704.8000000000001	0.0	10
512	15	89	695.2	0.0	10
513	54	42	1832.7999999999993	0.0	9
514	15	89	695.2	0.0	10
515	53	51	1314.3999999999985	0.0	10
516	54	40	2089.234631460404	0.0	9
517	19	86	733.6000000000001	0.0	10
518	18	86	787.9391052434011	0.0	10
519	24	81	887.9391052434012	0.0	10
520	15	89	695.2	0.0	10
521	15	89	695.2	0.0	10
522	16	88	704.8000000000001	0.0	10
523	16	88	704.8000000000001	0.0	10
524	24	82	972.7391052434011	0.0	10
525	17	88	714.4000000000001	0.0	10
526	16	89	704.8000000000001	0.0	10
527	15	89	695.2	0.0	10
528	15	89	695.2	0.0	10
529	15	89	695.2	0.0	10
530	15	89	695.2	0.0	10
531	17	89	714.4	0.0	10
532	17	88	714.4000000000001	0.0	10
533	16	89	704.8000000000001	0.0	10
534	15	89	695.2	0.0	10
535	18	87	724.0000000000001	0.0	10
536	16	88	704.8000000000001	0.0	10
537	17	88	714.4	0.0	10
538	16	89	704.8000000000001	0.0	10
539	16	88	704.8000000000001	0.0	10
540	16	90	768.739105243401	0.0	10
541	18	86	724.0000000000001	0.0	10
542	54	41	1749.3564209736014	0.0	9
543	16	88	704.8000000000001	0.0	10
544	17	87	778.339105243401	0.0	10
545	18	86	787.9391052434011	0.0	10
546	17	89	714.4000000000001	0.0	10
547	16	88	704.8000000000001	0.0	10
548	15	89	695.2	0.0	10
549	15	90	695.2	0.0	10
550	23	81	942.2782104868021	0.0	10
551	16	88	704.8000000000001	0.0	10
552	17	87	778.339105243401	0.0	10
553	15	90	759.139105243401	0.0	10
554	33	71	1506.0346314604053	0.0	10
555	16	88	704.8000000000001	0.0	10
556	16	90	704.8000000000001	0.0	10
557	16	89	704.8000000000001	0.0	10
558	17	87	714.4000000000001	0.0	10
559	17	87	714.4000000000001	0.0	10
560	15	89	695.2	0.0	10
561	29	75	999.8782104868022	0.0	10
562	40	65	2020.13015767741	0.0	10
563	40	65	1275.0782104868001	0.0	10
564	30	74	1030.3391052434013	0.0	10
565	16	88	704.8000000000001	0.0	10
566	18	87	787.939105243401	0.0	10
567	15	89	759.139105243401	0.0	10
568	14	90	685.6	0.0	10
569	17	89	714.4	0.0	10
570	54	40	1558.8955262170043	0.0	9
571	15	89	695.2	0.0	10
572	14	90	685.6	0.0	10
573	16	89	768.7391052434009	0.0	10
574	32	73	1219.1391052434012	0.0	10
575	17	87	778.339105243401	0.0	10
576	30	75	987.9391052434013	0.0	10
577	15	89	759.139105243401	0.0	10
578	16	89	768.739105243401	0.0	10
579	16	88	768.739105243401	0.0	10
580	18	87	872.739105243401	0.0	10
581	16	90	704.8	0.0	10
582	19	86	797.5391052434011	0.0	10
583	18	87	787.9391052434011	0.0	10
584	17	87	778.339105243401	0.0	10
585	54	31	1897.4173157302023	0.0	8
586	18	87	724.0000000000001	0.0	10
587	16	88	704.8000000000001	0.0	10
588	31	73	1061.4782104868023	0.0	10
589	17	87	714.4000000000001	0.0	10
590	16	88	789.6	0.0	10
591	33	71	868.6782104868024	0.0	10
592	15	89	780.0	0.0	10
593	17	88	714.4000000000001	0.0	10
594	27	77	1278.1564209736034	0.0	10
595	17	88	714.4	0.0	10
596	33	71	1207.2	0.0	10
597	19	86	797.5391052434011	0.0	10
598	15	90	759.139105243401	0.0	10
599	30	74	925.3564209736043	0.0	10
600	16	89	768.7391052434009	0.0	10
601	15	90	759.139105243401	0.0	10
602	16	89	768.739105243401	0.0	10
603	19	86	797.5391052434011	0.0	10
604	16	89	768.739105243401	0.0	10
605	41	65	1242.278210486802	0.0	10
606	54	43	2005.1128419472057	0.0	9
607	54	42	1432.3737367038043	0.0	9
608	15	90	695.2	0.0	10
609	15	90	695.2	0.0	10
610	15	89	695.2	0.0	10
611	15	90	695.2	0.0	10
612	54	29	1387.9391052434005	0.0	8
613	16	88	704.8000000000001	0.0	10
614	16	88	704.8000000000001	0.0	10
615	15	89	695.2	0.0	10
616	15	89	695.2	0.0	10
617	15	89	695.2	0.0	10
618	15	89	695.2	0.0	10
619	16	88	704.8000000000001	0.0	10
620	16	88	704.8000000000001	0.0	10
621	16	89	704.8000000000001	0.0	10
622	15	89	695.2	0.0	10
623	54	40	1069.6000000000004	0.0	9
624	15	89	695.2	0.0	10
625	15	89	695.2	0.0	10
626	16	89	704.8000000000001	0.0	10
627	16	88	704.8000000000001	0.0	10
628	16	89	704.8000000000001	0.0	10
629	17	87	714.4000000000001	0.0	10
630	17	87	714.4000000000001	0.0	10
631	15	90	695.2	0.0	10
632	14	90	685.6	0.0	10
633	15	89	695.2	0.0	10
634	15	89	695.2	0.0	10
635	17	87	714.4000000000001	0.0	10
636	16	88	704.8000000000001	0.0	10
637	49	57	1658.2782104868008	0.0	10
638	16	89	704.8000000000001	0.0	10
639	15	89	695.2	0.0	10
640	16	88	704.8000000000001	0.0	10
641	15	89	695.2	0.0	10
642	14	90	685.6	0.0	10
643	15	90	695.2	0.0	10
644	54	41	1599.9391052433991	0.0	9
645	16	89	704.8	0.0	10
646	16	88	704.8000000000001	0.0	10
647	19	86	733.6000000000001	0.0	10
648	16	88	704.8000000000001	0.0	10
649	16	89	704.8000000000001	0.0	10
650	16	88	704.8000000000001	0.0	10
651	15	89	695.2	0.0	10
652	15	89	695.2	0.0	10
653	14	90	685.6	0.0	10
654	17	89	714.4000000000001	0.0	10
655	13	91	676.0	0.0	10
656	15	89	695.2	0.0	10
657	14	90	685.6	0.0	10
658	18	86	872.739105243401	0.0	10
659	14	91	685.6	0.0	10
660	54	41	1705.5999999999979	0.0	9
661	19	87	860.8	0.0	10
662	18	89	724.0000000000001	0.0	10
663	18	86	724.0000000000001	0.0	10
664	54	9	1410.1564209736043	0.0	6
665	13	91	676.0	0.0	10
666	14	90	685.6	0.0	10
667	15	89	695.2	0.0	10
668	16	89	704.8000000000001	0.0	10
669	54	31	1154.3999999999994	0.0	8
670	15	89	695.2	0.0	10
671	14	90	685.6	0.0	10
672	15	90	695.2	0.0	10
673	15	89	695.2	0.0	10
674	17	88	778.339105243401	0.0	10
675	16	89	704.8000000000001	0.0	10
676	13	91	676.0	0.0	10
677	14	90	685.6	0.0	10
678	14	91	685.6	0.0	10
679	16	88	704.8000000000001	0.0	10
680	16	88	704.8000000000001	0.0	10
681	15	89	695.2	0.0	10
682	13	91	676.0	0.0	10
683	15	90	695.2	0.0	10
684	14	90	685.6	0.0	10
685	14	90	685.6	0.0	10
686	17	89	714.4000000000001	0.0	10
687	15	89	695.2	0.0	10
688	54	41	1323.9999999999984	0.0	9
689	16	88	704.8000000000001	0.0	10
690	16	89	704.8000000000001	0.0	10
691	15	89	695.2	0.0	10
692	14	90	685.6	0.0	10
693	14	92	685.6	0.0	10
694	31	74	1189.356420973603	0.0	10
695	14	91	685.6	0.0	10
696	15	89	695.2	0.0	10
697	13	91	676.0	0.0	10
698	14	91	685.6	0.0	10
699	13	91	676.0	0.0	10
700	14	91	685.6	0.0	10
701	15	91	695.2	0.0	10
702	15	90	695.2	0.0	10
703	13	91	676.0	0.0	10
704	13	91	676.0	0.0	10
705	14	92	685.6	0.0	10
706	38	66	1191.9391052434012	0.0	10
707	16	89	704.8000000000001	0.0	10
708	14	90	685.6	0.0	10
709	13	91	676.0	0.0	10
710	17	89	714.4000000000001	0.0	10
711	14	90	685.6	0.0	10
712	35	70	1651.7564209736036	0.0	10
713	33	71	931.9391052434014	0.0	10
714	13	91	676.0	0.0	10
715	54	41	1557.5391052434009	0.0	9
716	15	89	695.2	0.0	10
717	13	91	676.0	0.0	10
718	13	91	676.0	0.0	10
719	15	89	695.2	0.0	10
720	16	88	704.8000000000001	0.0	10
721	14	90	685.6	0.0	10
722	14	92	685.6	0.0	10
723	14	90	685.6	0.0	10
724	14	90	685.6	0.0	10
725	14	90	685.6	0.0	10
726	16	88	704.8000000000001	0.0	10
727	16	89	704.8000000000001	0.0	10
728	14	91	685.6	0.0	10
729	15	89	695.2	0.0	10
730	14	90	685.6	0.0	10
731	15	89	695.2	0.0	10
732	24	80	803.1391052434012	0.0	10
733	17	89	714.4	0.0	10
734	15	90	695.2	0.0	10
735	14	90	685.6	0.0	10
736	27	78	1064.8000000000002	0.0	10
737	20	85	807.1391052434011	0.0	10
738	14	91	685.6	0.0	10
739	13	91	676.0	0.0	10
740	14	90	685.6	0.0	10
741	14	91	685.6	0.0	10
742	15	89	695.2	0.0	10
743	13	91	676.0	0.0	10
744	14	91	685.6	0.0	10
745	42	64	1825.9737367038056	0.0	10
746	15	90	695.2	0.0	10
747	15	89	695.2	0.0	10
748	14	91	685.6	0.0	10
749	15	90	695.2	0.0	10
750	14	90	685.6	0.0	10
751	15	90	695.2	0.0	10
752	19	86	733.6000000000001	0.0	10
753	15	91	695.2	0.0	10
754	25	80	960.8000000000001	0.0	10
755	14	91	685.6	0.0	10
756	15	89	695.2	0.0	10
757	54	39	1451.8782104868008	0.0	9
758	15	89	695.2	0.0	10
759	16	88	704.8000000000001	0.0	10
760	15	90	695.2	0.0	10
761	16	88	704.8000000000001	0.0	10
762	16	91	704.8	0.0	10
763	14	90	685.6	0.0	10
764	14	91	685.6	0.0	10
765	17	89	714.4000000000001	0.0	10
766	13	91	676.0	0.0	10
767	15	89	695.2	0.0	10
768	14	90	685.6	0.0	10
769	14	90	685.6	0.0	10
770	42	62	1336.678210486802	0.0	10
771	16	90	704.8	0.0	10
772	54	40	2363.8173157302017	0.0	9
773	54	40	2236.617315730202	0.0	9
774	46	60	1501.5999999999983	0.0	10
775	16	90	704.8000000000001	0.0	10
776	13	91	676.0	0.0	10
777	14	91	685.6	0.0	10
778	14	90	685.6	0.0	10
779	14	91	685.6	0.0	10
780	34	71	1068.739105243401	0.0	10
781	14	90	685.6	0.0	10
782	16	88	704.8000000000001	0.0	10
783	17	87	778.339105243401	0.0	10
784	54	43	1960.0000000000002	0.0	9
785	13	91	676.0	0.0	10
786	14	90	685.6	0.0	10
787	15	89	695.2	0.0	10
788	54	40	1409.4782104868007	0.0	9
789	14	90	685.6	0.0	10
790	13	91	676.0	0.0	10
791	13	91	676.0	0.0	10
792	13	91	676.0	0.0	10
793	17	87	714.4000000000001	0.0	10
794	15	90	695.2	0.0	10
795	54	40	2151.1391052433996	0.0	9
796	15	89	695.2	0.0	10
797	15	90	695.2	0.0	10
798	15	89	695.2	0.0	10
799	18	88	724.0	0.0	10
800	54	40	1535.9999999999973	0.0	9
801	16	88	704.8000000000001	0.0	10
802	15	89	695.2	0.0	10
803	14	90	685.6	0.0	10
804	54	40	2235.9391052434003	0.0	9
805	15	90	695.2	0.0	10
806	14	92	685.6	0.0	10
807	15	89	695.2	0.0	10
808	15	89	695.2	0.0	10
809	54	41	1600.6173157302023	0.0	9
810	14	90	685.6	0.0	10
811	14	90	685.6	0.0	10
812	14	90	685.6	0.0	10
813	54	9	1474.095526217005	0.0	6
814	15	90	695.2	0.0	10
815	15	89	695.2	0.0	10
816	14	91	685.6	0.0	10
817	17	88	778.3391052434009	0.0	10
818	15	89	695.2	0.0	10
819	14	90	685.6	0.0	10
820	17	87	714.4000000000001	0.0	10
821	54	39	1769.5391052434015	0.0	9
822	54	40	2002.4000000000005	0.0	9
823	14	91	685.6	0.0	10
824	27	78	959.1391052434012	0.0	10
825	14	90	685.6	0.0	10
826	54	41	2046.8346314604037	0.0	9
827	21	83	752.8000000000002	0.0	10
828	53	51	1866.2782104868022	0.0	10
829	14	91	685.6	0.0	10
830	16	88	704.8000000000001	0.0	10
831	30	74	903.1391052434013	0.0	10
832	15	90	695.2	0.0	10
833	16	88	704.8000000000001	0.0	10
834	54	41	2044.8000000000004	0.0	9
835	17	87	714.4000000000001	0.0	10
836	14	90	685.6	0.0	10
837	54	40	1536.6782104867998	0.0	9
838	54	39	2363.817315730203	0.0	9
839	14	90	685.6	0.0	10
840	16	88	704.8000000000001	0.0	10
841	18	88	787.939105243401	0.0	10
842	16	88	789.6	0.0	10
843	14	90	685.6	0.0	10
844	23	83	729.6000000000001	0.0	10
845	19	86	733.6000000000001	0.0	10
846	54	40	1515.1391052433992	0.0	9
847	22	82	762.4000000000002	0.0	10
848	54	29	2214.399999999999	0.0	8
849	34	71	1344.6782104868016	0.0	10
850	16	89	704.8000000000001	0.0	10
851	15	89	695.2	0.0	10
852	18	86	724.0000000000001	0.0	10
853	37	69	1246.956420973604	0.0	10
854	15	89	695.2	0.0	10
855	15	89	695.2	0.0	10
856	15	90	695.2	0.0	10
857	17	87	714.4000000000001	0.0	10
858	26	79	949.5391052434012	0.0	10
859	17	87	714.4000000000001	0.0	10
860	18	86	724.0000000000001	0.0	10
861	18	86	724.0000000000001	0.0	10
862	16	88	704.8000000000001	0.0	10
863	18	86	724.0000000000001	0.0	10
864	21	83	752.8000000000002	0.0	10
865	27	79	810.4000000000003	0.0	10
866	29	77	829.6000000000003	0.0	10
867	17	87	714.4000000000001	0.0	10
868	54	40	2087.2000000000003	0.0	9
869	18	86	724.0000000000001	0.0	10
870	54	42	1939.1391052434014	0.0	9
871	14	90	685.6	0.0	10
872	15	90	695.2	0.0	10
873	14	90	685.6	0.0	10
874	14	90	685.6	0.0	10
875	17	88	714.4000000000001	0.0	10
876	14	90	685.6	0.0	10
877	54	40	1578.3999999999992	0.0	9
878	23	81	772.0000000000002	0.0	10
879	17	88	714.4000000000001	0.0	10
880	16	88	704.8000000000001	0.0	10
881	16	88	704.8000000000001	0.0	10
882	16	88	704.8000000000001	0.0	10
883	17	87	714.4000000000001	0.0	10
884	25	79	1109.539105243401	0.0	10
885	20	86	871.0782104868019	0.0	10
886	14	91	685.6	0.0	10
887	18	88	808.8000000000001	0.0	10
888	14	91	685.6	0.0	10
889	13	91	676.0	0.0	10
890	17	87	714.4000000000001	0.0	10
891	17	87	714.4000000000001	0.0	10
892	32	73	1049.539105243401	0.0	10
893	54	40	1303.1391052433987	0.0	9
894	18	86	724.0000000000001	0.0	10
895	17	89	714.4000000000001	0.0	10
896	31	75	933.6000000000004	0.0	10
897	54	40	1960.0000000000005	0.0	9
898	54	40	2193.5391052434006	0.0	9
899	15	89	695.2	0.0	10
900	19	85	733.6000000000001	0.0	10
901	15	89	695.2	0.0	10
902	14	90	685.6	0.0	10
903	18	86	724.0000000000001	0.0	10
904	15	89	695.2	0.0	10
905	16	90	704.8000000000001	0.0	10
906	13	91	676.0	0.0	10
907	13	91	676.0	0.0	10
908	16	88	704.8000000000001	0.0	10
909	17	87	714.4000000000001	0.0	10
910	54	39	1599.939105243401	0.0	9
911	17	88	714.4000000000001	0.0	10
912	47	59	1894.834631460405	0.0	10
913	16	88	704.8000000000001	0.0	10
914	29	77	744.8000000000004	0.0	10
915	15	89	695.2	0.0	10
916	15	90	695.2	0.0	10
917	30	76	1137.3564209736041	0.0	10
918	24	80	781.6000000000003	0.0	10
919	16	89	789.6	0.0	10
920	54	39	1684.7391052434016	0.0	9
921	15	90	695.2	0.0	10
922	54	40	2131.634631460406	0.0	9
923	16	89	704.8	0.0	10
924	13	91	676.0	0.0	10
925	15	89	695.2	0.0	10
926	54	-1	1387.9391052434012	0.0	5
927	32	74	774.9564209736043	0.0	10
928	54	40	2046.1564209736043	0.0	9
929	19	85	818.4000000000001	0.0	10
930	18	89	724.0	0.0	10
931	15	89	780.0	0.0	10
932	31	74	848.8000000000003	0.0	10
933	36	68	1194.278210486802	0.0	10
934	54	39	2279.695526217004	0.0	9
935	15	90	695.2	0.0	10
936	15	89	780.0	0.0	10
937	16	89	789.6	0.0	10
938	15	89	780.0	0.0	10
939	18	87	808.8000000000001	0.0	10
940	15	89	780.0	0.0	10
941	15	91	695.2	0.0	10
942	15	90	695.2	0.0	10
943	15	89	780.0	0.0	10
944	15	89	780.0	0.0	10
945	15	89	780.0	0.0	10
946	16	88	704.8000000000001	0.0	10
947	54	41	1536.6782104868014	0.0	9
948	13	91	676.0	0.0	10
949	18	86	1000.6173157302029	0.0	10
950	13	91	676.0	0.0	10
951	54	-23	857.600000000001	0.0	3
952	15	89	780.0	0.0	10
953	13	91	676.0	0.0	10
954	54	40	1939.1391052434003	0.0	9
955	54	39	1854.3391052434006	0.0	9
956	17	87	714.4000000000001	0.0	10
957	15	89	780.0	0.0	10
958	54	39	2087.8782104868014	0.0	9
959	39	67	1159.139105243401	0.0	10
960	54	40	2151.139105243401	0.0	9
961	14	90	685.6	0.0	10
962	32	73	922.3391052434014	0.0	10
963	40	64	1444.0000000000002	0.0	10
964	54	39	2299.8782104868014	0.0	9
965	54	10	1708.9910524340087	0.0	6
966	54	40	2533.417315730203	0.0	9
967	13	91	676.0	0.0	10
968	16	88	704.8000000000001	0.0	10
969	13	92	676.0	0.0	10
970	13	91	676.0	0.0	10
971	13	91	676.0	0.0	10
972	16	88	704.8000000000001	0.0	10
973	15	90	695.2	0.0	10
974	15	89	780.0	0.0	10
975	13	91	676.0	0.0	10
976	54	29	2066.3391052434	0.0	8
977	17	87	905.539105243401	0.0	10
978	14	90	685.6	0.0	10
979	21	84	1114.217315730203	0.0	10
980	54	39	2470.156420973604	0.0	9
981	38	67	1488.7391052434014	0.0	10
982	54	39	2342.2782104868015	0.0	9
983	26	79	885.6000000000003	0.0	10
984	16	89	853.539105243401	0.0	10
985	15	90	695.2	0.0	10
986	15	89	780.0	0.0	10
987	15	89	780.0	0.0	10
988	16	88	789.6	0.0	10
989	54	39	2638.4	0.0	9
990	15	90	780.0	0.0	10
991	15	91	695.2	0.0	10
992	30	75	1051.2000000000003	0.0	10
993	14	90	685.6	0.0	10
994	54	39	2448.617315730202	0.0	9
995	31	74	1167.1391052434012	0.0	10
996	15	90	780.0	0.0	10
997	15	89	780.0	0.0	10
998	15	89	780.0	0.0	10
999	16	88	853.539105243401	0.0	10
1000	16	88	853.539105243401	0.0	10
1001	16	88	853.539105243401	0.0	10
1002	15	91	695.2	0.0	10
1003	54	40	2023.9391052434003	0.0	9
1004	30	75	966.4000000000003	0.0	10
1005	54	28	2194.2173157302022	0.0	8
1006	16	88	853.539105243401	0.0	10
1007	16	88	853.539105243401	0.0	10
1008	54	39	1387.9391052433994	0.0	9
1009	54	29	2639.078210486802	0.0	8
1010	54	39	2427.0782104868017	0.0	9
1011	54	40	2533.4173157302025	0.0	9
1012	17	88	714.4000000000001	0.0	10
1013	17	87	863.139105243401	0.0	10
1014	15	90	695.2	0.0	10
1015	16	88	789.6	0.0	10
1016	16	88	853.539105243401	0.0	10
1017	13	91	676.0	0.0	10
1018	14	91	685.6	0.0	10
1019	14	90	749.539105243401	0.0	10
1020	16	88	853.539105243401	0.0	10
1021	16	89	789.6	0.0	10
1022	21	83	1178.1564209736039	0.0	10
1023	16	89	704.8000000000001	0.0	10
1024	54	39	1642.3391052433997	0.0	9
1025	16	90	789.6	0.0	10
1026	15	89	780.0	0.0	10
1027	15	89	780.0	0.0	10
1028	15	90	695.2	0.0	10
1029	16	88	853.539105243401	0.0	10
1030	15	91	759.139105243401	0.0	10
1031	54	39	1642.3391052433997	0.0	9
1032	54	40	1642.3391052433994	0.0	9
1033	14	90	749.539105243401	0.0	10
1034	13	91	676.0	0.0	10
1035	13	91	676.0	0.0	10
1036	14	91	685.6	0.0	10
1037	15	90	695.2	0.0	10
1038	19	85	1031.078210486802	0.0	10
1039	54	29	2512.556420973603	0.0	8
1040	54	39	2323.4519471906074	0.0	9
1041	50	55	2261.4782104868023	0.0	10
1042	46	60	1863.0173157302029	0.0	10
1043	16	88	853.539105243401	0.0	10
1044	14	90	749.539105243401	0.0	10
1045	16	88	853.539105243401	0.0	10
1046	14	91	685.6	0.0	10
1047	54	19	1621.4782104867998	0.0	7
1048	18	87	724.0	0.0	10
1049	54	39	1939.8173157302012	0.0	9
1050	13	91	676.0	0.0	10
1051	15	90	695.2	0.0	10
1052	14	92	685.6	0.0	10
1053	15	90	695.2	0.0	10
1054	16	88	704.8000000000001	0.0	10
1055	15	91	695.2	0.0	10
1056	14	91	685.6	0.0	10
1057	19	85	1031.078210486802	0.0	10
1058	54	39	2129.5999999999995	0.0	9
1059	17	87	799.2	0.0	10
1060	16	88	853.539105243401	0.0	10
1061	14	91	685.6	0.0	10
1062	13	91	676.0	0.0	10
1063	13	91	676.0	0.0	10
1064	18	87	724.0000000000001	0.0	10
1065	17	87	799.2	0.0	10
1066	17	87	714.4000000000001	0.0	10
1067	54	-1	1941.173736703807	0.0	5
1068	14	90	685.6	0.0	10
1069	15	89	780.0	0.0	10
1070	15	90	695.2	0.0	10
1071	16	89	704.8	0.0	10
1072	16	88	853.539105243401	0.0	10
1073	15	90	695.2	0.0	10
1074	16	89	704.8	0.0	10
1075	13	91	676.0	0.0	10
1076	15	90	695.2	0.0	10
1077	14	90	749.539105243401	0.0	10
1078	15	90	695.2	0.0	10
1079	16	88	704.8000000000001	0.0	10
1080	15	90	780.0	0.0	10
1081	15	89	759.139105243401	0.0	10
1082	15	89	780.0	0.0	10
1083	16	88	704.8000000000001	0.0	10
1084	54	39	1323.999999999999	0.0	9
1085	15	90	695.2	0.0	10
1086	15	91	695.2	0.0	10
1087	54	40	1685.4173157302005	0.0	9
1088	15	90	695.2	0.0	10
1089	14	90	749.539105243401	0.0	10
1090	14	91	685.6	0.0	10
1091	15	89	695.2	0.0	10
1092	13	91	676.0	0.0	10
1093	16	89	704.8000000000001	0.0	10
1094	17	88	714.4000000000001	0.0	10
1095	17	87	714.4000000000001	0.0	10
1096	16	88	789.6	0.0	10
1097	17	88	842.278210486802	0.0	10
1098	54	40	2067.0173157302015	0.0	9
1099	14	91	685.6	0.0	10
1100	14	91	728.678210486802	0.0	10
1101	54	39	2194.2173157302013	0.0	9
1102	13	91	676.0	0.0	10
1103	15	90	695.2	0.0	10
1104	17	89	714.4	0.0	10
1105	14	91	685.6	0.0	10
1106	16	88	789.6	0.0	10
1107	20	84	1104.6173157302028	0.0	10
1108	14	90	685.6	0.0	10
1109	16	89	704.8000000000001	0.0	10
1110	16	89	704.8000000000001	0.0	10
1111	15	90	695.2	0.0	10
1112	18	86	808.8000000000001	0.0	10
1113	17	87	863.139105243401	0.0	10
1114	17	87	863.139105243401	0.0	10
1115	54	40	2129.6	0.0	9
1116	15	90	695.2	0.0	10
1117	14	90	685.6	0.0	10
1118	14	91	685.6	0.0	10
1119	14	90	685.6	0.0	10
1120	14	90	685.6	0.0	10
1121	54	41	1599.9391052434007	0.0	9
1122	54	39	1747.9999999999977	0.0	9
1123	16	89	789.6	0.0	10
1124	31	73	1655.078210486802	0.0	10
1125	15	89	780.0	0.0	10
1126	54	31	2046.1564209736034	0.0	8
1127	14	91	685.6	0.0	10
1128	15	90	695.2	0.0	10
1129	13	91	676.0	0.0	10
1130	15	90	695.2	0.0	10
1131	15	89	695.2	0.0	10
1132	13	91	676.0	0.0	10
1133	13	91	676.0	0.0	10
1134	16	89	704.8	0.0	10
1135	13	91	676.0	0.0	10
1136	15	90	695.2	0.0	10
1137	14	90	685.6	0.0	10
1138	14	91	685.6	0.0	10
1139	13	91	676.0	0.0	10
1140	14	91	685.6	0.0	10
1141	15	89	780.0	0.0	10
1142	15	90	780.0	0.0	10
1143	14	91	685.6	0.0	10
1144	17	89	714.4000000000001	0.0	10
1145	15	89	695.2	0.0	10
1146	39	67	1796.4955262170045	0.0	10
1147	17	89	714.4000000000001	0.0	10
1148	14	91	685.6	0.0	10
1149	54	29	1494.2782104868004	0.0	8
1150	17	88	714.4000000000001	0.0	10
1151	14	90	685.6	0.0	10
1152	30	74	1539.817315730203	0.0	10
1153	14	90	685.6	0.0	10
1154	14	90	685.6	0.0	10
1155	16	88	832.6782104868018	0.0	10
1156	14	90	685.6	0.0	10
1157	14	90	685.6	0.0	10
1158	16	89	704.8000000000001	0.0	10
1159	21	84	816.7391052434011	0.0	10
1160	15	90	695.2	0.0	10
1161	54	39	2363.817315730202	0.0	9
1162	18	88	808.8000000000001	0.0	10
1163	54	39	1770.895526217003	0.0	9
1164	15	90	695.2	0.0	10
1165	19	86	818.4000000000001	0.0	10
1166	18	88	724.0	0.0	10
1167	17	89	863.139105243401	0.0	10
1168	54	40	1876.5564209736021	0.0	9
1169	21	84	752.8000000000001	0.0	10
1170	15	89	780.0	0.0	10
1171	14	92	685.6	0.0	10
1172	14	91	685.6	0.0	10
1173	31	76	1019.756420973604	0.0	10
1174	14	90	685.6	0.0	10
1175	21	83	1050.278210486802	0.0	10
1176	34	71	1344.678210486802	0.0	10
1177	15	89	780.0	0.0	10
1178	15	89	780.0	0.0	10
1179	16	89	789.6	0.0	10
1180	16	89	704.8	0.0	10
1181	14	91	685.6	0.0	10
1182	18	88	724.0	0.0	10
1183	54	39	1431.0173157301997	0.0	9
1184	15	89	780.0	0.0	10
1185	17	89	714.4	0.0	10
1186	14	90	728.0	0.0	10
1187	13	91	676.0	0.0	10
1188	13	91	676.0	0.0	10
1189	13	91	676.0	0.0	10
1190	15	91	695.2	0.0	10
1191	17	87	863.139105243401	0.0	10
1192	14	90	685.6	0.0	10
1193	14	90	685.6	0.0	10
1194	14	90	685.6	0.0	10
1195	15	89	780.0	0.0	10
1196	19	86	733.6000000000001	0.0	10
1197	14	90	685.6	0.0	10
1198	14	90	685.6	0.0	10
1199	16	88	704.8000000000001	0.0	10
1200	19	86	733.6	0.0	10
1201	54	40	2302.5910524340075	0.0	9
1202	16	88	768.739105243401	0.0	10
1203	16	88	704.8000000000001	0.0	10
1204	19	87	733.6	0.0	10
1205	17	88	799.2	0.0	10
1206	17	87	863.139105243401	0.0	10
1207	15	91	695.2	0.0	10
1208	17	87	714.4000000000001	0.0	10
1209	18	88	724.0	0.0	10
1210	16	88	704.8000000000001	0.0	10
1211	54	30	1452.556420973603	0.0	8
1212	14	90	685.6	0.0	10
1213	23	81	835.9391052434012	0.0	10
1214	42	64	1634.8346314604057	0.0	10
1215	23	82	920.7391052434011	0.0	10
1216	23	82	835.9391052434012	0.0	10
1217	43	64	1623.5737367038064	0.0	10
1218	15	89	695.2	0.0	10
1219	54	41	1665.9128419472063	0.0	9
1220	14	90	685.6	0.0	10
1221	14	90	685.6	0.0	10
1222	14	91	685.6	0.0	10
1223	15	89	695.2	0.0	10
1224	19	85	882.339105243401	0.0	10
1225	19	85	733.6000000000001	0.0	10
1226	18	87	724.0000000000001	0.0	10
1227	15	91	695.2	0.0	10
1228	14	90	685.6	0.0	10
1229	17	89	714.4	0.0	10
1230	16	89	704.8000000000001	0.0	10
1231	14	90	685.6	0.0	10
1232	14	90	685.6	0.0	10
1233	16	91	704.8	0.0	10
1234	16	88	704.8000000000001	0.0	10
1235	54	9	1643.695526217004	0.0	6
1236	16	89	704.8000000000001	0.0	10
1237	15	89	695.2	0.0	10
1238	16	88	704.8000000000001	0.0	10
1239	23	81	835.9391052434012	0.0	10
1240	22	82	826.3391052434011	0.0	10
1241	44	62	1271.7564209736042	0.0	10
1242	21	83	816.7391052434011	0.0	10
1243	17	88	714.4000000000001	0.0	10
1244	54	41	1579.7564209736026	0.0	9
1245	54	30	1982.895526217004	0.0	8
1246	17	89	714.4000000000001	0.0	10
1247	22	82	826.3391052434011	0.0	10
1248	52	54	1815.6346314604048	0.0	10
1249	21	83	816.7391052434011	0.0	10
1250	21	84	816.7391052434011	0.0	10
1251	21	84	816.7391052434011	0.0	10
1252	21	83	816.7391052434011	0.0	10
1253	41	64	1135.9391052434014	0.0	10
1254	18	86	872.739105243401	0.0	10
1255	15	89	695.2	0.0	10
1256	15	90	695.2	0.0	10
1257	54	39	1537.3564209736016	0.0	9
1258	17	88	799.2	0.0	10
1259	20	84	828.6782104868021	0.0	10
1260	22	82	826.3391052434011	0.0	10
1261	21	83	816.7391052434011	0.0	10
1262	20	84	807.1391052434011	0.0	10
1263	20	84	807.1391052434011	0.0	10
1264	22	82	826.3391052434011	0.0	10
1265	20	84	807.1391052434011	0.0	10
1266	27	77	1087.0173157302029	0.0	10
1267	20	84	807.1391052434011	0.0	10
1268	22	82	826.3391052434011	0.0	10
1269	16	89	704.8000000000001	0.0	10
1270	14	90	685.6	0.0	10
1271	15	89	695.2	0.0	10
1272	14	91	685.6	0.0	10
1273	18	89	724.0000000000001	0.0	10
1274	15	90	695.2	0.0	10
1275	15	90	695.2	0.0	10
1276	15	90	695.2	0.0	10
1277	15	90	695.2	0.0	10
1278	15	89	695.2	0.0	10
1279	14	90	685.6	0.0	10
1280	14	91	685.6	0.0	10
1281	14	90	685.6	0.0	10
1282	14	90	685.6	0.0	10
1283	15	89	695.2	0.0	10
1284	16	88	704.8000000000001	0.0	10
1285	19	86	797.5391052434011	0.0	10
1286	14	90	685.6	0.0	10
1287	15	89	695.2	0.0	10
1288	14	90	685.6	0.0	10
1289	17	89	714.4000000000001	0.0	10
1290	17	88	863.139105243401	0.0	10
1291	15	90	695.2	0.0	10
1292	17	87	863.139105243401	0.0	10
1293	14	90	685.6	0.0	10
1294	19	85	797.5391052434011	0.0	10
1295	16	88	704.8000000000001	0.0	10
1296	19	86	797.539105243401	0.0	10
1297	16	89	704.8000000000001	0.0	10
1298	14	90	685.6	0.0	10
1299	18	87	724.0000000000001	0.0	10
1300	14	91	685.6	0.0	10
1301	16	90	704.8	0.0	10
1302	18	88	787.939105243401	0.0	10
1303	19	86	797.5391052434011	0.0	10
1304	15	90	695.2	0.0	10
1305	15	91	695.2	0.0	10
1306	15	90	695.2	0.0	10
1307	15	89	695.2	0.0	10
1308	15	90	695.2	0.0	10
1309	15	89	780.0	0.0	10
1310	15	89	823.0782104868019	0.0	10
1311	14	90	685.6	0.0	10
1312	15	90	695.2	0.0	10
1313	18	88	724.0	0.0	10
1314	16	89	704.8000000000001	0.0	10
1315	14	90	685.6	0.0	10
1316	15	90	695.2	0.0	10
1317	18	86	872.739105243401	0.0	10
1318	16	88	704.8000000000001	0.0	10
1319	16	90	704.8	0.0	10
1320	15	89	695.2	0.0	10
1321	15	90	695.2	0.0	10
1322	14	90	685.6	0.0	10
1323	16	89	704.8	0.0	10
1324	15	89	695.2	0.0	10
1325	17	87	714.4000000000001	0.0	10
1326	15	89	695.2	0.0	10
1327	18	88	724.0	0.0	10
1328	15	89	695.2	0.0	10
1329	17	89	714.4000000000001	0.0	10
1330	18	86	787.9391052434011	0.0	10
1331	16	89	704.8000000000001	0.0	10
1332	18	87	787.9391052434011	0.0	10
1333	18	86	787.9391052434011	0.0	10
1334	15	90	695.2	0.0	10
1335	15	90	695.2	0.0	10
1336	15	89	695.2	0.0	10
1337	15	89	695.2	0.0	10
1338	54	41	1366.3999999999987	0.0	9
1339	16	88	704.8000000000001	0.0	10
1340	15	89	695.2	0.0	10
1341	15	89	695.2	0.0	10
1342	18	87	724.0	0.0	10
1343	15	90	695.2	0.0	10
1344	15	89	695.2	0.0	10
1345	18	86	724.0	0.0	10
1346	15	90	695.2	0.0	10
1347	15	89	695.2	0.0	10
1348	15	90	695.2	0.0	10
1349	18	86	787.9391052434011	0.0	10
1350	15	89	695.2	0.0	10
1351	54	-11	1007.0173157302038	0.0	4
1352	14	90	685.6	0.0	10
1353	14	90	685.6	0.0	10
1354	14	91	685.6	0.0	10
1355	19	85	882.339105243401	0.0	10
1356	17	87	714.4000000000001	0.0	10
1357	16	88	768.739105243401	0.0	10
1358	14	90	685.6	0.0	10
1359	54	42	1154.3999999999994	0.0	9
1360	14	90	685.6	0.0	10
1361	15	90	695.2	0.0	10
1362	54	39	1303.1391052433985	0.0	9
1363	54	39	1451.1999999999987	0.0	9
1364	15	89	695.2	0.0	10
1365	15	91	695.2	0.0	10
1366	14	91	685.6	0.0	10
1367	16	88	704.8000000000001	0.0	10
1368	17	88	799.2	0.0	10
1369	14	90	685.6	0.0	10
1370	16	91	704.8000000000001	0.0	10
1371	16	89	704.8000000000001	0.0	10
1372	16	88	704.8000000000001	0.0	10
1373	54	41	1430.3391052434006	0.0	9
1374	17	88	863.139105243401	0.0	10
1375	15	90	695.2	0.0	10
1376	16	89	704.8	0.0	10
1377	13	91	676.0	0.0	10
1378	15	91	695.2	0.0	10
1379	14	91	685.6	0.0	10
1380	13	91	676.0	0.0	10
1381	15	89	695.2	0.0	10
1382	14	91	685.6	0.0	10
1383	14	91	685.6	0.0	10
1384	54	42	1430.3391052434	0.0	9
1385	16	88	704.8000000000001	0.0	10
1386	15	90	695.2	0.0	10
1387	15	89	695.2	0.0	10
1388	16	88	832.678210486802	0.0	10
1389	18	87	724.0000000000001	0.0	10
1390	16	89	704.8000000000001	0.0	10
1391	15	89	780.0	0.0	10
1392	15	89	780.0	0.0	10
1393	15	90	695.2	0.0	10
1394	18	86	724.0	0.0	10
1395	16	90	704.8000000000001	0.0	10
1396	16	88	704.8000000000001	0.0	10
1397	16	88	704.8000000000001	0.0	10
1398	54	29	1410.1564209736032	0.0	8
1399	13	91	676.0	0.0	10
1400	14	90	685.6	0.0	10
1401	16	90	704.8000000000001	0.0	10
1402	14	90	728.678210486802	0.0	10
1403	54	30	1325.3564209736032	0.0	8
1404	14	90	685.6	0.0	10
1405	14	90	685.6	0.0	10
1406	15	89	695.2	0.0	10
1407	15	92	695.2	0.0	10
1408	54	39	1366.3999999999996	0.0	9
1409	16	89	704.8000000000001	0.0	10
1410	15	89	780.0	0.0	10
1411	15	90	695.2	0.0	10
1412	15	89	695.2	0.0	10
1413	15	90	695.2	0.0	10
1414	15	90	695.2	0.0	10
1415	54	39	1472.7391052433995	0.0	9
1416	54	39	1430.3391052434	0.0	9
1417	15	89	780.0	0.0	10
1418	13	91	676.0	0.0	10
1419	13	91	676.0	0.0	10
1420	14	91	685.6	0.0	10
1421	14	90	685.6	0.0	10
1422	14	91	685.6	0.0	10
1423	13	91	676.0	0.0	10
1424	15	89	695.2	0.0	10
1425	54	39	1451.1999999999987	0.0	9
1426	18	86	787.9391052434011	0.0	10
1427	15	89	780.0	0.0	10
1428	20	85	955.8782104868019	0.0	10
1429	54	39	1600.6173157302003	0.0	9
1430	17	88	714.4000000000001	0.0	10
1431	16	89	789.6	0.0	10
1432	17	88	714.4000000000001	0.0	10
1433	13	91	676.0	0.0	10
1434	13	91	676.0	0.0	10
1435	13	91	676.0	0.0	10
1436	15	90	695.2	0.0	10
1437	15	91	695.2	0.0	10
1438	14	90	685.6	0.0	10
1439	16	88	789.6	0.0	10
1440	15	90	695.2	0.0	10
1441	13	91	676.0	0.0	10
1442	14	91	685.6	0.0	10
1443	15	91	695.2	0.0	10
1444	16	89	704.8000000000001	0.0	10
1445	16	88	704.8000000000001	0.0	10
1446	15	89	695.2	0.0	10
1447	15	90	695.2	0.0	10
1448	14	91	685.6	0.0	10
1449	13	91	676.0	0.0	10
1450	54	19	1367.0782104868015	0.0	7
1451	15	90	695.2	0.0	10
1452	15	90	780.0	0.0	10
1453	16	89	789.6	0.0	10
1454	17	89	714.4000000000001	0.0	10
1455	16	88	789.6	0.0	10
1456	16	88	789.6	0.0	10
1457	54	39	1579.0782104867992	0.0	9
1458	54	39	1451.1999999999987	0.0	9
1459	54	32	1366.399999999999	0.0	8
1460	16	88	789.6	0.0	10
1461	16	89	789.6	0.0	10
1462	19	86	733.6000000000001	0.0	10
1463	14	90	685.6	0.0	10
1464	14	91	685.6	0.0	10
1465	14	91	685.6	0.0	10
1466	54	41	1345.5391052433995	0.0	9
1467	15	90	695.2	0.0	10
1468	16	88	789.6	0.0	10
1469	54	41	1366.3999999999983	0.0	9
1470	16	88	789.6	0.0	10
1471	16	89	789.6	0.0	10
1472	18	86	724.0000000000001	0.0	10
1473	19	85	797.539105243401	0.0	10
1474	16	89	789.6	0.0	10
1475	16	88	789.6	0.0	10
1476	16	89	789.6	0.0	10
1477	14	90	685.6	0.0	10
1478	16	88	789.6	0.0	10
1479	14	91	685.6	0.0	10
1480	14	90	685.6	0.0	10
1481	14	90	685.6	0.0	10
1482	15	91	695.2	0.0	10
1483	18	87	787.939105243401	0.0	10
1484	14	90	685.6	0.0	10
1485	13	91	676.0	0.0	10
1486	15	89	780.0	0.0	10
1487	15	89	780.0	0.0	10
1488	17	88	863.139105243401	0.0	10
1489	15	89	695.2	0.0	10
1490	17	88	863.139105243401	0.0	10
1491	14	91	685.6	0.0	10
1492	15	89	780.0	0.0	10
1493	15	89	780.0	0.0	10
1494	16	90	789.6	0.0	10
1495	15	89	780.0	0.0	10
1496	54	39	1642.3391052433992	0.0	9
1497	14	91	685.6	0.0	10
1498	14	90	685.6	0.0	10
1499	17	90	714.4000000000001	0.0	10
1500	15	91	695.2	0.0	10
1501	16	89	789.6	0.0	10
1502	14	90	685.6	0.0	10
1503	15	90	695.2	0.0	10
1504	14	91	685.6	0.0	10
1505	16	88	789.6	0.0	10
1506	15	90	780.0	0.0	10
1507	14	91	685.6	0.0	10
1508	16	89	789.6	0.0	10
1509	16	88	832.6782104868018	0.0	10
1510	15	89	780.0	0.0	10
1511	13	91	676.0	0.0	10
1512	14	90	685.6	0.0	10
1513	15	89	695.2	0.0	10
1514	14	91	685.6	0.0	10
1515	14	90	749.539105243401	0.0	10
1516	14	92	685.6	0.0	10
1517	17	88	714.4	0.0	10
1518	14	90	685.6	0.0	10
1519	14	90	685.6	0.0	10
1520	16	90	704.8	0.0	10
1521	15	90	695.2	0.0	10
1522	15	89	780.0	0.0	10
1523	15	89	780.0	0.0	10
1524	15	89	780.0	0.0	10
1525	15	89	695.2	0.0	10
1526	17	89	714.4000000000001	0.0	10
1527	17	88	778.339105243401	0.0	10
1528	15	89	780.0	0.0	10
1529	13	91	676.0	0.0	10
1530	14	91	685.6	0.0	10
1531	18	86	787.9391052434011	0.0	10
1532	14	90	685.6	0.0	10
1533	15	90	695.2	0.0	10
1534	13	91	676.0	0.0	10
1535	15	91	695.2	0.0	10
1536	15	89	780.0	0.0	10
1537	16	89	704.8	0.0	10
1538	14	90	685.6	0.0	10
1539	14	91	685.6	0.0	10
1540	15	89	695.2	0.0	10
1541	54	39	2320.7391052434014	0.0	9
1542	18	87	808.8	0.0	10
1543	16	90	704.8000000000001	0.0	10
1544	16	90	704.8000000000001	0.0	10
1545	16	89	704.8	0.0	10
1546	17	88	799.2	0.0	10
1547	15	89	780.0	0.0	10
1548	16	88	789.6	0.0	10
1549	17	90	714.4000000000001	0.0	10
1550	17	87	884.0	0.0	10
1551	16	88	789.6	0.0	10
1552	16	90	704.8	0.0	10
1553	15	89	780.0	0.0	10
1554	14	90	685.6	0.0	10
1555	16	88	789.6	0.0	10
1556	15	89	780.0	0.0	10
1557	14	90	685.6	0.0	10
1558	14	90	685.6	0.0	10
1559	16	88	789.6	0.0	10
1560	15	89	780.0	0.0	10
1561	15	90	695.2	0.0	10
1562	16	88	768.739105243401	0.0	10
1563	15	89	780.0	0.0	10
1564	15	89	780.0	0.0	10
1565	17	88	714.4000000000001	0.0	10
1566	16	88	704.8000000000001	0.0	10
1567	14	91	685.6	0.0	10
1568	14	91	749.539105243401	0.0	10
1569	15	89	780.0	0.0	10
1570	15	89	780.0	0.0	10
1571	15	89	780.0	0.0	10
1572	17	89	714.4000000000001	0.0	10
1573	15	89	780.0	0.0	10
1574	54	42	2193.539105243401	0.0	9
1575	16	89	789.6	0.0	10
1576	17	89	714.4000000000001	0.0	10
1577	14	90	685.6	0.0	10
1578	14	90	685.6	0.0	10
1579	18	87	872.739105243401	0.0	10
1580	15	91	695.2	0.0	10
1581	54	40	2745.417315730203	0.0	9
1582	14	90	685.6	0.0	10
1583	15	90	695.2	0.0	10
1584	16	88	789.6	0.0	10
1585	15	89	780.0	0.0	10
1586	16	88	789.6	0.0	10
1587	15	89	780.0	0.0	10
1588	14	90	685.6	0.0	10
1589	14	91	685.6	0.0	10
1590	13	91	676.0	0.0	10
1591	16	89	704.8000000000001	0.0	10
1592	14	91	685.6	0.0	10
1593	14	90	685.6	0.0	10
1594	15	90	695.2	0.0	10
1595	14	90	685.6	0.0	10
1596	15	91	695.2	0.0	10
1597	16	88	704.8000000000001	0.0	10
1598	15	89	780.0	0.0	10
1599	16	88	704.8000000000001	0.0	10
1600	14	90	685.6	0.0	10
1601	14	90	685.6	0.0	10
1602	14	91	685.6	0.0	10
1603	13	91	676.0	0.0	10
1604	15	89	780.0	0.0	10
1605	15	90	780.0	0.0	10
1606	15	91	695.2	0.0	10
1607	15	89	780.0	0.0	10
1608	17	89	778.3391052434009	0.0	10
1609	15	89	695.2	0.0	10
1610	54	39	2511.2000000000003	0.0	9
1611	15	90	780.0	0.0	10
1612	14	90	685.6	0.0	10
1613	14	90	685.6	0.0	10
1614	17	87	714.4000000000001	0.0	10
1615	15	89	780.0	0.0	10
1616	15	89	695.2	0.0	10
1617	18	87	851.878210486802	0.0	10
1618	15	89	780.0	0.0	10
1619	16	88	789.6	0.0	10
1620	54	39	2426.4	0.0	9
1621	17	88	714.4000000000001	0.0	10
1622	14	90	685.6	0.0	10
1623	15	89	780.0	0.0	10
1624	14	90	685.6	0.0	10
1625	14	91	685.6	0.0	10
1626	15	89	780.0	0.0	10
1627	16	89	704.8	0.0	10
1628	17	87	927.0782104868019	0.0	10
1629	17	88	863.139105243401	0.0	10
1630	16	88	789.6	0.0	10
1631	18	87	787.9391052434011	0.0	10
1632	16	88	789.6	0.0	10
1633	54	41	2044.7999999999993	0.0	9
1634	16	90	704.8	0.0	10
1635	15	89	695.2	0.0	10
1636	14	91	685.6	0.0	10
1637	18	88	787.939105243401	0.0	10
1638	14	91	685.6	0.0	10
1639	14	90	685.6	0.0	10
1640	15	89	695.2	0.0	10
1641	19	88	797.539105243401	0.0	10
1642	14	90	685.6	0.0	10
1643	14	91	685.6	0.0	10
1644	15	90	695.2	0.0	10
1645	54	41	2384.0	0.0	9
1646	54	41	2172.678210486802	0.0	9
1647	14	90	685.6	0.0	10
1648	16	88	832.678210486802	0.0	10
1649	14	91	685.6	0.0	10
1650	14	91	685.6	0.0	10
1651	15	89	695.2	0.0	10
1652	54	41	1939.1391052434014	0.0	9
1653	16	88	704.8000000000001	0.0	10
1654	15	89	695.2	0.0	10
1655	15	89	780.0	0.0	10
1656	17	88	863.139105243401	0.0	10
1657	15	90	695.2	0.0	10
1658	15	90	695.2	0.0	10
1659	16	89	832.6782104868018	0.0	10
1660	16	89	704.8	0.0	10
1661	17	87	863.139105243401	0.0	10
1662	14	91	685.6	0.0	10
1663	15	90	695.2	0.0	10
1664	15	89	780.0	0.0	10
1665	14	91	685.6	0.0	10
1666	15	89	780.0	0.0	10
1667	15	89	780.0	0.0	10
1668	17	89	799.2	0.0	10
1669	15	89	780.0	0.0	10
1670	54	40	2023.9391052434005	0.0	9
1671	15	90	695.2	0.0	10
1672	15	89	695.2	0.0	10
1673	16	88	789.6	0.0	10
1674	17	88	714.4000000000001	0.0	10
1675	16	88	789.6	0.0	10
1676	17	88	799.2	0.0	10
1677	15	89	780.0	0.0	10
1678	16	88	704.8000000000001	0.0	10
1679	54	20	2151.8173157302035	0.0	7
1680	14	90	685.6	0.0	10
1681	16	89	789.6	0.0	10
1682	15	89	780.0	0.0	10
1683	16	88	789.6	0.0	10
1684	15	90	695.2	0.0	10
1685	15	90	695.2	0.0	10
1686	14	91	685.6	0.0	10
1687	15	90	695.2	0.0	10
1688	17	87	799.2	0.0	10
1689	15	89	780.0	0.0	10
1690	16	88	789.6	0.0	10
1691	15	89	780.0	0.0	10
1692	54	39	1154.3999999999994	0.0	9
1693	17	87	799.2	0.0	10
1694	54	19	2365.1737367038063	0.0	7
1695	54	42	2025.2955262170035	0.0	9
1696	54	40	1154.3999999999994	0.0	9
1697	16	89	789.6	0.0	10
1698	15	89	780.0	0.0	10
1699	15	89	780.0	0.0	10
1700	16	88	789.6	0.0	10
1701	54	40	1792.4346314604034	0.0	9
1702	14	90	685.6	0.0	10
1703	54	40	1452.5564209736012	0.0	9
1704	16	88	789.6	0.0	10
1705	15	89	780.0	0.0	10
1706	54	40	1366.3999999999985	0.0	9
1707	54	40	2299.878210486802	0.0	9
1708	14	90	685.6	0.0	10
1709	14	91	685.6	0.0	10
1710	54	29	2512.556420973604	0.0	8
1711	15	90	695.2	0.0	10
1712	16	89	704.8	0.0	10
1713	54	40	1897.417315730203	0.0	9
1714	15	90	695.2	0.0	10
1715	54	29	2491.0173157302024	0.0	8
1716	14	91	685.6	0.0	10
1717	14	90	685.6	0.0	10
1718	54	42	2299.8782104868023	0.0	9
1719	16	88	789.6	0.0	10
1720	54	19	2618.8955262170043	0.0	7
1721	15	89	695.2	0.0	10
1722	14	91	685.6	0.0	10
1723	15	89	780.0	0.0	10
1724	17	87	927.0782104868019	0.0	10
1725	54	19	2575.8173157302026	0.0	7
1726	15	91	695.2	0.0	10
1727	16	89	789.6	0.0	10
1728	15	89	695.2	0.0	10
1729	16	90	704.8	0.0	10
1730	54	40	1388.6173157302007	0.0	9
1731	14	91	685.6	0.0	10
1732	15	90	695.2	0.0	10
1733	15	89	695.2	0.0	10
1734	14	91	685.6	0.0	10
1735	14	91	685.6	0.0	10
1736	14	91	685.6	0.0	10
1737	16	88	789.6	0.0	10
1738	14	91	685.6	0.0	10
1739	15	89	695.2	0.0	10
1740	15	89	695.2	0.0	10
1741	16	89	704.8	0.0	10
1742	16	89	789.6	0.0	10
1743	16	90	789.6	0.0	10
1744	15	89	780.0	0.0	10
1745	14	90	685.6	0.0	10
1746	16	88	853.539105243401	0.0	10
1747	16	89	768.7391052434009	0.0	10
1748	15	90	695.2	0.0	10
1749	14	90	685.6	0.0	10
1750	16	88	789.6	0.0	10
1751	16	88	789.6	0.0	10
1752	15	89	695.2	0.0	10
1753	15	89	695.2	0.0	10
1754	15	89	780.0	0.0	10
1755	16	88	704.8000000000001	0.0	10
1756	15	89	695.2	0.0	10
1757	15	89	695.2	0.0	10
1758	54	29	2705.051947190608	0.0	8
1759	15	89	695.2	0.0	10
1760	15	90	695.2	0.0	10
1761	54	-2	2365.8519471906084	0.0	5
1762	17	88	799.2	0.0	10
1763	15	89	695.2	0.0	10
1764	15	89	695.2	0.0	10
1765	16	89	704.8	0.0	10
1766	15	89	695.2	0.0	10
1767	15	89	695.2	0.0	10
1768	16	89	704.8000000000001	0.0	10
1769	15	89	695.2	0.0	10
1770	15	90	695.2	0.0	10
1771	54	40	2703.0173157302024	0.0	9
1772	54	41	2151.139105243401	0.0	9
1773	15	89	695.2	0.0	10
1774	16	89	768.7391052434009	0.0	10
1775	15	89	695.2	0.0	10
1776	15	89	695.2	0.0	10
1777	16	88	704.8000000000001	0.0	10
1778	15	90	695.2	0.0	10
1779	15	89	695.2	0.0	10
1780	15	91	695.2	0.0	10
1781	16	90	704.8	0.0	10
1782	54	29	2555.6346314604057	0.0	8
1783	15	89	695.2	0.0	10
1784	15	90	695.2	0.0	10
1785	16	91	704.8000000000001	0.0	10
1786	16	89	789.6	0.0	10
1787	15	92	695.2	0.0	10
1788	15	89	695.2	0.0	10
1789	14	92	685.6	0.0	10
1790	16	88	704.8000000000001	0.0	10
1791	16	89	704.8000000000001	0.0	10
1792	15	89	695.2	0.0	10
1793	54	40	2576.495526217005	0.0	9
1794	15	90	695.2	0.0	10
1795	15	90	695.2	0.0	10
1796	15	89	695.2	0.0	10
1797	14	91	685.6	0.0	10
1798	15	89	695.2	0.0	10
1799	15	89	695.2	0.0	10
1800	15	90	695.2	0.0	10
1801	15	92	695.2	0.0	10
1802	15	89	695.2	0.0	10
1803	15	90	695.2	0.0	10
1804	17	88	714.4000000000001	0.0	10
1805	16	89	704.8000000000001	0.0	10
1806	16	88	704.8000000000001	0.0	10
1807	54	41	2448.617315730203	0.0	9
1808	15	89	695.2	0.0	10
1809	16	88	704.8000000000001	0.0	10
1810	17	88	799.2	0.0	10
1811	47	58	2084.617315730202	0.0	10
1812	17	90	714.4000000000001	0.0	10
1813	16	88	704.8000000000001	0.0	10
1814	18	86	893.6	0.0	10
1815	15	89	695.2	0.0	10
1816	15	89	695.2	0.0	10
1817	15	89	695.2	0.0	10
1818	15	89	695.2	0.0	10
1819	15	90	695.2	0.0	10
1820	15	89	695.2	0.0	10
1821	54	42	1111.9999999999998	0.0	9
1822	54	39	1154.3999999999994	0.0	9
1823	15	90	695.2	0.0	10
1824	14	90	685.6	0.0	10
1825	16	88	789.6	0.0	10
1826	16	88	789.6	0.0	10
1827	16	88	789.6	0.0	10
1828	15	89	695.2	0.0	10
1829	16	88	704.8000000000001	0.0	10
1830	17	88	714.4000000000001	0.0	10
1831	17	87	714.4000000000001	0.0	10
1832	16	90	704.8	0.0	10
1833	15	89	695.2	0.0	10
1834	16	88	789.6	0.0	10
1835	16	88	789.6	0.0	10
1836	15	89	695.2	0.0	10
1837	15	89	695.2	0.0	10
1838	17	88	799.2	0.0	10
1839	15	89	695.2	0.0	10
1840	14	90	685.6	0.0	10
1841	54	39	1196.7999999999995	0.0	9
1842	17	87	799.2	0.0	10
1843	16	88	704.8000000000001	0.0	10
1844	17	87	714.4000000000001	0.0	10
1845	16	88	789.6	0.0	10
1846	54	39	1196.799999999999	0.0	9
1847	16	88	789.6	0.0	10
1848	54	39	1408.7999999999993	0.0	9
1849	17	87	884.0	0.0	10
1850	41	63	1242.278210486802	0.0	10
1851	17	87	884.0	0.0	10
1852	53	51	2058.7737367038058	0.0	10
1853	16	89	789.6	0.0	10
1854	17	87	778.339105243401	0.0	10
1855	16	88	704.8000000000001	0.0	10
1856	16	88	704.8000000000001	0.0	10
1857	16	89	704.8000000000001	0.0	10
1858	17	87	884.0	0.0	10
1859	16	89	789.6	0.0	10
1860	15	89	695.2	0.0	10
1861	16	89	704.8000000000001	0.0	10
1862	15	89	695.2	0.0	10
1863	16	89	704.8000000000001	0.0	10
1864	16	88	704.8000000000001	0.0	10
1865	19	86	946.278210486802	0.0	10
1866	17	88	799.2	0.0	10
1867	17	88	799.2	0.0	10
1868	16	88	704.8000000000001	0.0	10
1869	16	88	704.8000000000001	0.0	10
1870	17	87	714.4000000000001	0.0	10
1871	54	19	1219.6955262170034	0.0	7
1872	19	89	818.4000000000001	0.0	10
1873	15	89	695.2	0.0	10
1874	16	90	704.8	0.0	10
1875	16	89	789.6	0.0	10
1876	16	88	704.8000000000001	0.0	10
1877	15	89	695.2	0.0	10
1878	15	89	695.2	0.0	10
1879	15	89	780.0	0.0	10
1880	14	91	685.6	0.0	10
1881	14	90	685.6	0.0	10
1882	15	90	695.2	0.0	10
1883	15	90	780.0	0.0	10
1884	15	89	695.2	0.0	10
1885	14	90	685.6	0.0	10
1886	14	90	685.6	0.0	10
1887	15	89	780.0	0.0	10
1888	15	89	695.2	0.0	10
1889	14	90	685.6	0.0	10
1890	17	89	714.4000000000001	0.0	10
1891	14	90	749.539105243401	0.0	10
1892	16	89	789.6	0.0	10
1893	14	90	685.6	0.0	10
1894	14	91	685.6	0.0	10
1895	15	89	780.0	0.0	10
1896	54	30	1771.5737367038055	0.0	8
1897	14	90	685.6	0.0	10
1898	14	90	685.6	0.0	10
1899	14	90	685.6	0.0	10
1900	14	91	685.6	0.0	10
1901	15	90	695.2	0.0	10
1902	54	39	1239.1999999999982	0.0	9
1903	15	89	780.0	0.0	10
1904	16	88	704.8000000000001	0.0	10
1905	16	88	704.8000000000001	0.0	10
1906	15	89	695.2	0.0	10
1907	17	87	714.4000000000001	0.0	10
1908	15	89	780.0	0.0	10
1909	15	89	780.0	0.0	10
1910	17	87	714.4000000000001	0.0	10
1911	15	90	695.2	0.0	10
1912	16	89	704.8	0.0	10
1913	16	88	789.6	0.0	10
1914	15	89	780.0	0.0	10
1915	15	89	780.0	0.0	10
1916	16	90	704.8000000000001	0.0	10
1917	17	87	714.4000000000001	0.0	10
1918	17	88	714.4000000000001	0.0	10
1919	15	89	780.0	0.0	10
1920	54	19	1241.2346314604051	0.0	7
1921	16	89	789.6	0.0	10
1922	17	87	884.0	0.0	10
1923	15	90	780.0	0.0	10
1924	15	90	695.2	0.0	10
1925	16	88	789.6	0.0	10
1926	16	89	789.6	0.0	10
1927	15	89	780.0	0.0	10
1928	15	89	780.0	0.0	10
1929	16	88	704.8000000000001	0.0	10
1930	17	90	714.4000000000001	0.0	10
1931	15	89	780.0	0.0	10
1932	54	41	1198.1564209736025	0.0	9
1933	16	88	853.539105243401	0.0	10
1934	16	88	832.678210486802	0.0	10
1935	15	89	823.0782104868019	0.0	10
1936	15	89	823.0782104868019	0.0	10
1937	16	90	704.8	0.0	10
1938	16	88	768.739105243401	0.0	10
1939	17	87	863.139105243401	0.0	10
1940	16	90	704.8000000000001	0.0	10
1941	18	88	872.7391052434009	0.0	10
1942	54	39	1239.1999999999982	0.0	9
1943	17	88	778.339105243401	0.0	10
1944	16	90	704.8	0.0	10
1945	14	91	749.539105243401	0.0	10
1946	15	89	780.0	0.0	10
1947	15	89	780.0	0.0	10
1948	17	88	714.4000000000001	0.0	10
1949	15	91	695.2	0.0	10
1950	16	89	789.6	0.0	10
1951	16	88	704.8000000000001	0.0	10
1952	16	88	789.6	0.0	10
1953	15	89	780.0	0.0	10
1954	17	88	799.2	0.0	10
1955	15	90	695.2	0.0	10
1956	15	89	780.0	0.0	10
1957	17	87	884.0	0.0	10
1958	16	89	704.8000000000001	0.0	10
1959	16	88	789.6	0.0	10
1960	54	29	1708.991052434008	0.0	8
1961	15	90	780.0	0.0	10
1962	15	89	780.0	0.0	10
1963	16	88	768.739105243401	0.0	10
1964	15	89	695.2	0.0	10
1965	16	88	853.539105243401	0.0	10
1966	15	90	695.2	0.0	10
1967	15	90	695.2	0.0	10
1968	15	89	759.139105243401	0.0	10
1969	15	89	695.2	0.0	10
1970	39	66	1095.2000000000005	0.0	10
1971	14	90	685.6	0.0	10
1972	16	89	853.539105243401	0.0	10
1973	38	67	1086.2782104868015	0.0	10
1974	16	89	704.8000000000001	0.0	10
1975	15	89	780.0	0.0	10
1976	54	40	1410.156420973602	0.0	9
1977	15	90	695.2	0.0	10
1978	16	88	768.739105243401	0.0	10
1979	15	89	780.0	0.0	10
1980	16	89	704.8000000000001	0.0	10
1981	16	88	768.739105243401	0.0	10
1982	16	88	789.6	0.0	10
1983	15	89	780.0	0.0	10
1984	14	91	685.6	0.0	10
1985	15	89	759.139105243401	0.0	10
1986	14	91	685.6	0.0	10
1987	37	69	1500.678210486802	0.0	10
1988	15	90	695.2	0.0	10
1989	15	89	823.0782104868019	0.0	10
1990	16	88	768.739105243401	0.0	10
1991	15	90	695.2	0.0	10
1992	15	90	674.339105243401	0.0	10
1993	14	90	749.539105243401	0.0	10
1994	16	88	853.539105243401	0.0	10
1995	14	90	749.539105243401	0.0	10
1996	17	87	927.0782104868019	0.0	10
1997	15	91	695.2	0.0	10
1998	16	89	768.739105243401	0.0	10
1999	15	89	759.139105243401	0.0	10
2000	16	88	768.739105243401	0.0	10
2001	17	88	714.4000000000001	0.0	10
2002	15	89	759.139105243401	0.0	10
2003	14	90	749.539105243401	0.0	10
2004	14	91	685.6	0.0	10
2005	17	88	714.4000000000001	0.0	10
2006	15	90	759.139105243401	0.0	10
2007	14	90	749.539105243401	0.0	10
2008	14	91	685.6	0.0	10
2009	16	89	704.8000000000001	0.0	10
2010	16	89	704.8000000000001	0.0	10
2011	15	89	759.139105243401	0.0	10
2012	14	90	749.539105243401	0.0	10
2013	15	89	759.139105243401	0.0	10
2014	15	89	759.139105243401	0.0	10
2015	16	90	704.8000000000001	0.0	10
2016	17	88	714.4	0.0	10
2017	15	89	759.139105243401	0.0	10
2018	14	90	749.539105243401	0.0	10
2019	14	90	749.539105243401	0.0	10
2020	15	90	695.2	0.0	10
2021	17	88	714.4000000000001	0.0	10
2022	16	89	789.6	0.0	10
2023	17	88	714.4000000000001	0.0	10
2024	18	86	724.0000000000001	0.0	10
2025	16	88	853.539105243401	0.0	10
2026	16	89	704.8000000000001	0.0	10
2027	54	31	1666.5910524340075	0.0	8
2028	16	88	789.6	0.0	10
2029	17	87	714.4000000000001	0.0	10
2030	17	87	714.4000000000001	0.0	10
2031	16	89	704.8000000000001	0.0	10
2032	16	88	853.539105243401	0.0	10
2033	54	40	2091.2692629208095	0.0	9
2034	15	90	695.2	0.0	10
2035	17	87	778.339105243401	0.0	10
2036	16	88	853.539105243401	0.0	10
2037	14	90	749.539105243401	0.0	10
2038	15	89	759.139105243401	0.0	10
2039	18	86	872.739105243401	0.0	10
2040	54	30	1220.373736703806	0.0	8
2041	16	88	704.8000000000001	0.0	10
2042	16	88	768.739105243401	0.0	10
2043	16	90	704.8000000000001	0.0	10
2044	16	89	704.8000000000001	0.0	10
2045	54	40	1154.3999999999994	0.0	9
2046	15	90	695.2	0.0	10
2047	15	89	759.139105243401	0.0	10
2048	14	90	749.539105243401	0.0	10
2049	16	89	789.6	0.0	10
2050	14	91	685.6	0.0	10
2051	14	90	685.6	0.0	10
2052	15	89	759.139105243401	0.0	10
2053	30	76	946.8955262170052	0.0	10
2054	14	90	685.6	0.0	10
2055	15	91	695.2	0.0	10
2056	15	90	695.2	0.0	10
2057	36	69	1109.4782104868023	0.0	10
2058	15	90	695.2	0.0	10
2059	15	90	695.2	0.0	10
2060	16	88	789.6	0.0	10
2061	14	91	685.6	0.0	10
2062	14	90	749.539105243401	0.0	10
2063	17	88	714.4000000000001	0.0	10
2064	17	88	714.4000000000001	0.0	10
2065	14	90	749.539105243401	0.0	10
2066	15	91	695.2	0.0	10
2067	14	91	685.6	0.0	10
2068	54	41	2390.103894381216	0.0	9
2069	18	88	787.9391052434011	0.0	10
2070	16	89	768.739105243401	0.0	10
2071	16	89	768.739105243401	0.0	10
2072	16	88	768.739105243401	0.0	10
2073	14	90	749.539105243401	0.0	10
2074	14	90	749.539105243401	0.0	10
2075	14	90	749.539105243401	0.0	10
2076	17	87	778.339105243401	0.0	10
2077	17	88	778.339105243401	0.0	10
2078	17	89	714.4000000000001	0.0	10
2079	14	90	749.539105243401	0.0	10
2080	14	91	685.6	0.0	10
2081	16	90	704.8000000000001	0.0	10
2082	15	89	759.139105243401	0.0	10
2083	14	90	749.539105243401	0.0	10
2084	17	88	799.2	0.0	10
2085	14	91	685.6	0.0	10
2086	15	89	759.139105243401	0.0	10
2087	15	90	695.2	0.0	10
2088	15	89	759.139105243401	0.0	10
2089	14	90	749.539105243401	0.0	10
2090	15	89	759.139105243401	0.0	10
2091	15	91	695.2	0.0	10
2092	16	89	704.8000000000001	0.0	10
2093	14	90	749.539105243401	0.0	10
2094	14	91	685.6	0.0	10
2095	15	89	759.139105243401	0.0	10
2096	14	90	749.539105243401	0.0	10
2097	16	88	832.6782104868018	0.0	10
2098	14	90	749.539105243401	0.0	10
2099	15	89	759.139105243401	0.0	10
2100	37	67	1183.0173157302029	0.0	10
2101	17	88	799.2	0.0	10
2102	16	88	704.8000000000001	0.0	10
2103	17	89	714.4	0.0	10
2104	16	88	704.8000000000001	0.0	10
2105	17	88	863.139105243401	0.0	10
2106	54	29	1900.8083681642102	0.0	8
2107	16	89	704.8000000000001	0.0	10
2108	15	89	759.139105243401	0.0	10
2109	14	90	685.6	0.0	10
2110	17	87	778.339105243401	0.0	10
2111	54	31	1601.2955262170028	0.0	8
2112	16	89	704.8000000000001	0.0	10
2113	17	87	714.4000000000001	0.0	10
2114	17	88	863.139105243401	0.0	10
2115	16	88	768.739105243401	0.0	10
2116	16	88	789.6	0.0	10
2117	15	90	695.2	0.0	10
2118	16	88	832.6782104868018	0.0	10
2119	14	90	685.6	0.0	10
2120	14	90	685.6	0.0	10
2121	14	92	685.6	0.0	10
2122	17	87	714.4000000000001	0.0	10
2123	16	88	704.8000000000001	0.0	10
2124	15	90	695.2	0.0	10
2125	14	90	728.6782104868018	0.0	10
2126	16	88	704.8000000000001	0.0	10
2127	15	90	695.2	0.0	10
2128	14	90	685.6	0.0	10
2129	14	91	685.6	0.0	10
2130	15	91	695.2	0.0	10
2131	19	87	882.339105243401	0.0	10
2132	17	90	714.4000000000001	0.0	10
2133	15	89	759.139105243401	0.0	10
2134	15	90	759.139105243401	0.0	10
2135	16	88	832.6782104868018	0.0	10
2136	14	90	685.6	0.0	10
2137	16	88	789.6	0.0	10
2138	16	89	832.6782104868018	0.0	10
2139	14	90	685.6	0.0	10
2140	54	32	1303.8173157302015	0.0	8
2141	39	67	1265.4782104868007	0.0	10
2142	15	90	695.2	0.0	10
2143	16	89	704.8000000000001	0.0	10
2144	17	88	799.2	0.0	10
2145	14	90	685.6	0.0	10
2146	14	90	685.6	0.0	10
2147	16	89	704.8000000000001	0.0	10
2148	14	90	685.6	0.0	10
2149	16	89	704.8	0.0	10
2150	14	91	685.6	0.0	10
2151	54	40	1388.6173157302012	0.0	9
2152	14	90	685.6	0.0	10
2153	18	86	808.8000000000001	0.0	10
2154	17	87	799.2	0.0	10
2155	18	87	808.8000000000001	0.0	10
2156	18	86	724.0000000000001	0.0	10
2157	16	88	704.8000000000001	0.0	10
2158	15	90	695.2	0.0	10
2159	18	86	787.9391052434011	0.0	10
2160	17	87	714.4000000000001	0.0	10
2161	18	87	724.0000000000001	0.0	10
2162	17	87	714.4000000000001	0.0	10
2163	18	87	724.0000000000001	0.0	10
2164	17	89	714.4000000000001	0.0	10
2165	16	89	789.6	0.0	10
2166	16	88	789.6	0.0	10
2167	14	90	685.6	0.0	10
2168	15	91	695.2	0.0	10
2169	17	87	714.4000000000001	0.0	10
2170	14	90	685.6	0.0	10
2171	15	90	695.2	0.0	10
2172	17	87	714.4000000000001	0.0	10
2173	18	87	724.0000000000001	0.0	10
2174	14	90	685.6	0.0	10
2175	14	90	685.6	0.0	10
2176	14	91	685.6	0.0	10
2177	15	90	759.139105243401	0.0	10
2178	14	90	685.6	0.0	10
2179	16	88	704.8000000000001	0.0	10
2180	14	90	685.6	0.0	10
2181	15	89	759.139105243401	0.0	10
2182	14	90	685.6	0.0	10
2183	14	90	749.539105243401	0.0	10
2184	14	90	749.539105243401	0.0	10
2185	14	90	685.6	0.0	10
2186	15	90	759.139105243401	0.0	10
2187	15	89	759.139105243401	0.0	10
2188	15	89	759.139105243401	0.0	10
2189	14	91	685.6	0.0	10
2190	16	88	704.8000000000001	0.0	10
2191	16	88	704.8000000000001	0.0	10
2192	14	91	685.6	0.0	10
2193	20	86	807.1391052434011	0.0	10
2194	17	87	714.4000000000001	0.0	10
2195	16	88	832.6782104868018	0.0	10
2196	14	90	749.539105243401	0.0	10
2197	17	89	799.2	0.0	10
2198	17	87	714.4000000000001	0.0	10
2199	14	90	685.6	0.0	10
2200	14	90	685.6	0.0	10
2201	14	90	685.6	0.0	10
2202	15	90	695.2	0.0	10
2203	14	90	685.6	0.0	10
2204	14	90	685.6	0.0	10
2205	18	89	724.0000000000001	0.0	10
2206	14	91	685.6	0.0	10
2207	18	87	787.939105243401	0.0	10
2208	17	88	714.4000000000001	0.0	10
2209	15	89	759.139105243401	0.0	10
2210	54	40	1792.4346314604038	0.0	9
2211	14	90	685.6	0.0	10
2212	54	40	1218.3391052433994	0.0	9
2213	14	90	685.6	0.0	10
2214	14	90	685.6	0.0	10
2215	17	88	714.4000000000001	0.0	10
2216	14	90	685.6	0.0	10
2217	15	89	695.2	0.0	10
2218	15	89	759.139105243401	0.0	10
2219	17	89	799.2	0.0	10
2220	54	42	1474.0955262170028	0.0	9
2221	14	90	685.6	0.0	10
2222	54	40	1474.0955262170025	0.0	9
2223	14	91	685.6	0.0	10
2224	15	90	695.2	0.0	10
2225	15	91	695.2	0.0	10
2226	54	41	1665.2346314604042	0.0	9
2227	15	89	759.139105243401	0.0	10
2228	15	91	695.2	0.0	10
2229	15	90	695.2	0.0	10
2230	14	91	685.6	0.0	10
2231	14	90	685.6	0.0	10
2232	17	89	714.4000000000001	0.0	10
2233	14	90	685.6	0.0	10
2234	14	90	685.6	0.0	10
2235	14	90	685.6	0.0	10
2236	14	91	685.6	0.0	10
2237	15	89	695.2	0.0	10
2238	16	90	789.6	0.0	10
2239	14	91	685.6	0.0	10
2240	14	91	685.6	0.0	10
2241	14	91	685.6	0.0	10
2242	16	88	704.8000000000001	0.0	10
2243	14	91	685.6	0.0	10
2244	15	89	695.2	0.0	10
2245	29	77	999.2000000000002	0.0	10
2246	15	89	695.2	0.0	10
2247	14	91	685.6	0.0	10
2248	14	90	685.6	0.0	10
2249	14	90	685.6	0.0	10
2250	14	90	685.6	0.0	10
2251	14	90	749.539105243401	0.0	10
2252	14	90	685.6	0.0	10
2253	14	91	685.6	0.0	10
2254	14	90	749.539105243401	0.0	10
2255	54	39	1748.0	0.0	9
2256	15	90	695.2	0.0	10
2257	17	89	714.4000000000001	0.0	10
2258	14	90	749.539105243401	0.0	10
2259	16	88	811.817315730203	0.0	10
2260	54	39	1917.6000000000001	0.0	9
2261	15	92	695.2	0.0	10
2262	14	90	685.6	0.0	10
2263	18	87	724.0000000000001	0.0	10
2264	15	90	695.2	0.0	10
2265	14	90	685.6	0.0	10
2266	14	90	749.539105243401	0.0	10
2267	17	88	714.4	0.0	10
2268	15	89	759.139105243401	0.0	10
2269	15	89	759.139105243401	0.0	10
2270	14	91	685.6	0.0	10
2271	16	88	704.8	0.0	10
2272	14	92	685.6	0.0	10
2273	15	90	759.139105243401	0.0	10
2274	15	90	695.2	0.0	10
2275	14	90	685.6	0.0	10
2276	15	90	759.139105243401	0.0	10
2277	14	90	685.6	0.0	10
2278	14	91	685.6	0.0	10
2279	14	91	685.6	0.0	10
2280	14	91	685.6	0.0	10
2281	16	90	704.8	0.0	10
2282	14	90	685.6	0.0	10
2283	14	90	685.6	0.0	10
2284	15	89	695.2	0.0	10
2285	16	89	832.6782104868018	0.0	10
2286	16	88	704.8000000000001	0.0	10
2287	17	88	799.2	0.0	10
2288	14	90	685.6	0.0	10
2289	14	90	685.6	0.0	10
2290	14	90	685.6	0.0	10
2291	14	90	685.6	0.0	10
2292	17	88	714.4000000000001	0.0	10
2293	16	91	704.8000000000001	0.0	10
2294	14	90	685.6	0.0	10
2295	15	91	695.2	0.0	10
2296	54	43	1366.3999999999996	0.0	9
2297	54	40	1345.5391052433988	0.0	9
2298	14	90	749.539105243401	0.0	10
2299	14	90	749.539105243401	0.0	10
2300	14	90	685.6	0.0	10
2301	15	90	759.139105243401	0.0	10
2302	35	71	1056.8000000000004	0.0	10
2303	16	88	789.6	0.0	10
2304	14	90	749.539105243401	0.0	10
2305	14	90	685.6	0.0	10
2306	14	91	685.6	0.0	10
2307	54	40	1196.7999999999988	0.0	9
2308	54	31	1049.4173157302034	0.0	8
2309	36	69	1067.078210486802	0.0	10
2310	54	41	1474.7737367038046	0.0	9
2311	54	40	1260.739105243399	0.0	9
2312	14	90	749.539105243401	0.0	10
2313	18	87	724.0	0.0	10
2314	54	40	1494.2782104867997	0.0	9
2315	16	89	768.739105243401	0.0	10
2316	15	89	759.139105243401	0.0	10
2317	15	91	695.2	0.0	10
2318	15	90	759.139105243401	0.0	10
2319	15	89	759.139105243401	0.0	10
2320	15	89	695.2	0.0	10
2321	14	90	685.6	0.0	10
2322	15	89	695.2	0.0	10
2323	24	83	1206.278210486802	0.0	10
2324	14	90	749.539105243401	0.0	10
2325	15	89	695.2	0.0	10
2326	17	87	863.139105243401	0.0	10
2327	15	89	695.2	0.0	10
2328	15	89	695.2	0.0	10
2329	15	89	695.2	0.0	10
2330	15	89	695.2	0.0	10
2331	14	90	685.6	0.0	10
2332	15	90	759.139105243401	0.0	10
2333	15	89	695.2	0.0	10
2334	15	89	695.2	0.0	10
2335	15	90	695.2	0.0	10
2336	15	89	695.2	0.0	10
2337	17	90	714.4000000000001	0.0	10
2338	15	89	695.2	0.0	10
2339	15	89	695.2	0.0	10
2340	15	89	695.2	0.0	10
2341	15	90	695.2	0.0	10
2342	15	89	695.2	0.0	10
2343	16	89	704.8000000000001	0.0	10
2344	17	87	799.2	0.0	10
2345	15	90	695.2	0.0	10
2346	15	89	759.139105243401	0.0	10
2347	15	89	695.2	0.0	10
2348	34	70	1047.2000000000003	0.0	10
2349	15	90	695.2	0.0	10
2350	15	89	695.2	0.0	10
2351	15	89	759.139105243401	0.0	10
2352	15	89	759.139105243401	0.0	10
2353	15	90	695.2	0.0	10
2354	15	89	759.139105243401	0.0	10
2355	15	89	759.139105243401	0.0	10
2356	15	90	695.2	0.0	10
2357	15	89	695.2	0.0	10
2358	16	89	704.8000000000001	0.0	10
2359	16	89	704.8000000000001	0.0	10
2360	15	89	695.2	0.0	10
2361	15	89	695.2	0.0	10
2362	17	88	714.4000000000001	0.0	10
2363	15	91	695.2	0.0	10
2364	15	89	695.2	0.0	10
2365	15	91	695.2	0.0	10
2366	15	89	695.2	0.0	10
2367	15	90	695.2	0.0	10
2368	15	89	695.2	0.0	10
2369	17	87	714.4000000000001	0.0	10
2370	16	88	832.6782104868018	0.0	10
2371	15	89	759.139105243401	0.0	10
2372	15	90	759.139105243401	0.0	10
2373	14	90	685.6	0.0	10
2374	15	89	695.2	0.0	10
2375	15	90	695.2	0.0	10
2376	16	88	768.739105243401	0.0	10
2377	15	89	695.2	0.0	10
2378	15	90	695.2	0.0	10
2379	15	89	695.2	0.0	10
2380	15	90	759.139105243401	0.0	10
2381	16	90	704.8	0.0	10
2382	17	87	863.139105243401	0.0	10
2383	15	90	695.2	0.0	10
2384	54	40	1408.7999999999988	0.0	9
2385	15	89	695.2	0.0	10
2386	16	88	704.8000000000001	0.0	10
2387	15	89	695.2	0.0	10
2388	16	88	704.8000000000001	0.0	10
2389	15	90	695.2	0.0	10
2390	15	90	695.2	0.0	10
2391	17	91	714.4000000000001	0.0	10
2392	14	90	685.6	0.0	10
2393	14	90	685.6	0.0	10
2394	15	89	695.2	0.0	10
2395	14	90	685.6	0.0	10
2396	15	91	695.2	0.0	10
2397	14	90	685.6	0.0	10
2398	15	89	695.2	0.0	10
2399	16	89	704.8000000000001	0.0	10
2400	14	90	685.6	0.0	10
2401	14	92	685.6	0.0	10
2402	15	90	695.2	0.0	10
2403	54	40	1770.8955262170034	0.0	9
2404	15	89	780.0	0.0	10
2405	14	91	685.6	0.0	10
2406	14	91	685.6	0.0	10
2407	14	91	685.6	0.0	10
2408	14	90	685.6	0.0	10
2409	16	89	789.6	0.0	10
2410	15	90	695.2	0.0	10
2411	17	88	714.4000000000001	0.0	10
2412	16	90	704.8	0.0	10
2413	15	90	695.2	0.0	10
2414	15	90	695.2	0.0	10
2415	14	90	685.6	0.0	10
2416	14	91	685.6	0.0	10
2417	15	91	695.2	0.0	10
2418	17	87	714.4000000000001	0.0	10
2419	29	76	1042.9564209736038	0.0	10
2420	16	89	704.8000000000001	0.0	10
2421	14	90	685.6	0.0	10
2422	15	89	695.2	0.0	10
2423	15	90	695.2	0.0	10
2424	16	90	789.6	0.0	10
2425	31	73	1295.6955262170045	0.0	10
2426	14	90	685.6	0.0	10
2427	14	90	685.6	0.0	10
2428	14	90	685.6	0.0	10
2429	15	90	695.2	0.0	10
2430	14	90	685.6	0.0	10
2431	14	91	685.6	0.0	10
2432	14	90	685.6	0.0	10
2433	13	91	676.0	0.0	10
2434	54	42	1451.1999999999975	0.0	9
2435	13	91	676.0	0.0	10
2436	15	89	759.139105243401	0.0	10
2437	15	91	695.2	0.0	10
2438	14	90	685.6	0.0	10
2439	14	91	685.6	0.0	10
2440	14	90	685.6	0.0	10
2441	14	90	685.6	0.0	10
2442	15	91	695.2	0.0	10
2443	14	90	685.6	0.0	10
2444	54	41	1431.0173157302013	0.0	9
2445	15	90	695.2	0.0	10
2446	16	88	853.539105243401	0.0	10
2447	14	90	685.6	0.0	10
2448	14	90	685.6	0.0	10
2449	13	91	676.0	0.0	10
2450	15	90	759.139105243401	0.0	10
2451	28	78	1161.912841947207	0.0	10
2452	14	90	685.6	0.0	10
2453	14	90	685.6	0.0	10
2454	13	91	676.0	0.0	10
2455	15	89	780.0	0.0	10
2456	14	90	685.6	0.0	10
2457	14	91	685.6	0.0	10
2458	15	89	695.2	0.0	10
2459	54	40	1366.3999999999987	0.0	9
2460	15	89	780.0	0.0	10
2461	15	89	780.0	0.0	10
2462	54	41	1410.1564209736027	0.0	9
2463	13	91	676.0	0.0	10
2464	14	91	685.6	0.0	10
2465	13	91	676.0	0.0	10
2466	33	74	1209.2346314604051	0.0	10
2467	14	91	685.6	0.0	10
2468	54	39	1451.1999999999985	0.0	9
2469	15	89	780.0	0.0	10
2470	15	90	780.0	0.0	10
2471	14	90	685.6	0.0	10
2472	15	89	780.0	0.0	10
2473	14	91	685.6	0.0	10
2474	54	40	1451.1999999999987	0.0	9
2475	54	40	1557.5391052433995	0.0	9
2476	14	90	749.539105243401	0.0	10
2477	13	91	676.0	0.0	10
2478	16	91	704.8000000000001	0.0	10
2479	14	91	685.6	0.0	10
2480	16	88	789.6	0.0	10
2481	13	91	676.0	0.0	10
2482	14	91	685.6	0.0	10
2483	15	90	695.2	0.0	10
2484	15	90	759.139105243401	0.0	10
2485	54	41	1346.2173157302013	0.0	9
2486	14	90	685.6	0.0	10
2487	15	92	695.2	0.0	10
2488	14	90	749.539105243401	0.0	10
2489	17	87	863.139105243401	0.0	10
2490	15	89	759.139105243401	0.0	10
2491	14	90	749.539105243401	0.0	10
2492	14	91	685.6	0.0	10
2493	15	90	695.2	0.0	10
2494	14	90	749.539105243401	0.0	10
2495	14	90	749.539105243401	0.0	10
2496	14	91	685.6	0.0	10
2497	14	90	685.6	0.0	10
2498	15	90	695.2	0.0	10
2499	14	90	749.539105243401	0.0	10
2500	14	90	749.539105243401	0.0	10
2501	14	90	685.6	0.0	10
2502	14	90	685.6	0.0	10
2503	14	90	685.6	0.0	10
2504	14	90	749.539105243401	0.0	10
2505	15	89	695.2	0.0	10
2506	14	90	749.539105243401	0.0	10
2507	14	90	749.539105243401	0.0	10
2508	14	90	685.6	0.0	10
2509	16	89	704.8	0.0	10
2510	15	89	759.139105243401	0.0	10
2511	54	40	1366.3999999999983	0.0	9
2512	14	90	685.6	0.0	10
2513	15	90	759.139105243401	0.0	10
2514	24	82	845.5391052434012	0.0	10
2515	14	90	749.539105243401	0.0	10
2516	15	89	759.139105243401	0.0	10
2517	54	19	1516.4955262170035	0.0	7
2518	15	90	695.2	0.0	10
2519	15	90	759.139105243401	0.0	10
2520	15	91	695.2	0.0	10
2521	16	88	789.6	0.0	10
2522	14	91	685.6	0.0	10
2523	14	90	749.539105243401	0.0	10
2524	15	91	695.2	0.0	10
2525	54	41	1154.3999999999994	0.0	9
2526	15	89	759.139105243401	0.0	10
2527	14	90	749.539105243401	0.0	10
2528	14	90	749.539105243401	0.0	10
2529	15	89	759.139105243401	0.0	10
2530	14	90	749.539105243401	0.0	10
2531	18	87	724.0000000000001	0.0	10
2532	15	89	759.139105243401	0.0	10
2533	54	40	1366.3999999999976	0.0	9
2534	16	90	704.8	0.0	10
2535	54	40	1303.1391052433985	0.0	9
2536	26	80	928.0000000000002	0.0	10
2537	54	40	1474.0955262170035	0.0	9
2538	14	90	685.6	0.0	10
2539	14	90	685.6	0.0	10
2540	15	89	695.2	0.0	10
2541	15	90	695.2	0.0	10
2542	31	74	1232.434631460405	0.0	10
2543	15	89	695.2	0.0	10
2544	15	89	695.2	0.0	10
2545	15	90	759.139105243401	0.0	10
2546	15	89	759.139105243401	0.0	10
2547	15	90	695.2	0.0	10
2548	17	89	714.4	0.0	10
2549	54	41	1453.2346314604044	0.0	9
2550	15	89	695.2	0.0	10
2551	15	89	695.2	0.0	10
2552	15	89	695.2	0.0	10
2553	15	90	695.2	0.0	10
2554	17	88	714.4000000000001	0.0	10
2555	15	89	695.2	0.0	10
2556	15	90	695.2	0.0	10
2557	29	77	1043.6346314604061	0.0	10
2558	15	90	695.2	0.0	10
2559	16	88	768.739105243401	0.0	10
2560	54	39	1451.1999999999985	0.0	9
2561	15	90	695.2	0.0	10
2562	15	91	695.2	0.0	10
2563	51	53	1656.6173157302017	0.0	10
2564	16	88	768.739105243401	0.0	10
2565	14	90	749.539105243401	0.0	10
2566	14	90	749.539105243401	0.0	10
2567	15	90	802.2173157302029	0.0	10
2568	16	88	768.739105243401	0.0	10
2569	15	89	823.0782104868019	0.0	10
2570	14	90	749.539105243401	0.0	10
2571	14	91	685.6	0.0	10
2572	14	90	749.539105243401	0.0	10
2573	15	90	695.2	0.0	10
2574	20	85	1019.817315730203	0.0	10
2575	14	90	685.6	0.0	10
2576	15	90	695.2	0.0	10
2577	54	40	1727.1391052434	0.0	9
2578	14	90	685.6	0.0	10
2579	15	89	695.2	0.0	10
2580	16	88	704.8000000000001	0.0	10
2581	17	88	714.4000000000001	0.0	10
2582	30	76	1094.956420973604	0.0	10
2583	54	42	1323.999999999998	0.0	9
2584	15	90	759.139105243401	0.0	10
2585	17	87	927.0782104868019	0.0	10
2586	54	0	1219.017315730202	0.0	5
2587	45	61	1727.5737367038064	0.0	10
2588	14	90	749.539105243401	0.0	10
2589	14	90	685.6	0.0	10
2590	25	80	1088.0	0.0	10
2591	13	91	676.0	0.0	10
2592	15	90	695.2	0.0	10
2593	54	40	1408.7999999999984	0.0	9
2594	14	90	749.539105243401	0.0	10
2595	17	89	863.139105243401	0.0	10
2596	15	90	695.2	0.0	10
2597	14	90	685.6	0.0	10
2598	14	91	685.6	0.0	10
2599	14	90	749.539105243401	0.0	10
2600	17	88	714.4000000000001	0.0	10
2601	13	91	676.0	0.0	10
2602	13	91	676.0	0.0	10
2603	13	91	676.0	0.0	10
2604	54	-33	943.078210486803	0.0	2
2605	54	40	1408.7999999999981	0.0	9
2606	13	91	676.0	0.0	10
2607	14	90	685.6	0.0	10
2608	54	42	2025.9737367038056	0.0	9
2609	13	91	676.0	0.0	10
2610	13	91	676.0	0.0	10
2611	15	90	695.2	0.0	10
2612	13	91	676.0	0.0	10
2613	16	88	853.539105243401	0.0	10
2614	13	91	719.0782104868019	0.0	10
2615	18	86	1000.6173157302029	0.0	10
2616	15	89	759.139105243401	0.0	10
2617	14	90	685.6	0.0	10
2618	14	91	685.6	0.0	10
2619	14	90	685.6	0.0	10
2620	54	41	1917.5999999999995	0.0	9
2621	14	90	749.539105243401	0.0	10
2622	13	91	676.0	0.0	10
2623	32	73	1178.095526217004	0.0	10
2624	14	90	685.6	0.0	10
2625	15	90	695.2	0.0	10
2626	54	40	1856.3737367038057	0.0	9
2627	16	89	789.6	0.0	10
2628	54	41	1410.8346314604041	0.0	9
2629	14	91	685.6	0.0	10
2630	14	90	685.6	0.0	10
2631	15	89	695.2	0.0	10
2632	14	90	685.6	0.0	10
2633	14	90	685.6	0.0	10
2634	14	90	685.6	0.0	10
2635	14	90	685.6	0.0	10
2636	54	41	1239.1999999999982	0.0	9
2637	15	90	695.2	0.0	10
2638	14	90	685.6	0.0	10
2639	17	88	714.4	0.0	10
2640	14	90	685.6	0.0	10
2641	14	90	685.6	0.0	10
2642	15	89	695.2	0.0	10
2643	14	90	685.6	0.0	10
2644	17	87	863.139105243401	0.0	10
2645	14	90	685.6	0.0	10
2646	17	88	714.4000000000001	0.0	10
2647	14	90	685.6	0.0	10
2648	14	90	685.6	0.0	10
2649	15	89	695.2	0.0	10
2650	15	90	695.2	0.0	10
2651	54	41	1239.1999999999982	0.0	9
2652	14	90	685.6	0.0	10
2653	14	90	685.6	0.0	10
2654	18	86	872.7391052434009	0.0	10
2655	15	89	695.2	0.0	10
2656	15	91	695.2	0.0	10
2657	16	89	789.6	0.0	10
2658	16	89	789.6	0.0	10
2659	14	91	685.6	0.0	10
2660	15	89	759.139105243401	0.0	10
2661	14	91	685.6	0.0	10
2662	15	90	695.2	0.0	10
2663	13	91	676.0	0.0	10
2664	20	85	912.8000000000001	0.0	10
2665	15	89	695.2	0.0	10
2666	34	72	1218.834631460405	0.0	10
2667	14	91	685.6	0.0	10
2668	17	88	799.2	0.0	10
2669	14	91	685.6	0.0	10
2670	54	0	1007.0173157302038	0.0	5
2671	14	90	685.6	0.0	10
2672	14	90	685.6	0.0	10
2673	14	91	685.6	0.0	10
2674	17	87	863.139105243401	0.0	10
2675	14	90	685.6	0.0	10
2676	15	89	759.139105243401	0.0	10
2677	15	89	695.2	0.0	10
2678	14	90	685.6	0.0	10
2679	14	91	685.6	0.0	10
2680	14	90	685.6	0.0	10
2681	16	90	704.8000000000001	0.0	10
2682	34	71	1154.8955262170036	0.0	10
2683	15	90	695.2	0.0	10
2684	14	91	685.6	0.0	10
2685	14	90	685.6	0.0	10
2686	14	91	685.6	0.0	10
2687	15	90	759.139105243401	0.0	10
2688	15	90	759.139105243401	0.0	10
2689	15	90	695.2	0.0	10
2690	29	75	1063.1391052434012	0.0	10
2691	14	90	749.539105243401	0.0	10
2692	15	89	759.139105243401	0.0	10
2693	15	89	759.139105243401	0.0	10
2694	14	90	749.539105243401	0.0	10
2695	54	40	1218.3391052433994	0.0	9
2696	14	91	749.539105243401	0.0	10
2697	16	88	768.739105243401	0.0	10
2698	14	90	749.539105243401	0.0	10
2699	14	90	749.539105243401	0.0	10
2700	15	89	823.0782104868019	0.0	10
2701	14	90	749.539105243401	0.0	10
2702	15	89	759.139105243401	0.0	10
2703	14	90	749.539105243401	0.0	10
2704	15	89	759.139105243401	0.0	10
2705	31	74	849.4782104868023	0.0	10
2706	15	89	759.139105243401	0.0	10
2707	32	74	1135.6955262170038	0.0	10
2708	14	91	685.6	0.0	10
2709	14	91	685.6	0.0	10
2710	22	84	911.1391052434011	0.0	10
2711	14	91	685.6	0.0	10
2712	15	90	695.2	0.0	10
2713	13	91	676.0	0.0	10
2714	13	91	676.0	0.0	10
2715	13	91	676.0	0.0	10
2716	13	91	676.0	0.0	10
2717	13	91	676.0	0.0	10
2718	17	89	714.4000000000001	0.0	10
2719	13	91	676.0	0.0	10
2720	14	91	685.6	0.0	10
2721	13	91	676.0	0.0	10
2722	13	91	676.0	0.0	10
2723	15	90	695.2	0.0	10
2724	23	83	1068.8000000000002	0.0	10
2725	13	91	676.0	0.0	10
2726	14	91	685.6	0.0	10
2727	15	90	695.2	0.0	10
2728	54	40	1474.7737367038044	0.0	9
2729	13	91	676.0	0.0	10
2730	15	90	695.2	0.0	10
2731	14	90	749.539105243401	0.0	10
2732	13	91	676.0	0.0	10
2733	15	90	695.2	0.0	10
2734	14	91	685.6	0.0	10
2735	13	91	676.0	0.0	10
2736	13	91	676.0	0.0	10
2737	14	90	685.6	0.0	10
2738	13	91	676.0	0.0	10
2739	13	91	676.0	0.0	10
2740	14	90	685.6	0.0	10
2741	13	91	676.0	0.0	10
2742	17	88	714.4000000000001	0.0	10
2743	14	90	685.6	0.0	10
2744	15	89	780.0	0.0	10
2745	38	68	1300.3128419472064	0.0	10
2746	39	67	1394.7128419472062	0.0	10
2747	22	83	1144.0	0.0	10
2748	14	91	685.6	0.0	10
2749	13	91	676.0	0.0	10
2750	13	91	676.0	0.0	10
2751	54	39	1218.3391052433994	0.0	9
2752	13	91	676.0	0.0	10
2753	13	91	676.0	0.0	10
2754	15	90	759.139105243401	0.0	10
2755	15	90	759.139105243401	0.0	10
2756	13	91	676.0	0.0	10
2757	54	40	2469.4782104868023	0.0	9
2758	14	90	749.539105243401	0.0	10
2759	44	61	1442.034631460404	0.0	10
2760	23	82	984.0000000000001	0.0	10
2761	13	91	676.0	0.0	10
2762	15	89	780.0	0.0	10
2763	17	88	778.339105243401	0.0	10
2764	15	89	759.139105243401	0.0	10
2765	14	90	749.539105243401	0.0	10
2766	14	90	749.539105243401	0.0	10
2767	14	90	792.6173157302029	0.0	10
2768	14	90	749.539105243401	0.0	10
2769	33	73	1230.0955262170037	0.0	10
2770	54	40	1474.0955262170019	0.0	9
2771	15	90	759.139105243401	0.0	10
2772	16	90	790.278210486802	0.0	10
2773	13	91	676.0	0.0	10
2774	15	90	759.139105243401	0.0	10
2775	15	90	759.139105243401	0.0	10
2776	15	89	780.0	0.0	10
2777	16	88	853.539105243401	0.0	10
2778	14	90	749.539105243401	0.0	10
2779	14	90	749.539105243401	0.0	10
2780	17	87	927.0782104868019	0.0	10
2781	15	90	759.139105243401	0.0	10
2782	13	91	676.0	0.0	10
2783	14	90	749.539105243401	0.0	10
2784	14	90	749.539105243401	0.0	10
2785	14	90	749.539105243401	0.0	10
2786	14	90	749.539105243401	0.0	10
2787	33	73	1081.3564209736035	0.0	10
2788	17	87	927.0782104868019	0.0	10
2789	15	89	695.2	0.0	10
2790	15	90	759.139105243401	0.0	10
2791	15	90	759.139105243401	0.0	10
2792	15	90	759.139105243401	0.0	10
2793	14	91	685.6	0.0	10
2794	13	91	676.0	0.0	10
2795	14	90	749.539105243401	0.0	10
2796	15	89	759.139105243401	0.0	10
2797	14	91	685.6	0.0	10
2798	54	40	1218.3391052433994	0.0	9
2799	15	89	695.2	0.0	10
2800	33	73	1166.834631460405	0.0	10
2801	13	91	676.0	0.0	10
2802	13	91	676.0	0.0	10
2803	13	91	676.0	0.0	10
2804	54	40	1218.3391052433994	0.0	9
2805	13	92	676.0	0.0	10
2806	15	90	695.2	0.0	10
2807	14	90	685.6	0.0	10
2808	14	90	685.6	0.0	10
2809	16	89	704.8	0.0	10
2810	22	83	1144.0	0.0	10
2811	15	89	759.139105243401	0.0	10
2812	15	90	695.2	0.0	10
2813	13	91	676.0	0.0	10
2814	14	90	685.6	0.0	10
2815	54	40	2002.3999999999994	0.0	9
2816	15	89	759.139105243401	0.0	10
2817	54	39	2533.4173157302025	0.0	9
2818	54	41	1898.0955262170032	0.0	9
2819	14	91	685.6	0.0	10
2820	15	89	759.139105243401	0.0	10
2821	17	88	714.4000000000001	0.0	10
2822	14	91	685.6	0.0	10
2823	14	90	685.6	0.0	10
2824	15	91	695.2	0.0	10
2825	14	90	685.6	0.0	10
2826	14	90	685.6	0.0	10
2827	14	90	685.6	0.0	10
2828	13	91	676.0	0.0	10
2829	54	-23	1050.0955262170055	0.0	3
2830	18	87	893.6	0.0	10
2831	14	90	685.6	0.0	10
2832	16	89	832.6782104868018	0.0	10
2833	54	40	1346.8955262170023	0.0	9
2834	14	90	685.6	0.0	10
2835	14	90	685.6	0.0	10
2836	13	91	676.0	0.0	10
2837	34	71	1070.0955262170046	0.0	10
2838	14	90	685.6	0.0	10
2839	13	91	676.0	0.0	10
2840	15	90	695.2	0.0	10
2841	13	91	676.0	0.0	10
2842	15	90	695.2	0.0	10
2843	13	91	676.0	0.0	10
2844	17	89	841.6	0.0	10
2845	54	40	1747.9999999999989	0.0	9
2846	14	90	685.6	0.0	10
2847	15	89	695.2	0.0	10
2848	13	91	676.0	0.0	10
2849	13	91	719.0782104868019	0.0	10
2850	14	91	685.6	0.0	10
2851	13	91	676.0	0.0	10
2852	14	90	685.6	0.0	10
2853	15	89	695.2	0.0	10
2854	13	91	676.0	0.0	10
2855	13	91	676.0	0.0	10
2856	15	90	695.2	0.0	10
2857	13	91	676.0	0.0	10
2858	16	88	789.6	0.0	10
2859	16	88	853.539105243401	0.0	10
2860	13	91	676.0	0.0	10
2861	13	91	676.0	0.0	10
2862	13	91	676.0	0.0	10
2863	13	91	676.0	0.0	10
2864	13	91	676.0	0.0	10
2865	14	91	685.6	0.0	10
2866	17	88	842.278210486802	0.0	10
2867	14	90	685.6	0.0	10
2868	54	40	1282.2782104867997	0.0	9
2869	13	91	676.0	0.0	10
2870	14	91	685.6	0.0	10
2871	13	91	676.0	0.0	10
2872	14	90	685.6	0.0	10
2873	13	91	676.0	0.0	10
2874	13	91	676.0	0.0	10
2875	14	91	685.6	0.0	10
2876	14	91	685.6	0.0	10
2877	13	91	676.0	0.0	10
2878	40	65	1127.695526217005	0.0	10
2879	15	90	695.2	0.0	10
2880	15	89	759.139105243401	0.0	10
2881	14	91	685.6	0.0	10
2882	16	89	832.0	0.0	10
2883	13	91	676.0	0.0	10
2884	13	91	676.0	0.0	10
2885	17	88	714.4000000000001	0.0	10
2886	17	87	863.139105243401	0.0	10
2887	13	91	676.0	0.0	10
2888	54	40	1241.234631460404	0.0	9
2889	13	91	676.0	0.0	10
2890	14	91	685.6	0.0	10
2891	13	91	676.0	0.0	10
2892	13	91	676.0	0.0	10
2893	13	91	676.0	0.0	10
2894	13	91	676.0	0.0	10
2895	15	91	695.2	0.0	10
2896	13	91	676.0	0.0	10
2897	14	91	685.6	0.0	10
2898	16	90	704.8	0.0	10
2899	15	91	695.2	0.0	10
2900	13	91	676.0	0.0	10
2901	15	91	695.2	0.0	10
2902	13	91	676.0	0.0	10
2903	13	91	676.0	0.0	10
2904	14	90	685.6	0.0	10
2905	15	90	695.2	0.0	10
2906	13	91	676.0	0.0	10
2907	16	90	704.8	0.0	10
2908	13	91	676.0	0.0	10
2909	16	88	789.6	0.0	10
2910	16	91	704.8000000000001	0.0	10
2911	13	91	676.0	0.0	10
2912	13	91	676.0	0.0	10
2913	15	90	695.2	0.0	10
2914	13	91	719.0782104868019	0.0	10
2915	19	85	1031.078210486802	0.0	10
2916	13	91	676.0	0.0	10
2917	22	84	1123.139105243401	0.0	10
2918	15	91	695.2	0.0	10
2919	14	91	685.6	0.0	10
2920	14	90	685.6	0.0	10
2921	13	91	676.0	0.0	10
2922	13	91	676.0	0.0	10
2923	13	91	676.0	0.0	10
2924	15	89	780.0	0.0	10
2925	13	91	676.0	0.0	10
2926	13	91	676.0	0.0	10
2927	14	91	685.6	0.0	10
2928	13	91	676.0	0.0	10
2929	13	91	676.0	0.0	10
2930	13	91	676.0	0.0	10
2931	34	71	1134.0346314604049	0.0	10
2932	15	89	695.2	0.0	10
2933	14	90	685.6	0.0	10
2934	14	91	685.6	0.0	10
2935	14	91	685.6	0.0	10
2936	14	90	685.6	0.0	10
2937	13	91	676.0	0.0	10
2938	13	91	676.0	0.0	10
2939	13	91	676.0	0.0	10
2940	15	89	695.2	0.0	10
2941	13	91	676.0	0.0	10
2942	16	90	704.8	0.0	10
2943	13	91	676.0	0.0	10
2944	54	42	1154.3999999999994	0.0	9
2945	54	41	1367.756420973602	0.0	9
2946	14	92	685.6	0.0	10
2947	13	91	676.0	0.0	10
2948	14	90	749.539105243401	0.0	10
2949	14	91	664.7391052434009	0.0	10
2950	14	91	685.6	0.0	10
2951	13	91	676.0	0.0	10
2952	13	91	676.0	0.0	10
2953	14	90	685.6	0.0	10
2954	14	90	685.6	0.0	10
2955	13	91	676.0	0.0	10
2956	54	39	1196.7999999999995	0.0	9
2957	13	91	676.0	0.0	10
2958	31	75	955.1391052434012	0.0	10
2959	37	68	1310.2173157302018	0.0	10
2960	54	29	1239.1999999999982	0.0	8
2961	15	90	695.2	0.0	10
2962	13	91	676.0	0.0	10
2963	13	91	676.0	0.0	10
2964	15	89	780.0	0.0	10
2965	17	89	714.4	0.0	10
2966	13	91	676.0	0.0	10
2967	14	90	685.6	0.0	10
2968	14	90	685.6	0.0	10
2969	14	90	685.6	0.0	10
2970	18	87	893.6	0.0	10
2971	38	67	1278.0955262170041	0.0	10
2972	13	91	676.0	0.0	10
2973	15	89	695.2	0.0	10
2974	14	91	685.6	0.0	10
2975	14	91	685.6	0.0	10
2976	13	91	676.0	0.0	10
2977	13	91	676.0	0.0	10
2978	13	91	676.0	0.0	10
2979	16	90	704.8	0.0	10
2980	13	91	676.0	0.0	10
2981	13	91	676.0	0.0	10
2982	18	88	872.7391052434009	0.0	10
2983	15	90	695.2	0.0	10
2984	13	91	676.0	0.0	10
2985	13	91	676.0	0.0	10
2986	13	91	676.0	0.0	10
2987	54	40	1154.3999999999994	0.0	9
2988	15	90	695.2	0.0	10
2989	13	91	676.0	0.0	10
2990	14	91	685.6	0.0	10
2991	13	91	676.0	0.0	10
2992	13	91	676.0	0.0	10
2993	16	90	704.8000000000001	0.0	10
2994	54	41	1154.3999999999994	0.0	9
2995	14	91	685.6	0.0	10
2996	14	91	685.6	0.0	10
2997	17	88	714.4000000000001	0.0	10
2998	13	91	676.0	0.0	10
2999	13	91	676.0	0.0	10
3000	14	91	685.6	0.0	10
3001	14	91	685.6	0.0	10
3002	13	91	676.0	0.0	10
3003	15	90	695.2	0.0	10
3004	15	90	695.2	0.0	10
3005	13	91	676.0	0.0	10
3006	16	88	853.539105243401	0.0	10
3007	15	91	695.2	0.0	10
3008	32	74	1050.8955262170048	0.0	10
3009	54	41	1282.9564209736016	0.0	9
3010	13	91	676.0	0.0	10
3011	16	88	789.6	0.0	10
3012	21	85	1049.6	0.0	10
3013	13	91	676.0	0.0	10
3014	13	91	676.0	0.0	10
3015	36	69	1089.2955262170044	0.0	10
3016	54	40	1239.1999999999982	0.0	9
3017	13	91	676.0	0.0	10
3018	15	90	695.2	0.0	10
3019	14	90	749.539105243401	0.0	10
3020	15	90	759.139105243401	0.0	10
3021	15	90	759.139105243401	0.0	10
3022	45	60	1152.8000000000006	0.0	10
3023	17	87	863.139105243401	0.0	10
3024	17	88	714.4000000000001	0.0	10
3025	54	42	1324.6782104868003	0.0	9
3026	15	90	695.2	0.0	10
3027	15	89	759.139105243401	0.0	10
3028	16	90	704.8	0.0	10
3029	54	42	1389.2955262170021	0.0	9
3030	14	90	749.539105243401	0.0	10
3031	15	89	823.0782104868019	0.0	10
3032	15	89	823.0782104868019	0.0	10
3033	14	90	749.539105243401	0.0	10
3034	14	91	685.6	0.0	10
3035	17	88	863.139105243401	0.0	10
3036	14	90	749.539105243401	0.0	10
3037	14	91	685.6	0.0	10
3038	31	74	1210.895526217004	0.0	10
3039	14	91	685.6	0.0	10
3040	15	89	823.0782104868019	0.0	10
3041	54	40	1431.6955262170018	0.0	9
3042	14	91	685.6	0.0	10
3043	16	89	853.539105243401	0.0	10
3044	15	89	823.0782104868019	0.0	10
3045	14	90	749.539105243401	0.0	10
3046	14	91	685.6	0.0	10
3047	17	87	863.139105243401	0.0	10
3048	14	90	749.539105243401	0.0	10
3049	14	91	685.6	0.0	10
3050	14	90	749.539105243401	0.0	10
3051	14	90	749.539105243401	0.0	10
3052	15	90	695.2	0.0	10
3053	15	90	695.2	0.0	10
3054	14	91	685.6	0.0	10
3055	15	89	695.2	0.0	10
3056	14	91	685.6	0.0	10
3057	54	19	1218.3391052433994	0.0	7
3058	14	90	685.6	0.0	10
3059	14	90	749.539105243401	0.0	10
3060	14	90	749.539105243401	0.0	10
3061	14	90	749.539105243401	0.0	10
3062	14	91	685.6	0.0	10
3063	14	90	749.539105243401	0.0	10
3064	14	90	749.539105243401	0.0	10
3065	16	88	853.539105243401	0.0	10
3066	15	89	695.2	0.0	10
3067	14	90	749.539105243401	0.0	10
3068	14	90	749.539105243401	0.0	10
3069	14	90	749.539105243401	0.0	10
3070	54	40	1260.7391052434004	0.0	9
3071	13	91	676.0	0.0	10
3072	14	91	685.6	0.0	10
3073	13	91	676.0	0.0	10
3074	15	90	695.2	0.0	10
3075	13	91	676.0	0.0	10
3076	13	91	676.0	0.0	10
3077	41	66	1137.295526217004	0.0	10
3078	13	91	676.0	0.0	10
3079	13	91	676.0	0.0	10
3080	14	91	685.6	0.0	10
3081	13	91	676.0	0.0	10
3082	13	91	676.0	0.0	10
3083	14	90	749.539105243401	0.0	10
3084	13	91	676.0	0.0	10
3085	20	85	1040.0	0.0	10
3086	17	88	714.4000000000001	0.0	10
3087	33	73	1060.4955262170047	0.0	10
3088	14	91	685.6	0.0	10
3089	17	89	799.2	0.0	10
3090	13	91	676.0	0.0	10
3091	13	91	676.0	0.0	10
3092	18	88	724.0	0.0	10
3093	13	91	676.0	0.0	10
3094	14	91	685.6	0.0	10
3095	16	90	704.8	0.0	10
3096	13	91	676.0	0.0	10
3097	17	88	799.2	0.0	10
3098	13	91	676.0	0.0	10
3099	14	92	685.6	0.0	10
3100	15	90	695.2	0.0	10
3101	13	91	676.0	0.0	10
3102	54	39	1154.3999999999994	0.0	9
3103	54	42	1154.3999999999994	0.0	9
3104	14	91	685.6	0.0	10
3105	20	86	955.878210486802	0.0	10
3106	13	92	676.0	0.0	10
3107	13	91	676.0	0.0	10
3108	14	91	685.6	0.0	10
3109	13	91	676.0	0.0	10
3110	28	77	1054.217315730203	0.0	10
3111	13	91	676.0	0.0	10
3112	13	91	676.0	0.0	10
3113	13	91	676.0	0.0	10
3114	14	91	685.6	0.0	10
3115	14	91	685.6	0.0	10
3116	14	91	685.6	0.0	10
3117	13	91	676.0	0.0	10
3118	14	91	685.6	0.0	10
3119	13	91	676.0	0.0	10
3120	13	91	676.0	0.0	10
3121	16	88	853.539105243401	0.0	10
3122	19	86	903.2	0.0	10
3123	13	91	676.0	0.0	10
3124	14	91	685.6	0.0	10
3125	13	91	676.0	0.0	10
3126	13	91	676.0	0.0	10
3127	13	91	676.0	0.0	10
3128	14	90	685.6	0.0	10
3129	16	89	704.8	0.0	10
3130	13	91	676.0	0.0	10
3131	34	71	814.3391052434013	0.0	10
3132	13	92	676.0	0.0	10
3133	15	91	695.2	0.0	10
3134	14	91	685.6	0.0	10
3135	13	91	676.0	0.0	10
3136	14	90	685.6	0.0	10
3137	14	91	685.6	0.0	10
3138	13	91	676.0	0.0	10
3139	13	91	676.0	0.0	10
3140	13	91	676.0	0.0	10
3141	14	91	685.6	0.0	10
3142	16	89	704.8000000000001	0.0	10
3143	13	91	676.0	0.0	10
3144	20	86	976.739105243401	0.0	10
3145	14	91	685.6	0.0	10
3146	54	42	1240.5564209736021	0.0	9
3147	13	91	676.0	0.0	10
3148	13	91	676.0	0.0	10
3149	13	91	676.0	0.0	10
3150	13	91	676.0	0.0	10
3151	15	91	695.2	0.0	10
3152	14	91	685.6	0.0	10
3153	13	91	676.0	0.0	10
3154	14	91	685.6	0.0	10
3155	13	91	676.0	0.0	10
3156	16	90	704.8	0.0	10
3157	13	91	676.0	0.0	10
3158	15	89	695.2	0.0	10
3159	14	91	685.6	0.0	10
3160	14	91	685.6	0.0	10
3161	13	91	676.0	0.0	10
3162	13	91	676.0	0.0	10
3163	31	76	1104.556420973604	0.0	10
3164	13	91	676.0	0.0	10
3165	54	40	1303.1391052433996	0.0	9
3166	54	40	1154.3999999999994	0.0	9
3167	14	90	685.6	0.0	10
3168	14	91	685.6	0.0	10
3169	16	90	704.8	0.0	10
3170	13	91	676.0	0.0	10
3171	13	91	676.0	0.0	10
3172	13	91	676.0	0.0	10
3173	15	91	759.139105243401	0.0	10
3174	13	91	676.0	0.0	10
3175	14	90	749.539105243401	0.0	10
3176	15	89	823.0782104868019	0.0	10
3177	14	91	749.539105243401	0.0	10
3178	38	67	980.6173157302034	0.0	10
3179	14	90	749.539105243401	0.0	10
3180	48	57	1224.6782104868018	0.0	10
3181	14	90	749.539105243401	0.0	10
3182	14	90	749.539105243401	0.0	10
3183	16	91	704.8	0.0	10
3184	14	91	685.6	0.0	10
3185	14	91	685.6	0.0	10
3186	15	89	823.0782104868019	0.0	10
3187	31	74	870.3391052434013	0.0	10
3188	27	79	747.1391052434012	0.0	10
3189	13	91	676.0	0.0	10
3190	13	91	676.0	0.0	10
3191	14	90	749.539105243401	0.0	10
3192	40	65	935.8782104868025	0.0	10
3193	25	80	1003.8782104868021	0.0	10
3194	15	89	695.2	0.0	10
3195	15	90	695.2	0.0	10
3196	13	91	676.0	0.0	10
3197	13	91	676.0	0.0	10
3198	14	90	685.6	0.0	10
3199	15	92	695.2	0.0	10
3200	13	92	676.0	0.0	10
3201	14	91	685.6	0.0	10
3202	13	91	676.0	0.0	10
3203	14	91	685.6	0.0	10
3204	14	91	685.6	0.0	10
3205	33	72	1081.3564209736037	0.0	10
3206	14	90	685.6	0.0	10
3207	15	91	738.278210486802	0.0	10
3208	13	91	676.0	0.0	10
3209	15	90	695.2	0.0	10
3210	14	91	685.6	0.0	10
3211	16	89	704.8000000000001	0.0	10
3212	15	91	695.2	0.0	10
3213	15	89	780.0	0.0	10
3214	15	91	695.2	0.0	10
3215	13	91	676.0	0.0	10
3216	15	89	759.139105243401	0.0	10
3217	13	91	676.0	0.0	10
3218	13	91	676.0	0.0	10
3219	16	89	704.8	0.0	10
3220	16	89	789.6	0.0	10
3221	15	90	695.2	0.0	10
3222	13	91	676.0	0.0	10
3223	42	63	1019.0173157302033	0.0	10
3224	13	91	676.0	0.0	10
3225	16	92	704.8000000000001	0.0	10
3226	14	91	685.6	0.0	10
3227	15	90	695.2	0.0	10
3228	15	90	695.2	0.0	10
3229	14	91	685.6	0.0	10
3230	13	91	676.0	0.0	10
3231	13	92	676.0	0.0	10
3232	13	91	676.0	0.0	10
3233	13	91	676.0	0.0	10
3234	13	91	676.0	0.0	10
3235	14	91	685.6	0.0	10
3236	16	89	704.8	0.0	10
3237	16	90	768.739105243401	0.0	10
3238	13	91	676.0	0.0	10
3239	14	91	685.6	0.0	10
3240	14	91	685.6	0.0	10
3241	13	91	676.0	0.0	10
3242	14	91	685.6	0.0	10
3243	14	91	685.6	0.0	10
3244	37	68	907.0782104868024	0.0	10
3245	13	91	676.0	0.0	10
3246	15	90	695.2	0.0	10
3247	15	90	695.2	0.0	10
3248	14	91	685.6	0.0	10
3249	13	91	676.0	0.0	10
3250	14	90	685.6	0.0	10
3251	15	90	695.2	0.0	10
3252	14	91	685.6	0.0	10
3253	13	91	676.0	0.0	10
3254	13	91	676.0	0.0	10
3255	16	90	747.878210486802	0.0	10
3256	14	91	685.6	0.0	10
3257	13	91	676.0	0.0	10
3258	14	91	685.6	0.0	10
3259	14	91	685.6	0.0	10
3260	15	90	695.2	0.0	10
3261	14	90	685.6	0.0	10
3262	14	91	685.6	0.0	10
3263	13	91	676.0	0.0	10
3264	13	91	676.0	0.0	10
3265	54	40	1154.3999999999992	0.0	9
3266	13	91	676.0	0.0	10
3267	14	91	685.6	0.0	10
3268	15	89	695.2	0.0	10
3269	13	91	676.0	0.0	10
3270	54	40	1303.1391052433985	0.0	9
3271	17	88	799.2	0.0	10
3272	13	91	676.0	0.0	10
3273	13	91	676.0	0.0	10
3274	13	91	676.0	0.0	10
3275	13	91	676.0	0.0	10
3276	14	91	685.6	0.0	10
3277	13	91	676.0	0.0	10
3278	15	91	695.2	0.0	10
3279	14	91	685.6	0.0	10
3280	15	91	695.2	0.0	10
3281	15	89	780.0	0.0	10
3282	28	77	1118.834631460405	0.0	10
3283	13	91	676.0	0.0	10
3284	14	91	685.6	0.0	10
3285	17	89	714.4000000000001	0.0	10
3286	15	90	695.2	0.0	10
3287	13	91	676.0	0.0	10
3288	13	91	676.0	0.0	10
3289	16	90	704.8	0.0	10
