EpNum	EpSteps	Reward	ener	dist	NumCovTargets
1	9	2	214.2782104868019	0.0	1
2	9	13	363.0173157302029	0.0	2
3	9	-9	171.2	0.0	0
4	9	13	298.4	0.0	2
5	9	2	171.2	0.0	1
6	9	2	277.53910524340097	0.0	1
7	9	24	341.4782104868019	0.0	3
8	9	13	362.3391052434009	0.0	2
9	9	24	277.5391052434009	0.0	3
10	9	13	298.4	0.0	2
11	9	24	383.8782104868019	0.0	3
12	9	2	192.73910524340096	0.0	1
13	9	-9	86.4	0.0	0
14	9	13	256.0	0.0	2
15	9	13	341.47821048680197	0.0	2
16	9	2	298.4	0.0	1
17	9	24	341.47821048680197	0.0	3
18	9	2	192.73910524340096	0.0	1
19	9	-9	213.59999999999997	0.0	0
20	9	13	171.2	0.0	2
21	9	13	255.99999999999997	0.0	2
22	9	13	235.13910524340093	0.0	2
23	9	13	171.2	0.0	2
24	9	-9	320.6173157302029	0.0	0
25	9	2	150.33910524340095	0.0	1
26	9	13	235.13910524340093	0.0	2
27	9	2	128.8	0.0	1
28	9	-9	171.2	0.0	0
29	9	2	171.2	0.0	1
30	9	13	299.07821048680194	0.0	2
31	9	13	299.07821048680194	0.0	2
32	9	2	277.53910524340097	0.0	1
33	9	2	171.2	0.0	1
34	9	13	256.6782104868019	0.0	2
35	9	2	277.5391052434009	0.0	1
36	9	24	319.939105243401	0.0	3
37	9	13	299.0782104868019	0.0	2
38	9	13	299.07821048680194	0.0	2
39	9	24	362.339105243401	0.0	3
40	9	24	447.81731573020295	0.0	3
41	9	13	214.27821048680187	0.0	2
42	9	13	256.6782104868019	0.0	2
43	9	2	256.67821048680196	0.0	1
44	9	2	192.73910524340093	0.0	1
45	9	13	256.6782104868019	0.0	2
46	9	2	192.73910524340096	0.0	1
47	9	13	299.07821048680194	0.0	2
48	9	24	363.017315730203	0.0	3
49	9	13	235.13910524340093	0.0	2
50	9	2	192.73910524340093	0.0	1
51	9	-9	128.79999999999998	0.0	0
52	9	2	213.59999999999997	0.0	1
53	9	13	256.0	0.0	2
54	9	13	277.53910524340097	0.0	2
55	9	13	299.07821048680194	0.0	2
56	9	2	255.99999999999997	0.0	1
57	9	2	213.59999999999997	0.0	1
58	9	24	277.53910524340097	0.0	3
59	9	13	235.13910524340093	0.0	2
60	9	13	299.07821048680194	0.0	2
61	9	13	299.07821048680194	0.0	2
62	9	-9	171.19999999999996	0.0	0
63	9	13	256.6782104868019	0.0	2
64	9	13	235.13910524340096	0.0	2
65	9	2	277.53910524340097	0.0	1
66	9	2	150.33910524340095	0.0	1
67	9	2	213.59999999999997	0.0	1
68	9	2	256.6782104868019	0.0	1
69	9	2	171.2	0.0	1
70	9	-9	86.4	0.0	0
71	9	-9	86.4	0.0	0
72	9	2	299.07821048680194	0.0	1
73	9	2	128.79999999999998	0.0	1
74	9	-9	128.79999999999998	0.0	0
75	9	2	171.19999999999996	0.0	1
76	9	2	171.2	0.0	1
77	9	-9	86.4	0.0	0
78	9	-9	128.79999999999998	0.0	0
79	9	2	128.8	0.0	1
80	9	13	235.1391052434009	0.0	2
81	9	2	171.19999999999996	0.0	1
82	9	2	213.6	0.0	1
83	9	13	213.59999999999997	0.0	2
84	9	-9	128.79999999999998	0.0	0
85	9	2	213.6	0.0	1
86	9	13	341.4782104868019	0.0	2
87	9	-9	128.79999999999998	0.0	0
88	9	2	277.53910524340097	0.0	1
89	9	-9	171.2	0.0	0
90	9	-9	128.79999999999998	0.0	0
91	9	2	171.2	0.0	1
92	9	-9	192.73910524340096	0.0	0
93	9	2	128.8	0.0	1
94	9	2	171.2	0.0	1
95	9	-9	192.73910524340093	0.0	0
96	9	-9	128.79999999999998	0.0	0
97	9	2	213.59999999999997	0.0	1
98	9	2	171.2	0.0	1
99	9	2	171.2	0.0	1
100	9	13	235.13910524340096	0.0	2
101	9	-9	128.79999999999998	0.0	0
102	9	2	171.2	0.0	1
103	9	2	192.73910524340096	0.0	1
104	9	2	171.2	0.0	1
105	9	-9	128.79999999999998	0.0	0
106	9	-9	128.79999999999998	0.0	0
107	9	2	171.19999999999996	0.0	1
108	9	-9	128.79999999999998	0.0	0
109	9	-9	128.79999999999998	0.0	0
110	9	2	171.2	0.0	1
111	9	-9	128.79999999999998	0.0	0
112	9	2	171.2	0.0	1
113	9	13	235.13910524340093	0.0	2
114	9	2	192.73910524340093	0.0	1
115	9	24	277.53910524340097	0.0	3
116	9	24	319.939105243401	0.0	3
117	9	24	255.99999999999997	0.0	3
118	9	24	255.99999999999997	0.0	3
119	9	24	255.99999999999997	0.0	3
120	9	24	341.478210486802	0.0	3
121	9	35	447.81731573020295	0.0	4
122	9	35	404.739105243401	0.0	4
123	9	35	404.739105243401	0.0	4
124	9	24	255.99999999999997	0.0	3
125	9	35	319.939105243401	0.0	4
126	9	24	255.99999999999997	0.0	3
127	9	24	255.99999999999997	0.0	3
128	9	24	255.99999999999997	0.0	3
129	9	24	255.99999999999997	0.0	3
130	9	24	235.13910524340093	0.0	3
131	9	24	383.878210486802	0.0	3
132	9	24	362.339105243401	0.0	3
133	9	35	340.80000000000007	0.0	4
134	9	35	340.80000000000007	0.0	4
135	9	24	235.13910524340093	0.0	3
136	9	24	235.13910524340093	0.0	3
137	9	24	235.13910524340093	0.0	3
138	9	24	235.13910524340093	0.0	3
139	9	24	235.13910524340093	0.0	3
140	9	24	235.13910524340093	0.0	3
141	9	24	235.13910524340093	0.0	3
142	9	24	235.13910524340093	0.0	3
143	9	24	341.47821048680197	0.0	3
144	9	24	235.13910524340093	0.0	3
145	9	24	235.13910524340093	0.0	3
146	9	24	235.13910524340093	0.0	3
147	9	24	298.4	0.0	3
148	9	35	319.93910524340106	0.0	4
149	9	24	235.13910524340093	0.0	3
150	9	24	341.47821048680197	0.0	3
151	9	24	341.47821048680197	0.0	3
152	9	24	235.13910524340093	0.0	3
153	9	24	235.13910524340093	0.0	3
154	9	24	235.13910524340093	0.0	3
155	9	24	235.13910524340093	0.0	3
156	9	24	235.13910524340093	0.0	3
157	9	24	235.13910524340093	0.0	3
158	9	35	383.8782104868019	0.0	4
159	9	35	383.8782104868019	0.0	4
160	9	24	341.47821048680197	0.0	3
161	9	24	341.47821048680197	0.0	3
162	9	35	404.739105243401	0.0	4
163	9	35	447.8173157302029	0.0	4
164	9	35	447.8173157302029	0.0	4
165	9	35	447.8173157302029	0.0	4
166	9	35	447.8173157302029	0.0	4
167	9	35	383.8782104868019	0.0	4
168	9	35	319.939105243401	0.0	4
169	9	35	319.93910524340106	0.0	4
170	9	24	277.539105243401	0.0	3
171	9	24	277.539105243401	0.0	3
172	9	35	319.93910524340106	0.0	4
173	9	35	319.93910524340106	0.0	4
174	9	13	213.59999999999997	0.0	2
175	9	13	213.59999999999997	0.0	2
176	9	35	319.93910524340095	0.0	4
177	9	35	319.93910524340095	0.0	4
178	9	24	277.53910524340097	0.0	3
179	9	35	404.7391052434009	0.0	4
180	9	35	404.73910524340096	0.0	4
181	9	35	404.73910524340096	0.0	4
182	9	35	425.6	0.0	4
183	9	13	383.2	0.0	2
184	9	13	383.2	0.0	2
185	9	13	425.6	0.0	2
186	9	35	489.53910524340097	0.0	4
187	9	35	447.139105243401	0.0	4
188	9	24	383.20000000000005	0.0	3
189	9	35	447.139105243401	0.0	4
190	9	35	447.139105243401	0.0	4
191	9	35	447.139105243401	0.0	4
192	9	35	447.139105243401	0.0	4
193	9	24	362.33910524340104	0.0	3
194	9	24	426.278210486802	0.0	3
195	9	13	235.13910524340093	0.0	2
196	9	35	319.93910524340095	0.0	4
197	9	24	277.53910524340097	0.0	3
198	9	13	213.59999999999997	0.0	2
199	9	24	298.4	0.0	3
200	9	35	319.93910524340106	0.0	4
201	9	35	319.939105243401	0.0	4
202	9	35	319.93910524340106	0.0	4
203	9	35	319.93910524340106	0.0	4
204	9	35	319.93910524340095	0.0	4
205	9	24	235.13910524340093	0.0	3
206	9	35	319.939105243401	0.0	4
207	9	35	319.93910524340095	0.0	4
208	9	24	362.3391052434009	0.0	3
209	9	24	235.13910524340093	0.0	3
210	9	35	319.939105243401	0.0	4
211	9	35	319.939105243401	0.0	4
212	9	35	319.939105243401	0.0	4
213	9	24	319.939105243401	0.0	3
214	9	35	319.93910524340095	0.0	4
215	9	24	235.13910524340093	0.0	3
216	9	24	404.73910524340096	0.0	3
217	9	35	319.93910524340106	0.0	4
218	9	35	319.939105243401	0.0	4
219	9	24	362.3391052434009	0.0	3
220	9	24	405.417315730203	0.0	3
221	9	35	319.939105243401	0.0	4
222	9	24	235.13910524340093	0.0	3
223	9	35	383.8782104868019	0.0	4
224	9	35	362.33910524340104	0.0	4
225	9	35	383.8782104868019	0.0	4
226	9	35	383.8782104868019	0.0	4
227	9	35	319.939105243401	0.0	4
228	9	35	319.93910524340106	0.0	4
229	9	35	319.93910524340106	0.0	4
230	9	35	319.93910524340106	0.0	4
231	9	35	404.73910524340096	0.0	4
232	9	35	404.739105243401	0.0	4
233	9	24	362.33910524340104	0.0	3
234	9	35	319.93910524340106	0.0	4
235	9	35	319.93910524340106	0.0	4
236	9	35	319.93910524340106	0.0	4
237	9	35	319.939105243401	0.0	4
238	9	24	362.339105243401	0.0	3
239	9	35	319.93910524340106	0.0	4
240	9	35	404.739105243401	0.0	4
241	9	35	404.739105243401	0.0	4
242	9	35	404.739105243401	0.0	4
243	9	24	468.67821048680196	0.0	3
244	9	35	319.93910524340106	0.0	4
245	9	35	319.93910524340106	0.0	4
246	9	35	319.93910524340106	0.0	4
247	9	35	319.939105243401	0.0	4
248	9	35	319.93910524340106	0.0	4
249	9	24	447.81731573020295	0.0	3
250	9	35	319.93910524340106	0.0	4
251	9	35	319.93910524340106	0.0	4
252	9	35	319.93910524340106	0.0	4
253	9	35	319.93910524340106	0.0	4
254	9	35	319.93910524340106	0.0	4
255	9	35	319.93910524340106	0.0	4
256	9	35	319.93910524340106	0.0	4
257	9	35	319.93910524340106	0.0	4
258	9	35	319.93910524340106	0.0	4
259	9	35	319.93910524340106	0.0	4
260	9	35	319.93910524340106	0.0	4
261	9	35	319.93910524340106	0.0	4
262	9	35	383.878210486802	0.0	4
263	9	13	277.539105243401	0.0	2
264	9	35	404.739105243401	0.0	4
265	9	35	404.739105243401	0.0	4
266	9	35	404.739105243401	0.0	4
267	9	35	404.739105243401	0.0	4
268	9	35	404.739105243401	0.0	4
269	9	35	404.739105243401	0.0	4
270	9	35	404.739105243401	0.0	4
271	9	35	319.93910524340106	0.0	4
272	9	35	319.93910524340106	0.0	4
273	9	24	255.99999999999997	0.0	3
274	9	35	511.07821048680194	0.0	4
275	9	35	468.67821048680196	0.0	4
276	9	35	404.739105243401	0.0	4
277	9	24	383.878210486802	0.0	3
278	9	35	404.739105243401	0.0	4
279	9	35	404.739105243401	0.0	4
280	9	35	319.93910524340106	0.0	4
281	9	35	319.93910524340106	0.0	4
282	9	35	319.93910524340106	0.0	4
283	9	35	319.93910524340106	0.0	4
284	9	35	319.93910524340106	0.0	4
285	9	35	319.93910524340106	0.0	4
286	9	35	319.93910524340106	0.0	4
287	9	35	319.93910524340106	0.0	4
288	9	35	319.93910524340106	0.0	4
289	9	35	319.93910524340106	0.0	4
290	9	35	319.93910524340106	0.0	4
291	9	35	319.93910524340106	0.0	4
292	9	35	404.739105243401	0.0	4
293	9	35	319.93910524340106	0.0	4
294	9	35	319.93910524340106	0.0	4
295	9	35	319.93910524340106	0.0	4
296	9	35	319.93910524340106	0.0	4
297	9	35	319.93910524340106	0.0	4
298	9	35	319.93910524340106	0.0	4
299	9	35	426.278210486802	0.0	4
300	9	35	383.878210486802	0.0	4
301	9	35	404.739105243401	0.0	4
302	9	35	319.93910524340106	0.0	4
303	9	35	319.93910524340106	0.0	4
304	9	35	319.93910524340106	0.0	4
305	9	35	319.93910524340106	0.0	4
306	9	35	319.93910524340106	0.0	4
307	9	35	383.878210486802	0.0	4
308	9	35	319.93910524340106	0.0	4
309	9	35	319.93910524340106	0.0	4
310	9	35	319.93910524340106	0.0	4
311	9	35	319.93910524340106	0.0	4
312	9	35	319.93910524340106	0.0	4
313	9	35	319.93910524340106	0.0	4
314	9	35	319.93910524340106	0.0	4
315	9	35	319.93910524340106	0.0	4
316	9	35	319.93910524340106	0.0	4
317	9	35	319.93910524340106	0.0	4
318	9	35	426.278210486802	0.0	4
319	9	35	426.278210486802	0.0	4
320	9	35	468.67821048680196	0.0	4
321	9	35	490.2173157302029	0.0	4
322	9	35	490.2173157302029	0.0	4
323	9	35	490.2173157302029	0.0	4
324	9	35	490.2173157302029	0.0	4
325	9	35	490.2173157302029	0.0	4
326	9	35	490.2173157302029	0.0	4
327	9	35	490.2173157302029	0.0	4
328	9	35	490.2173157302029	0.0	4
329	9	35	490.2173157302029	0.0	4
330	9	35	490.2173157302029	0.0	4
331	9	35	490.2173157302029	0.0	4
332	9	35	490.2173157302029	0.0	4
333	9	35	490.2173157302029	0.0	4
334	9	35	490.2173157302029	0.0	4
335	9	35	532.6173157302029	0.0	4
336	9	35	532.6173157302029	0.0	4
337	9	35	468.67821048680196	0.0	4
338	9	35	532.6173157302029	0.0	4
339	9	35	490.2173157302029	0.0	4
340	9	35	532.6173157302029	0.0	4
341	9	35	532.6173157302029	0.0	4
342	9	35	468.67821048680196	0.0	4
343	9	35	468.67821048680196	0.0	4
344	9	35	468.67821048680196	0.0	4
345	9	35	468.67821048680196	0.0	4
346	9	35	404.739105243401	0.0	4
347	9	35	468.67821048680196	0.0	4
348	9	35	383.878210486802	0.0	4
349	9	35	490.2173157302029	0.0	4
350	9	35	490.21731573020287	0.0	4
351	9	35	468.67821048680196	0.0	4
352	9	35	490.2173157302029	0.0	4
353	9	35	468.67821048680196	0.0	4
354	9	35	404.739105243401	0.0	4
355	9	35	404.739105243401	0.0	4
356	9	35	404.739105243401	0.0	4
357	9	35	468.67821048680196	0.0	4
358	9	35	468.67821048680196	0.0	4
359	9	35	468.67821048680196	0.0	4
360	9	35	490.2173157302029	0.0	4
361	9	35	468.67821048680196	0.0	4
362	9	35	468.67821048680196	0.0	4
363	9	35	468.67821048680196	0.0	4
364	9	35	468.67821048680196	0.0	4
365	9	35	468.67821048680196	0.0	4
366	9	35	468.67821048680196	0.0	4
367	9	35	468.67821048680196	0.0	4
368	9	35	468.67821048680196	0.0	4
369	9	35	404.739105243401	0.0	4
370	9	35	404.739105243401	0.0	4
371	9	35	362.33910524340104	0.0	4
372	9	35	468.67821048680196	0.0	4
373	9	35	404.739105243401	0.0	4
374	9	35	404.739105243401	0.0	4
375	9	35	362.33910524340104	0.0	4
376	9	35	468.67821048680196	0.0	4
377	9	35	468.67821048680196	0.0	4
378	9	35	426.278210486802	0.0	4
379	9	35	426.278210486802	0.0	4
380	9	35	532.6173157302029	0.0	4
381	9	35	468.67821048680196	0.0	4
382	9	35	468.67821048680196	0.0	4
383	9	35	468.67821048680196	0.0	4
384	9	35	404.739105243401	0.0	4
385	9	35	404.739105243401	0.0	4
386	9	35	404.739105243401	0.0	4
387	9	35	511.07821048680194	0.0	4
388	9	35	404.739105243401	0.0	4
389	9	35	404.739105243401	0.0	4
390	9	35	468.67821048680196	0.0	4
391	9	35	468.67821048680196	0.0	4
392	9	35	425.6	0.0	4
393	9	35	511.07821048680194	0.0	4
394	9	35	511.07821048680194	0.0	4
395	9	24	468.67821048680196	0.0	3
396	9	35	468.67821048680196	0.0	4
397	9	35	447.139105243401	0.0	4
398	9	24	511.07821048680194	0.0	3
399	9	35	447.139105243401	0.0	4
400	9	35	447.139105243401	0.0	4
401	9	35	447.139105243401	0.0	4
402	9	35	447.139105243401	0.0	4
403	9	35	489.53910524340097	0.0	4
404	9	35	489.53910524340097	0.0	4
405	9	35	489.53910524340097	0.0	4
406	9	35	489.53910524340097	0.0	4
407	9	35	489.53910524340097	0.0	4
408	9	35	489.53910524340097	0.0	4
409	9	35	489.53910524340097	0.0	4
410	9	35	447.139105243401	0.0	4
411	9	35	489.53910524340097	0.0	4
412	9	35	489.53910524340097	0.0	4
413	9	35	489.53910524340097	0.0	4
414	9	35	489.53910524340097	0.0	4
415	9	35	489.53910524340097	0.0	4
416	9	35	489.53910524340097	0.0	4
417	9	35	489.53910524340097	0.0	4
418	9	35	489.53910524340097	0.0	4
419	9	35	489.53910524340097	0.0	4
420	9	35	489.53910524340097	0.0	4
421	9	35	489.53910524340097	0.0	4
422	9	35	489.53910524340097	0.0	4
423	9	35	489.53910524340097	0.0	4
424	9	35	489.53910524340097	0.0	4
425	9	35	447.139105243401	0.0	4
426	9	35	447.139105243401	0.0	4
427	9	35	489.53910524340097	0.0	4
428	9	35	468.67821048680196	0.0	4
429	9	35	489.53910524340097	0.0	4
430	9	35	489.53910524340097	0.0	4
431	9	24	362.339105243401	0.0	3
432	9	35	489.53910524340097	0.0	4
433	9	35	489.53910524340097	0.0	4
434	9	35	489.53910524340097	0.0	4
435	9	35	489.53910524340097	0.0	4
436	9	35	489.53910524340097	0.0	4
437	9	35	489.53910524340097	0.0	4
438	9	35	489.53910524340097	0.0	4
439	9	35	489.53910524340097	0.0	4
440	9	35	489.53910524340097	0.0	4
441	9	35	489.53910524340097	0.0	4
442	9	35	489.53910524340097	0.0	4
443	9	35	489.53910524340097	0.0	4
444	9	35	489.53910524340097	0.0	4
445	9	46	489.53910524340097	0.0	5
446	9	35	489.53910524340097	0.0	4
447	9	35	404.739105243401	0.0	4
448	9	35	404.739105243401	0.0	4
449	9	35	447.13910524340093	0.0	4
450	9	35	447.139105243401	0.0	4
451	9	35	489.53910524340097	0.0	4
452	9	35	489.53910524340097	0.0	4
453	9	46	489.53910524340097	0.0	5
454	9	35	447.139105243401	0.0	4
455	9	24	425.6	0.0	3
456	9	35	489.53910524340097	0.0	4
457	9	35	447.13910524340093	0.0	4
458	9	35	489.53910524340097	0.0	4
459	9	35	447.13910524340093	0.0	4
460	9	35	489.53910524340097	0.0	4
461	9	35	489.53910524340097	0.0	4
462	9	46	489.53910524340097	0.0	5
463	9	24	255.99999999999997	0.0	3
464	9	46	489.53910524340097	0.0	5
465	9	46	489.53910524340097	0.0	5
466	9	46	489.53910524340097	0.0	5
467	9	46	489.53910524340097	0.0	5
468	9	35	447.13910524340093	0.0	4
469	9	46	489.53910524340097	0.0	5
470	9	46	489.53910524340097	0.0	5
471	9	46	489.53910524340097	0.0	5
472	9	46	489.53910524340097	0.0	5
473	9	46	489.53910524340097	0.0	5
474	9	35	489.53910524340097	0.0	4
475	9	35	489.53910524340097	0.0	4
476	9	35	447.139105243401	0.0	4
477	9	46	489.53910524340097	0.0	5
478	9	46	489.53910524340097	0.0	5
479	9	46	489.53910524340097	0.0	5
480	9	46	489.53910524340097	0.0	5
481	9	46	489.53910524340097	0.0	5
482	9	24	235.13910524340093	0.0	3
483	9	46	489.53910524340097	0.0	5
484	9	35	447.139105243401	0.0	4
485	9	46	489.53910524340097	0.0	5
486	9	35	404.73910524340096	0.0	4
487	9	35	447.139105243401	0.0	4
488	9	35	404.739105243401	0.0	4
489	9	35	447.139105243401	0.0	4
490	9	35	447.139105243401	0.0	4
491	9	35	447.139105243401	0.0	4
492	9	35	447.139105243401	0.0	4
493	9	35	447.139105243401	0.0	4
494	9	35	447.139105243401	0.0	4
495	9	35	447.139105243401	0.0	4
496	9	35	404.739105243401	0.0	4
497	9	35	404.739105243401	0.0	4
498	9	35	447.139105243401	0.0	4
499	9	24	511.07821048680194	0.0	3
500	9	35	404.739105243401	0.0	4
501	9	35	404.739105243401	0.0	4
502	9	35	404.739105243401	0.0	4
503	9	35	511.07821048680194	0.0	4
504	9	46	532.6173157302029	0.0	5
505	9	35	447.139105243401	0.0	4
506	9	35	489.53910524340097	0.0	4
507	9	35	426.278210486802	0.0	4
508	9	46	468.67821048680196	0.0	5
509	8	47	459.07821048680194	0.0	5
510	9	46	468.67821048680196	0.0	5
511	9	35	447.81731573020295	0.0	4
512	8	47	459.07821048680194	0.0	5
513	9	24	362.33910524340104	0.0	3
514	8	47	459.07821048680194	0.0	5
515	9	35	468.0	0.0	4
516	9	46	489.53910524340097	0.0	5
517	8	47	459.07821048680194	0.0	5
518	8	47	459.07821048680194	0.0	5
519	8	47	459.07821048680194	0.0	5
520	9	46	468.67821048680196	0.0	5
521	9	46	468.67821048680196	0.0	5
522	9	35	447.139105243401	0.0	4
523	9	35	447.139105243401	0.0	4
524	9	35	426.278210486802	0.0	4
525	9	46	468.67821048680196	0.0	5
526	9	46	468.67821048680196	0.0	5
527	9	46	468.67821048680196	0.0	5
528	8	47	459.07821048680194	0.0	5
529	9	35	426.9564209736039	0.0	4
530	8	47	459.07821048680194	0.0	5
531	9	46	468.67821048680196	0.0	5
532	9	46	489.53910524340097	0.0	5
533	8	47	459.07821048680194	0.0	5
534	9	46	468.67821048680196	0.0	5
535	9	46	447.8173157302029	0.0	5
536	9	46	489.53910524340097	0.0	5
537	9	46	489.53910524340097	0.0	5
538	8	47	459.07821048680194	0.0	5
539	9	46	468.67821048680196	0.0	5
540	9	46	468.67821048680196	0.0	5
541	9	46	468.67821048680196	0.0	5
542	9	46	468.67821048680196	0.0	5
543	9	46	468.67821048680196	0.0	5
544	9	46	468.67821048680196	0.0	5
545	8	47	459.07821048680194	0.0	5
546	8	47	459.07821048680194	0.0	5
547	9	46	489.53910524340097	0.0	5
548	9	46	468.67821048680196	0.0	5
549	9	46	489.53910524340097	0.0	5
550	9	46	489.53910524340097	0.0	5
551	8	47	459.07821048680194	0.0	5
552	9	24	362.33910524340104	0.0	3
553	9	24	362.33910524340104	0.0	3
554	9	24	362.33910524340104	0.0	3
555	8	47	438.21731573020287	0.0	5
556	7	48	428.6173157302029	0.0	5
557	9	46	532.6173157302029	0.0	5
558	9	46	489.53910524340097	0.0	5
559	9	46	489.53910524340097	0.0	5
560	9	46	489.53910524340097	0.0	5
561	8	47	459.07821048680194	0.0	5
562	8	47	459.07821048680194	0.0	5
563	9	24	489.53910524340097	0.0	3
564	8	47	459.07821048680194	0.0	5
565	8	47	459.07821048680194	0.0	5
566	8	47	459.07821048680194	0.0	5
567	8	47	459.07821048680194	0.0	5
568	8	47	459.07821048680194	0.0	5
569	8	47	459.07821048680194	0.0	5
570	8	47	459.07821048680194	0.0	5
571	9	46	468.67821048680196	0.0	5
572	8	47	459.07821048680194	0.0	5
573	8	47	459.07821048680194	0.0	5
574	8	47	459.07821048680194	0.0	5
575	8	47	459.07821048680194	0.0	5
576	8	47	459.07821048680194	0.0	5
577	8	47	459.07821048680194	0.0	5
578	8	47	459.07821048680194	0.0	5
579	8	47	459.07821048680194	0.0	5
580	8	47	459.07821048680194	0.0	5
581	8	47	459.07821048680194	0.0	5
582	8	47	459.07821048680194	0.0	5
583	8	47	459.07821048680194	0.0	5
584	8	47	459.07821048680194	0.0	5
585	8	47	459.07821048680194	0.0	5
586	8	47	459.07821048680194	0.0	5
587	8	47	459.07821048680194	0.0	5
588	8	47	459.07821048680194	0.0	5
589	8	47	438.21731573020287	0.0	5
590	8	47	459.07821048680194	0.0	5
591	9	35	447.139105243401	0.0	4
592	8	47	459.07821048680194	0.0	5
593	8	47	459.07821048680194	0.0	5
594	7	48	428.6173157302029	0.0	5
595	8	47	459.07821048680194	0.0	5
596	8	47	459.07821048680194	0.0	5
597	7	48	428.6173157302029	0.0	5
598	8	47	459.07821048680194	0.0	5
599	8	47	459.07821048680194	0.0	5
600	8	47	459.07821048680194	0.0	5
601	8	47	459.07821048680194	0.0	5
602	8	47	459.07821048680194	0.0	5
603	7	48	428.6173157302029	0.0	5
604	7	48	428.6173157302029	0.0	5
605	8	47	459.07821048680194	0.0	5
606	8	47	459.07821048680194	0.0	5
607	8	47	459.07821048680194	0.0	5
608	8	47	459.07821048680194	0.0	5
609	8	47	459.07821048680194	0.0	5
610	9	46	468.67821048680196	0.0	5
611	8	47	459.07821048680194	0.0	5
612	8	47	459.07821048680194	0.0	5
613	8	47	459.07821048680194	0.0	5
614	8	47	459.07821048680194	0.0	5
615	8	47	459.07821048680194	0.0	5
616	8	47	459.07821048680194	0.0	5
617	9	35	489.53910524340097	0.0	4
618	9	35	404.739105243401	0.0	4
619	9	35	511.07821048680194	0.0	4
620	9	46	489.53910524340097	0.0	5
621	9	35	404.739105243401	0.0	4
622	9	46	489.53910524340097	0.0	5
623	8	47	459.07821048680194	0.0	5
624	8	47	459.07821048680194	0.0	5
625	9	24	319.93910524340106	0.0	3
626	7	48	428.6173157302029	0.0	5
627	7	48	428.6173157302029	0.0	5
628	9	35	383.87821048680195	0.0	4
629	8	47	459.07821048680194	0.0	5
630	8	47	438.2173157302029	0.0	5
631	8	47	459.07821048680194	0.0	5
632	8	47	459.07821048680194	0.0	5
633	8	47	459.07821048680194	0.0	5
634	8	47	459.07821048680194	0.0	5
635	8	47	459.07821048680194	0.0	5
636	9	35	383.878210486802	0.0	4
637	7	48	428.6173157302029	0.0	5
638	8	47	438.2173157302029	0.0	5
639	8	47	459.07821048680194	0.0	5
640	8	47	459.07821048680194	0.0	5
641	8	47	459.07821048680194	0.0	5
642	8	47	459.07821048680194	0.0	5
643	8	47	459.07821048680194	0.0	5
644	8	47	459.07821048680194	0.0	5
645	8	47	459.07821048680194	0.0	5
646	8	47	459.07821048680194	0.0	5
647	8	47	459.07821048680194	0.0	5
648	8	47	459.07821048680194	0.0	5
649	8	47	459.07821048680194	0.0	5
650	9	35	404.739105243401	0.0	4
651	8	47	459.07821048680194	0.0	5
652	8	47	459.07821048680194	0.0	5
653	8	47	459.07821048680194	0.0	5
654	8	47	459.07821048680194	0.0	5
655	8	47	459.07821048680194	0.0	5
656	8	47	459.07821048680194	0.0	5
657	8	47	459.07821048680194	0.0	5
658	8	47	459.07821048680194	0.0	5
659	8	47	459.07821048680194	0.0	5
660	9	35	319.93910524340106	0.0	4
661	8	47	459.07821048680194	0.0	5
662	8	47	459.07821048680194	0.0	5
663	8	47	459.07821048680194	0.0	5
664	8	47	459.07821048680194	0.0	5
665	8	47	459.07821048680194	0.0	5
666	9	35	404.739105243401	0.0	4
667	9	35	404.739105243401	0.0	4
668	8	47	459.07821048680194	0.0	5
669	8	47	459.07821048680194	0.0	5
670	8	47	459.07821048680194	0.0	5
671	8	47	459.07821048680194	0.0	5
672	8	47	459.07821048680194	0.0	5
673	8	47	459.07821048680194	0.0	5
674	8	47	459.07821048680194	0.0	5
675	8	47	459.07821048680194	0.0	5
676	8	47	459.07821048680194	0.0	5
677	8	47	459.07821048680194	0.0	5
678	8	47	459.07821048680194	0.0	5
679	8	47	459.07821048680194	0.0	5
680	8	47	459.07821048680194	0.0	5
681	8	47	459.07821048680194	0.0	5
682	9	46	468.67821048680196	0.0	5
683	9	46	489.53910524340097	0.0	5
684	8	47	459.07821048680194	0.0	5
685	8	47	459.07821048680194	0.0	5
686	8	47	459.07821048680194	0.0	5
687	8	47	459.07821048680194	0.0	5
688	8	47	459.07821048680194	0.0	5
689	9	46	468.67821048680196	0.0	5
690	8	47	459.07821048680194	0.0	5
691	8	47	459.07821048680194	0.0	5
692	8	47	459.07821048680194	0.0	5
693	9	46	468.6782104868019	0.0	5
694	8	47	459.07821048680194	0.0	5
695	8	47	459.07821048680194	0.0	5
696	8	47	459.07821048680194	0.0	5
697	8	47	459.07821048680194	0.0	5
698	8	47	459.07821048680194	0.0	5
699	8	47	459.07821048680194	0.0	5
700	9	46	468.67821048680196	0.0	5
701	8	47	459.07821048680194	0.0	5
702	8	47	459.07821048680194	0.0	5
703	9	35	511.07821048680194	0.0	4
704	8	47	459.07821048680194	0.0	5
705	8	47	459.07821048680194	0.0	5
706	8	47	459.07821048680194	0.0	5
707	8	47	459.07821048680194	0.0	5
708	8	47	459.07821048680194	0.0	5
709	9	46	468.67821048680196	0.0	5
710	8	47	459.07821048680194	0.0	5
711	8	47	459.07821048680194	0.0	5
712	8	47	459.07821048680194	0.0	5
713	9	35	490.2173157302029	0.0	4
714	8	47	459.07821048680194	0.0	5
715	8	47	459.07821048680194	0.0	5
716	8	47	459.07821048680194	0.0	5
717	8	47	459.07821048680194	0.0	5
718	8	47	459.07821048680194	0.0	5
719	8	47	459.07821048680194	0.0	5
720	8	47	459.07821048680194	0.0	5
721	8	47	459.07821048680194	0.0	5
722	8	47	459.07821048680194	0.0	5
723	9	35	511.07821048680194	0.0	4
724	8	47	459.07821048680194	0.0	5
725	8	47	459.07821048680194	0.0	5
726	9	46	468.67821048680196	0.0	5
727	8	47	459.07821048680194	0.0	5
728	8	47	459.07821048680194	0.0	5
729	8	47	459.07821048680194	0.0	5
730	8	47	459.07821048680194	0.0	5
731	8	47	459.07821048680194	0.0	5
732	8	47	459.07821048680194	0.0	5
733	8	47	459.07821048680194	0.0	5
734	8	47	459.07821048680194	0.0	5
735	8	47	459.07821048680194	0.0	5
736	8	47	459.07821048680194	0.0	5
737	9	46	468.67821048680196	0.0	5
738	8	47	459.07821048680194	0.0	5
739	8	47	459.07821048680194	0.0	5
740	8	47	459.07821048680194	0.0	5
741	9	46	468.67821048680196	0.0	5
742	8	47	459.07821048680194	0.0	5
743	8	47	459.07821048680194	0.0	5
744	8	47	459.07821048680194	0.0	5
745	8	47	459.07821048680194	0.0	5
746	8	47	459.07821048680194	0.0	5
747	8	47	459.07821048680194	0.0	5
748	8	47	459.07821048680194	0.0	5
749	8	47	459.07821048680194	0.0	5
750	9	35	447.81731573020295	0.0	4
751	8	47	459.07821048680194	0.0	5
752	8	47	459.07821048680194	0.0	5
753	8	47	459.07821048680194	0.0	5
754	8	47	459.07821048680194	0.0	5
755	9	35	405.4173157302029	0.0	4
756	8	47	459.07821048680194	0.0	5
757	8	47	459.07821048680194	0.0	5
758	8	47	459.07821048680194	0.0	5
759	8	47	459.07821048680194	0.0	5
760	8	47	459.07821048680194	0.0	5
761	8	47	459.07821048680194	0.0	5
762	8	47	459.07821048680194	0.0	5
763	8	47	459.07821048680194	0.0	5
764	8	47	459.07821048680194	0.0	5
765	8	47	459.07821048680194	0.0	5
766	8	47	459.07821048680194	0.0	5
767	8	47	459.07821048680194	0.0	5
768	7	48	428.6173157302029	0.0	5
769	7	48	428.6173157302029	0.0	5
770	8	47	459.07821048680194	0.0	5
771	8	47	459.07821048680194	0.0	5
772	8	47	459.07821048680194	0.0	5
773	8	47	459.07821048680194	0.0	5
774	8	47	459.07821048680194	0.0	5
775	8	47	459.07821048680194	0.0	5
776	9	24	319.93910524340106	0.0	3
777	8	47	459.07821048680194	0.0	5
778	8	47	459.07821048680194	0.0	5
779	8	47	459.07821048680194	0.0	5
780	8	47	459.07821048680194	0.0	5
781	8	47	459.07821048680194	0.0	5
782	8	47	459.07821048680194	0.0	5
783	8	47	459.07821048680194	0.0	5
784	8	47	459.07821048680194	0.0	5
785	8	47	459.07821048680194	0.0	5
786	8	47	459.07821048680194	0.0	5
787	9	35	447.139105243401	0.0	4
788	9	24	340.80000000000007	0.0	3
789	8	47	416.0	0.0	5
790	8	47	459.07821048680194	0.0	5
791	8	47	459.07821048680194	0.0	5
792	8	47	459.07821048680194	0.0	5
793	8	47	459.07821048680194	0.0	5
794	8	47	459.07821048680194	0.0	5
795	8	47	459.07821048680194	0.0	5
796	8	47	459.07821048680194	0.0	5
797	8	47	459.07821048680194	0.0	5
798	8	47	459.07821048680194	0.0	5
799	8	47	459.07821048680194	0.0	5
800	8	47	459.07821048680194	0.0	5
801	8	47	459.07821048680194	0.0	5
802	8	47	459.07821048680194	0.0	5
803	8	47	459.07821048680194	0.0	5
804	7	48	428.6173157302029	0.0	5
805	7	48	428.6173157302029	0.0	5
806	9	24	319.93910524340106	0.0	3
807	8	47	459.07821048680194	0.0	5
808	8	47	459.07821048680194	0.0	5
809	8	47	459.07821048680194	0.0	5
810	8	47	459.07821048680194	0.0	5
811	9	46	468.67821048680196	0.0	5
812	8	47	459.07821048680194	0.0	5
813	8	47	459.07821048680194	0.0	5
814	8	47	459.07821048680194	0.0	5
815	8	47	459.07821048680194	0.0	5
816	8	47	459.07821048680194	0.0	5
817	8	47	459.07821048680194	0.0	5
818	8	47	459.07821048680194	0.0	5
819	8	47	459.07821048680194	0.0	5
820	8	47	459.07821048680194	0.0	5
821	9	35	426.9564209736039	0.0	4
822	8	47	459.07821048680194	0.0	5
823	8	47	459.07821048680194	0.0	5
824	8	47	459.07821048680194	0.0	5
825	8	47	459.07821048680194	0.0	5
826	7	48	428.6173157302029	0.0	5
827	9	24	319.93910524340095	0.0	3
828	9	46	468.67821048680196	0.0	5
829	9	46	468.6782104868019	0.0	5
830	8	47	459.07821048680194	0.0	5
831	8	47	459.07821048680194	0.0	5
832	8	47	459.07821048680194	0.0	5
833	8	47	459.07821048680194	0.0	5
834	8	47	459.07821048680194	0.0	5
835	8	47	459.07821048680194	0.0	5
836	8	47	459.07821048680194	0.0	5
837	7	48	428.6173157302029	0.0	5
838	7	48	428.6173157302029	0.0	5
839	8	47	459.07821048680194	0.0	5
840	8	47	459.07821048680194	0.0	5
841	8	47	459.07821048680194	0.0	5
842	8	47	459.07821048680194	0.0	5
843	8	47	459.07821048680194	0.0	5
844	8	47	459.07821048680194	0.0	5
845	8	47	459.07821048680194	0.0	5
846	8	47	459.07821048680194	0.0	5
847	8	47	459.07821048680194	0.0	5
848	8	47	459.07821048680194	0.0	5
849	8	47	459.07821048680194	0.0	5
850	8	47	459.07821048680194	0.0	5
851	8	47	459.07821048680194	0.0	5
852	8	47	459.07821048680194	0.0	5
853	8	47	459.07821048680194	0.0	5
854	8	47	459.07821048680194	0.0	5
855	8	47	459.07821048680194	0.0	5
856	8	47	459.07821048680194	0.0	5
857	8	47	459.07821048680194	0.0	5
858	8	47	459.07821048680194	0.0	5
859	8	47	459.07821048680194	0.0	5
860	9	46	468.67821048680196	0.0	5
861	8	47	459.07821048680194	0.0	5
862	8	47	459.07821048680194	0.0	5
863	8	47	459.07821048680194	0.0	5
864	7	48	428.6173157302029	0.0	5
865	7	48	428.6173157302029	0.0	5
866	9	35	363.017315730203	0.0	4
867	9	46	468.6782104868019	0.0	5
868	8	47	459.07821048680194	0.0	5
869	8	47	459.07821048680194	0.0	5
870	8	47	459.07821048680194	0.0	5
871	8	47	459.07821048680194	0.0	5
872	9	46	468.67821048680196	0.0	5
873	8	47	459.07821048680194	0.0	5
874	8	47	459.07821048680194	0.0	5
875	8	47	459.07821048680194	0.0	5
876	8	47	459.07821048680194	0.0	5
877	8	47	459.07821048680194	0.0	5
878	8	47	459.07821048680194	0.0	5
879	8	47	459.07821048680194	0.0	5
880	9	35	532.6173157302029	0.0	4
881	8	47	459.07821048680194	0.0	5
882	8	47	459.07821048680194	0.0	5
883	8	47	459.07821048680194	0.0	5
884	8	47	459.07821048680194	0.0	5
885	9	46	468.6782104868019	0.0	5
886	8	47	459.07821048680194	0.0	5
887	8	47	459.07821048680194	0.0	5
888	8	47	459.07821048680194	0.0	5
889	8	47	459.07821048680194	0.0	5
890	8	47	459.07821048680194	0.0	5
891	8	47	459.07821048680194	0.0	5
892	8	47	459.07821048680194	0.0	5
893	8	47	459.07821048680194	0.0	5
894	8	47	459.07821048680194	0.0	5
895	8	47	459.07821048680194	0.0	5
896	8	47	459.07821048680194	0.0	5
897	8	47	459.07821048680194	0.0	5
898	8	47	459.07821048680194	0.0	5
899	8	47	459.07821048680194	0.0	5
900	8	47	459.07821048680194	0.0	5
901	8	47	459.07821048680194	0.0	5
902	8	47	459.07821048680194	0.0	5
903	8	47	459.07821048680194	0.0	5
904	8	47	459.07821048680194	0.0	5
905	8	47	459.07821048680194	0.0	5
906	8	47	459.07821048680194	0.0	5
907	8	47	459.07821048680194	0.0	5
908	8	47	459.07821048680194	0.0	5
909	8	47	459.07821048680194	0.0	5
910	8	47	459.07821048680194	0.0	5
911	9	46	468.67821048680196	0.0	5
912	8	47	459.07821048680194	0.0	5
913	8	47	459.07821048680194	0.0	5
914	8	47	459.07821048680194	0.0	5
915	8	47	459.07821048680194	0.0	5
916	8	47	459.07821048680194	0.0	5
917	8	47	459.07821048680194	0.0	5
918	9	35	363.017315730203	0.0	4
919	8	47	459.07821048680194	0.0	5
920	8	47	459.07821048680194	0.0	5
921	8	47	459.07821048680194	0.0	5
922	9	35	426.9564209736039	0.0	4
923	8	47	459.07821048680194	0.0	5
924	8	47	459.07821048680194	0.0	5
925	9	35	426.278210486802	0.0	4
926	8	47	459.07821048680194	0.0	5
927	8	47	459.07821048680194	0.0	5
928	8	47	459.07821048680194	0.0	5
929	8	47	459.07821048680194	0.0	5
930	8	47	459.07821048680194	0.0	5
931	8	47	459.07821048680194	0.0	5
932	8	47	459.07821048680194	0.0	5
933	8	47	459.07821048680194	0.0	5
934	9	35	383.878210486802	0.0	4
935	8	47	459.07821048680194	0.0	5
936	9	46	468.6782104868019	0.0	5
937	8	47	459.07821048680194	0.0	5
938	8	47	459.07821048680194	0.0	5
939	8	47	459.07821048680194	0.0	5
940	9	46	532.6173157302029	0.0	5
941	7	48	428.6173157302029	0.0	5
942	7	48	428.6173157302029	0.0	5
943	7	48	428.6173157302029	0.0	5
944	7	48	428.6173157302029	0.0	5
945	7	48	428.6173157302029	0.0	5
946	7	48	428.6173157302029	0.0	5
947	7	48	428.6173157302029	0.0	5
948	7	48	428.6173157302029	0.0	5
949	7	48	428.6173157302029	0.0	5
950	7	48	428.6173157302029	0.0	5
951	7	48	428.6173157302029	0.0	5
952	7	48	428.6173157302029	0.0	5
953	7	48	428.6173157302029	0.0	5
954	7	48	428.6173157302029	0.0	5
955	7	48	428.6173157302029	0.0	5
956	7	48	428.6173157302029	0.0	5
957	7	48	428.6173157302029	0.0	5
958	7	48	428.6173157302029	0.0	5
959	7	48	428.6173157302029	0.0	5
960	7	48	428.6173157302029	0.0	5
961	8	47	459.07821048680194	0.0	5
962	7	48	428.6173157302029	0.0	5
963	7	48	428.6173157302029	0.0	5
964	7	48	428.6173157302029	0.0	5
965	7	48	428.6173157302029	0.0	5
966	7	48	428.6173157302029	0.0	5
967	7	48	428.6173157302029	0.0	5
968	7	48	428.6173157302029	0.0	5
969	7	48	428.6173157302029	0.0	5
970	7	48	428.6173157302029	0.0	5
971	7	48	428.6173157302029	0.0	5
972	7	48	428.6173157302029	0.0	5
973	7	48	428.6173157302029	0.0	5
974	7	48	428.6173157302029	0.0	5
975	7	48	428.6173157302029	0.0	5
976	7	48	428.6173157302029	0.0	5
977	7	48	428.6173157302029	0.0	5
978	7	48	428.6173157302029	0.0	5
979	7	48	428.6173157302029	0.0	5
980	7	48	428.6173157302029	0.0	5
981	7	48	428.6173157302029	0.0	5
982	7	48	428.6173157302029	0.0	5
983	7	48	428.6173157302029	0.0	5
984	7	48	428.6173157302029	0.0	5
985	7	48	428.6173157302029	0.0	5
986	7	48	428.6173157302029	0.0	5
987	7	48	428.6173157302029	0.0	5
988	7	48	428.6173157302029	0.0	5
989	7	48	428.6173157302029	0.0	5
990	7	48	428.6173157302029	0.0	5
991	7	48	428.6173157302029	0.0	5
992	7	48	428.6173157302029	0.0	5
993	7	48	428.6173157302029	0.0	5
994	7	48	428.6173157302029	0.0	5
995	7	48	428.6173157302029	0.0	5
996	7	48	428.6173157302029	0.0	5
997	7	48	428.6173157302029	0.0	5
998	8	47	438.21731573020287	0.0	5
999	7	48	428.6173157302029	0.0	5
1000	7	48	428.6173157302029	0.0	5
1001	7	48	428.6173157302029	0.0	5
1002	7	48	428.6173157302029	0.0	5
1003	7	48	428.6173157302029	0.0	5
1004	7	48	428.6173157302029	0.0	5
1005	7	48	428.6173157302029	0.0	5
1006	7	48	428.6173157302029	0.0	5
1007	7	48	428.6173157302029	0.0	5
1008	7	48	428.6173157302029	0.0	5
1009	7	48	428.6173157302029	0.0	5
1010	7	48	428.6173157302029	0.0	5
1011	7	48	428.6173157302029	0.0	5
1012	7	48	428.6173157302029	0.0	5
1013	7	48	428.6173157302029	0.0	5
1014	7	48	428.6173157302029	0.0	5
1015	7	48	428.6173157302029	0.0	5
1016	8	47	438.2173157302029	0.0	5
1017	7	48	428.6173157302029	0.0	5
1018	7	48	428.6173157302029	0.0	5
1019	7	48	428.6173157302029	0.0	5
1020	7	48	428.6173157302029	0.0	5
1021	7	48	428.6173157302029	0.0	5
1022	7	48	428.6173157302029	0.0	5
1023	7	48	428.6173157302029	0.0	5
1024	7	48	428.6173157302029	0.0	5
1025	7	48	428.6173157302029	0.0	5
1026	7	48	428.6173157302029	0.0	5
1027	7	48	428.6173157302029	0.0	5
1028	9	46	468.67821048680196	0.0	5
1029	8	47	459.07821048680194	0.0	5
1030	7	48	428.6173157302029	0.0	5
1031	9	35	511.07821048680194	0.0	4
1032	9	24	319.93910524340106	0.0	3
1033	7	48	428.6173157302029	0.0	5
1034	7	48	428.6173157302029	0.0	5
1035	7	48	428.6173157302029	0.0	5
1036	7	48	428.6173157302029	0.0	5
1037	7	48	428.6173157302029	0.0	5
1038	7	48	428.6173157302029	0.0	5
1039	7	48	428.6173157302029	0.0	5
1040	7	48	428.6173157302029	0.0	5
1041	8	47	438.2173157302029	0.0	5
1042	7	48	428.6173157302029	0.0	5
1043	7	48	428.6173157302029	0.0	5
1044	9	35	532.6173157302029	0.0	4
1045	7	48	428.6173157302029	0.0	5
1046	7	48	428.6173157302029	0.0	5
1047	7	48	428.6173157302029	0.0	5
1048	7	48	428.6173157302029	0.0	5
1049	7	48	428.6173157302029	0.0	5
1050	7	48	428.6173157302029	0.0	5
1051	7	48	428.6173157302029	0.0	5
1052	7	48	428.6173157302029	0.0	5
1053	7	48	428.6173157302029	0.0	5
1054	7	48	428.6173157302029	0.0	5
1055	7	48	428.6173157302029	0.0	5
1056	7	48	428.6173157302029	0.0	5
1057	9	46	575.6955262170048	0.0	5
1058	9	46	532.6173157302029	0.0	5
1059	7	48	428.6173157302029	0.0	5
1060	7	48	428.6173157302029	0.0	5
1061	7	48	428.6173157302029	0.0	5
1062	7	48	428.6173157302029	0.0	5
1063	7	48	428.6173157302029	0.0	5
1064	7	48	428.6173157302029	0.0	5
1065	7	48	428.6173157302029	0.0	5
1066	7	48	428.6173157302029	0.0	5
1067	7	48	428.6173157302029	0.0	5
1068	7	48	428.6173157302029	0.0	5
1069	7	48	428.6173157302029	0.0	5
1070	7	48	428.6173157302029	0.0	5
1071	7	48	428.6173157302029	0.0	5
1072	7	48	428.6173157302029	0.0	5
1073	7	48	428.6173157302029	0.0	5
1074	7	48	428.6173157302029	0.0	5
1075	7	48	428.6173157302029	0.0	5
1076	8	47	459.07821048680194	0.0	5
1077	9	24	340.79999999999995	0.0	3
1078	7	48	428.6173157302029	0.0	5
1079	7	48	428.6173157302029	0.0	5
1080	7	48	428.6173157302029	0.0	5
1081	9	46	532.6173157302029	0.0	5
1082	7	48	428.6173157302029	0.0	5
1083	7	48	428.6173157302029	0.0	5
1084	7	48	428.6173157302029	0.0	5
1085	7	48	428.6173157302029	0.0	5
1086	7	48	428.6173157302029	0.0	5
1087	7	48	428.6173157302029	0.0	5
1088	7	48	428.6173157302029	0.0	5
1089	7	48	428.6173157302029	0.0	5
1090	8	47	438.2173157302029	0.0	5
1091	7	48	428.6173157302029	0.0	5
1092	7	48	428.6173157302029	0.0	5
1093	7	48	428.6173157302029	0.0	5
1094	7	48	428.6173157302029	0.0	5
1095	7	48	428.6173157302029	0.0	5
1096	7	48	428.6173157302029	0.0	5
1097	7	48	428.6173157302029	0.0	5
1098	7	48	428.6173157302029	0.0	5
1099	7	48	428.6173157302029	0.0	5
1100	7	48	428.6173157302029	0.0	5
1101	7	48	428.6173157302029	0.0	5
1102	7	48	428.6173157302029	0.0	5
1103	7	48	428.6173157302029	0.0	5
1104	7	48	428.6173157302029	0.0	5
1105	9	35	511.07821048680194	0.0	4
1106	7	48	428.6173157302029	0.0	5
1107	7	48	428.6173157302029	0.0	5
1108	7	48	428.6173157302029	0.0	5
1109	7	48	428.6173157302029	0.0	5
1110	7	48	428.6173157302029	0.0	5
1111	7	48	428.6173157302029	0.0	5
1112	7	48	428.6173157302029	0.0	5
1113	7	48	428.6173157302029	0.0	5
1114	7	48	428.6173157302029	0.0	5
1115	7	48	428.6173157302029	0.0	5
1116	7	48	428.6173157302029	0.0	5
1117	9	46	575.6955262170048	0.0	5
1118	8	47	438.21731573020287	0.0	5
1119	7	48	428.6173157302029	0.0	5
1120	7	48	428.6173157302029	0.0	5
1121	7	48	428.6173157302029	0.0	5
1122	7	48	428.6173157302029	0.0	5
1123	9	46	532.6173157302029	0.0	5
1124	7	48	428.6173157302029	0.0	5
1125	7	48	428.6173157302029	0.0	5
1126	7	48	428.6173157302029	0.0	5
1127	7	48	428.6173157302029	0.0	5
1128	7	48	428.6173157302029	0.0	5
1129	7	48	428.6173157302029	0.0	5
1130	7	48	428.6173157302029	0.0	5
1131	7	48	428.6173157302029	0.0	5
1132	7	48	428.6173157302029	0.0	5
1133	9	46	447.81731573020295	0.0	5
1134	7	48	428.6173157302029	0.0	5
1135	7	48	428.6173157302029	0.0	5
1136	7	48	428.6173157302029	0.0	5
1137	7	48	428.6173157302029	0.0	5
1138	7	48	428.6173157302029	0.0	5
1139	7	48	428.6173157302029	0.0	5
1140	7	48	428.6173157302029	0.0	5
1141	7	48	428.6173157302029	0.0	5
1142	7	48	428.6173157302029	0.0	5
1143	7	48	428.6173157302029	0.0	5
1144	7	48	428.6173157302029	0.0	5
1145	7	48	428.6173157302029	0.0	5
1146	7	48	428.6173157302029	0.0	5
1147	7	48	428.6173157302029	0.0	5
1148	9	35	511.07821048680194	0.0	4
1149	7	48	428.6173157302029	0.0	5
1150	8	47	438.2173157302029	0.0	5
1151	8	47	459.07821048680194	0.0	5
1152	9	46	575.6955262170048	0.0	5
1153	7	48	428.6173157302029	0.0	5
1154	7	48	428.6173157302029	0.0	5
1155	7	48	428.6173157302029	0.0	5
1156	7	48	428.6173157302029	0.0	5
1157	7	48	428.6173157302029	0.0	5
1158	7	48	428.6173157302029	0.0	5
1159	7	48	428.6173157302029	0.0	5
1160	7	48	428.6173157302029	0.0	5
1161	7	48	428.6173157302029	0.0	5
1162	7	48	428.6173157302029	0.0	5
1163	7	48	428.6173157302029	0.0	5
1164	7	48	428.6173157302029	0.0	5
1165	7	48	428.6173157302029	0.0	5
1166	8	47	438.2173157302029	0.0	5
1167	7	48	428.6173157302029	0.0	5
1168	7	48	428.6173157302029	0.0	5
1169	7	48	428.6173157302029	0.0	5
1170	7	48	428.6173157302029	0.0	5
1171	9	35	404.73910524340096	0.0	4
1172	7	48	428.6173157302029	0.0	5
1173	7	48	428.6173157302029	0.0	5
1174	7	48	428.6173157302029	0.0	5
1175	7	48	428.6173157302029	0.0	5
1176	7	48	428.6173157302029	0.0	5
1177	8	47	459.07821048680194	0.0	5
1178	7	48	385.53910524340097	0.0	5
1179	7	48	428.6173157302029	0.0	5
1180	7	48	428.6173157302029	0.0	5
1181	7	48	428.6173157302029	0.0	5
1182	9	35	532.6173157302029	0.0	4
1183	7	48	428.6173157302029	0.0	5
1184	7	48	428.6173157302029	0.0	5
1185	7	48	428.6173157302029	0.0	5
1186	7	48	428.6173157302029	0.0	5
1187	9	35	511.07821048680194	0.0	4
1188	7	48	428.6173157302029	0.0	5
1189	7	48	428.6173157302029	0.0	5
1190	9	46	532.6173157302029	0.0	5
1191	7	48	428.6173157302029	0.0	5
1192	7	48	428.6173157302029	0.0	5
1193	7	48	428.6173157302029	0.0	5
1194	7	48	428.6173157302029	0.0	5
1195	9	35	532.6173157302029	0.0	4
1196	7	48	428.6173157302029	0.0	5
1197	8	47	438.21731573020287	0.0	5
1198	9	24	319.93910524340095	0.0	3
1199	7	48	428.6173157302029	0.0	5
1200	9	46	575.6955262170048	0.0	5
1201	7	48	428.6173157302029	0.0	5
1202	7	48	428.6173157302029	0.0	5
1203	7	48	428.6173157302029	0.0	5
