EpNum	EpSteps	Reward	ener	dist	NumCovTargets
1	9	-9	86.4	0.0	0
2	9	23	299.07821048680194	0.0	3
3	9	-9	256.6782104868019	0.0	0
4	9	23	277.53910524340097	0.0	3
5	9	13	469.3564209736039	0.0	2
6	9	2	426.9564209736039	0.0	1
7	9	2	299.078210486802	0.0	1
8	9	13	426.9564209736038	0.0	2
9	9	2	341.4782104868019	0.0	1
10	9	-9	171.19999999999996	0.0	0
11	9	13	384.55642097360385	0.0	2
12	9	13	426.2782104868019	0.0	2
13	9	-9	235.13910524340093	0.0	0
14	9	13	384.55642097360385	0.0	2
15	9	2	405.4173157302029	0.0	1
16	9	23	383.8782104868019	0.0	3
17	9	13	299.078210486802	0.0	2
18	9	13	192.73910524340093	0.0	2
19	9	23	342.1564209736039	0.0	3
20	9	13	469.35642097360386	0.0	2
21	9	23	255.99999999999997	0.0	3
22	9	13	511.7564209736039	0.0	2
23	9	2	171.2	0.0	1
24	9	13	341.4782104868019	0.0	2
25	9	2	235.13910524340096	0.0	1
26	9	2	235.13910524340093	0.0	1
27	9	-9	86.4	0.0	0
28	9	13	363.0173157302029	0.0	2
29	9	-9	299.078210486802	0.0	0
30	9	-9	171.2	0.0	0
31	9	2	448.49552621700485	0.0	1
32	9	13	299.0782104868019	0.0	2
33	9	-9	128.79999999999998	0.0	0
34	9	23	235.13910524340096	0.0	3
35	9	-9	128.8	0.0	0
36	9	13	447.8173157302029	0.0	2
37	9	-9	299.07821048680194	0.0	0
38	9	2	299.078210486802	0.0	1
39	9	13	213.59999999999997	0.0	2
40	9	2	341.4782104868019	0.0	1
41	9	2	320.61731573020285	0.0	1
42	9	-9	235.13910524340096	0.0	0
43	9	2	256.67821048680196	0.0	1
44	9	-9	128.8	0.0	0
45	9	2	299.0782104868019	0.0	1
46	9	2	299.07821048680205	0.0	1
47	9	-9	171.2	0.0	0
48	9	-9	277.53910524340097	0.0	0
49	9	13	469.3564209736038	0.0	2
50	9	13	597.2346314604058	0.0	2
51	9	13	235.13910524340093	0.0	2
52	9	2	192.73910524340096	0.0	1
53	9	13	469.35642097360386	0.0	2
54	9	2	256.6782104868019	0.0	1
55	9	-9	256.6782104868019	0.0	0
56	9	-9	171.2	0.0	0
57	9	-9	171.2	0.0	0
58	9	2	213.59999999999997	0.0	1
59	9	-9	256.67821048680196	0.0	0
60	9	23	277.53910524340097	0.0	3
61	9	-9	213.6	0.0	0
62	9	2	299.0782104868019	0.0	1
63	9	2	342.1564209736038	0.0	1
64	9	-9	171.2	0.0	0
65	9	2	256.6782104868019	0.0	1
66	9	-9	128.79999999999998	0.0	0
67	9	2	235.13910524340093	0.0	1
68	9	2	235.13910524340096	0.0	1
69	9	-9	171.19999999999996	0.0	0
70	9	-9	86.4	0.0	0
71	9	13	256.6782104868019	0.0	2
72	9	-9	213.6	0.0	0
73	9	-9	128.79999999999998	0.0	0
74	9	-9	192.73910524340093	0.0	0
75	9	34	469.35642097360386	0.0	4
76	9	-9	171.2	0.0	0
77	9	2	235.13910524340096	0.0	1
78	9	-9	256.6782104868019	0.0	0
79	9	-9	86.4	0.0	0
80	9	23	341.47821048680197	0.0	3
81	9	-9	171.2	0.0	0
82	9	2	277.53910524340097	0.0	1
83	9	-9	128.79999999999998	0.0	0
84	9	-9	128.79999999999998	0.0	0
85	9	13	363.017315730203	0.0	2
86	9	-9	128.79999999999998	0.0	0
87	9	-9	171.2	0.0	0
88	9	2	299.0782104868019	0.0	1
89	9	-9	128.79999999999998	0.0	0
90	9	-9	171.2	0.0	0
91	9	-9	171.19999999999996	0.0	0
92	9	-9	171.2	0.0	0
93	9	-9	128.79999999999998	0.0	0
94	9	2	192.73910524340096	0.0	1
95	9	-9	171.2	0.0	0
96	9	-9	86.4	0.0	0
97	9	-9	192.73910524340096	0.0	0
98	9	-9	171.19999999999996	0.0	0
99	9	2	235.13910524340093	0.0	1
100	9	-9	256.67821048680196	0.0	0
101	9	-9	171.2	0.0	0
102	9	-9	171.2	0.0	0
103	9	-9	171.2	0.0	0
104	9	-9	128.79999999999998	0.0	0
105	9	-9	128.79999999999998	0.0	0
106	9	-9	128.79999999999998	0.0	0
107	9	-9	128.79999999999998	0.0	0
108	9	-9	128.79999999999998	0.0	0
109	9	-9	128.79999999999998	0.0	0
110	9	2	192.73910524340093	0.0	1
111	9	-9	128.79999999999998	0.0	0
112	9	-9	256.6782104868019	0.0	0
113	9	-9	171.2	0.0	0
114	9	-9	171.19999999999996	0.0	0
115	9	13	213.59999999999997	0.0	2
116	9	-9	171.19999999999996	0.0	0
117	9	13	213.59999999999997	0.0	2
118	9	34	319.93910524340106	0.0	4
119	9	13	383.878210486802	0.0	2
120	9	13	235.13910524340093	0.0	2
121	9	34	341.47821048680197	0.0	4
122	9	34	447.81731573020295	0.0	4
123	9	34	447.81731573020295	0.0	4
124	8	46	480.6173157302029	0.0	5
125	8	46	480.6173157302029	0.0	5
126	9	13	341.47821048680197	0.0	2
127	9	13	341.47821048680197	0.0	2
128	9	13	341.4782104868019	0.0	2
129	9	34	447.8173157302029	0.0	4
130	9	34	319.93910524340106	0.0	4
131	9	34	319.93910524340106	0.0	4
132	9	34	319.93910524340106	0.0	4
133	9	34	319.93910524340106	0.0	4
134	6	48	333.53910524340097	0.0	5
135	9	13	213.59999999999997	0.0	2
136	9	34	319.93910524340106	0.0	4
137	9	34	319.93910524340106	0.0	4
138	9	13	235.13910524340093	0.0	2
139	9	13	235.13910524340093	0.0	2
140	9	34	299.0782104868019	0.0	4
141	9	34	299.078210486802	0.0	4
142	9	13	192.73910524340093	0.0	2
143	9	13	192.73910524340093	0.0	2
144	9	34	235.13910524340093	0.0	4
145	9	34	235.13910524340093	0.0	4
146	9	34	341.47821048680197	0.0	4
147	9	13	235.13910524340093	0.0	2
148	9	34	277.53910524340097	0.0	4
149	9	34	235.13910524340093	0.0	4
150	9	34	299.078210486802	0.0	4
151	9	34	299.078210486802	0.0	4
152	9	34	235.13910524340093	0.0	4
153	9	34	235.13910524340093	0.0	4
154	9	34	235.13910524340093	0.0	4
155	9	34	383.87821048680195	0.0	4
156	9	34	383.87821048680195	0.0	4
157	9	34	235.13910524340093	0.0	4
158	9	34	299.078210486802	0.0	4
159	7	47	322.2782104868019	0.0	5
160	8	46	331.87821048680195	0.0	5
161	9	34	299.078210486802	0.0	4
162	9	34	299.078210486802	0.0	4
163	9	34	299.078210486802	0.0	4
164	9	34	383.87821048680195	0.0	4
165	9	34	469.35642097360386	0.0	4
166	9	34	383.87821048680195	0.0	4
167	9	34	383.87821048680195	0.0	4
168	9	34	299.078210486802	0.0	4
169	9	34	299.078210486802	0.0	4
170	9	34	383.87821048680195	0.0	4
171	9	34	383.87821048680195	0.0	4
172	9	34	383.87821048680195	0.0	4
173	9	45	383.87821048680195	0.0	5
174	9	45	383.87821048680195	0.0	5
175	9	34	299.078210486802	0.0	4
176	9	34	299.078210486802	0.0	4
177	9	34	299.078210486802	0.0	4
178	9	34	299.078210486802	0.0	4
179	9	45	383.87821048680195	0.0	5
180	9	45	447.8173157302029	0.0	5
181	8	46	310.3391052434009	0.0	5
182	9	34	362.3391052434009	0.0	4
183	9	34	362.3391052434009	0.0	4
184	9	34	235.13910524340093	0.0	4
185	9	34	235.13910524340093	0.0	4
186	9	34	235.13910524340093	0.0	4
187	9	34	277.53910524340097	0.0	4
188	8	46	310.3391052434009	0.0	5
189	8	46	310.3391052434009	0.0	5
190	9	45	404.73910524340096	0.0	5
191	9	34	299.078210486802	0.0	4
192	9	34	299.078210486802	0.0	4
193	9	34	235.13910524340093	0.0	4
194	9	34	277.53910524340097	0.0	4
195	9	34	341.47821048680197	0.0	4
196	9	34	235.13910524340093	0.0	4
197	9	34	299.078210486802	0.0	4
198	9	34	299.078210486802	0.0	4
199	9	34	299.078210486802	0.0	4
200	9	34	405.4173157302029	0.0	4
201	9	34	277.53910524340097	0.0	4
202	9	45	319.93910524340095	0.0	5
203	9	45	319.93910524340095	0.0	5
204	9	34	341.47821048680197	0.0	4
205	9	34	299.078210486802	0.0	4
206	9	34	299.078210486802	0.0	4
207	9	34	341.47821048680197	0.0	4
208	9	45	383.87821048680195	0.0	5
209	9	34	299.078210486802	0.0	4
210	9	45	383.87821048680195	0.0	5
211	9	23	214.27821048680187	0.0	3
212	9	23	214.27821048680187	0.0	3
213	9	45	383.87821048680195	0.0	5
214	8	46	374.2782104868019	0.0	5
215	9	23	214.27821048680187	0.0	3
216	9	23	214.27821048680187	0.0	3
217	9	34	299.078210486802	0.0	4
218	9	23	214.27821048680187	0.0	3
219	9	23	214.27821048680187	0.0	3
220	9	23	214.27821048680187	0.0	3
221	9	23	214.27821048680187	0.0	3
222	9	23	214.27821048680187	0.0	3
223	9	23	320.61731573020296	0.0	3
224	9	23	214.27821048680187	0.0	3
225	9	34	299.0782104868019	0.0	4
226	9	23	214.27821048680187	0.0	3
227	9	23	214.27821048680187	0.0	3
228	9	23	214.27821048680187	0.0	3
229	9	23	214.27821048680187	0.0	3
230	9	23	214.27821048680187	0.0	3
231	9	23	214.27821048680187	0.0	3
232	9	23	214.27821048680187	0.0	3
233	8	46	310.3391052434009	0.0	5
234	9	23	214.27821048680187	0.0	3
235	9	23	214.27821048680187	0.0	3
236	9	23	214.27821048680187	0.0	3
237	9	34	299.0782104868019	0.0	4
238	9	34	341.4782104868019	0.0	4
239	6	48	312.6782104868019	0.0	5
240	9	34	341.4782104868019	0.0	4
241	9	34	341.4782104868019	0.0	4
242	9	34	299.0782104868019	0.0	4
243	9	34	299.0782104868019	0.0	4
244	9	34	341.4782104868019	0.0	4
245	9	34	341.4782104868019	0.0	4
246	9	34	299.0782104868019	0.0	4
247	9	34	341.4782104868019	0.0	4
248	9	34	341.4782104868019	0.0	4
249	9	34	341.4782104868019	0.0	4
250	9	34	341.4782104868019	0.0	4
251	9	34	341.4782104868019	0.0	4
252	9	34	341.4782104868019	0.0	4
253	9	34	341.4782104868019	0.0	4
254	9	34	341.4782104868019	0.0	4
255	9	34	341.4782104868019	0.0	4
256	9	34	341.4782104868019	0.0	4
257	9	34	341.4782104868019	0.0	4
258	9	34	341.4782104868019	0.0	4
259	9	34	383.87821048680195	0.0	4
260	9	34	383.87821048680195	0.0	4
261	9	34	383.8782104868019	0.0	4
262	9	34	383.8782104868019	0.0	4
263	9	34	383.8782104868019	0.0	4
264	9	34	383.8782104868019	0.0	4
265	9	34	383.87821048680195	0.0	4
266	9	34	383.87821048680195	0.0	4
267	9	34	383.87821048680195	0.0	4
268	9	34	341.47821048680197	0.0	4
269	9	34	299.078210486802	0.0	4
270	9	34	383.87821048680195	0.0	4
271	9	34	383.87821048680195	0.0	4
272	9	34	383.87821048680195	0.0	4
273	9	34	383.87821048680195	0.0	4
274	9	34	383.87821048680195	0.0	4
275	9	34	383.87821048680195	0.0	4
276	9	34	383.87821048680195	0.0	4
277	9	34	383.87821048680195	0.0	4
278	9	34	383.87821048680195	0.0	4
279	9	34	383.87821048680195	0.0	4
280	9	34	383.87821048680195	0.0	4
281	9	34	299.078210486802	0.0	4
282	9	34	341.47821048680197	0.0	4
283	9	34	426.2782104868019	0.0	4
284	9	34	383.8782104868019	0.0	4
285	9	34	468.6782104868019	0.0	4
286	9	34	341.47821048680197	0.0	4
287	9	34	299.078210486802	0.0	4
288	9	34	341.47821048680197	0.0	4
289	9	34	341.47821048680197	0.0	4
290	9	34	383.87821048680195	0.0	4
291	9	34	426.2782104868019	0.0	4
292	9	34	405.4173157302029	0.0	4
293	9	34	383.87821048680195	0.0	4
294	9	34	468.6782104868019	0.0	4
295	9	34	468.6782104868019	0.0	4
296	9	34	468.6782104868019	0.0	4
297	9	34	468.6782104868019	0.0	4
298	9	34	426.2782104868019	0.0	4
299	9	34	383.87821048680195	0.0	4
300	9	34	383.878210486802	0.0	4
301	9	34	383.87821048680195	0.0	4
302	9	34	468.6782104868019	0.0	4
303	9	34	383.87821048680195	0.0	4
304	9	34	468.6782104868019	0.0	4
305	9	34	383.878210486802	0.0	4
306	9	34	383.878210486802	0.0	4
307	9	34	383.87821048680195	0.0	4
308	9	34	383.87821048680195	0.0	4
309	9	34	383.87821048680195	0.0	4
310	9	34	383.87821048680195	0.0	4
311	9	34	383.87821048680195	0.0	4
312	9	34	383.87821048680195	0.0	4
313	9	34	299.0782104868019	0.0	4
314	9	34	383.87821048680195	0.0	4
315	9	34	383.87821048680195	0.0	4
316	9	34	383.87821048680195	0.0	4
317	9	34	490.21731573020287	0.0	4
318	9	34	490.21731573020287	0.0	4
319	9	34	490.21731573020287	0.0	4
320	9	34	383.87821048680195	0.0	4
321	9	34	383.87821048680195	0.0	4
322	9	34	383.87821048680195	0.0	4
323	9	34	383.87821048680195	0.0	4
324	9	34	383.878210486802	0.0	4
325	9	34	383.87821048680195	0.0	4
326	9	34	383.87821048680195	0.0	4
327	9	34	383.87821048680195	0.0	4
328	9	34	490.21731573020287	0.0	4
329	9	34	490.21731573020287	0.0	4
330	9	34	490.21731573020287	0.0	4
331	9	34	490.21731573020287	0.0	4
332	9	34	383.87821048680195	0.0	4
333	9	34	383.87821048680195	0.0	4
334	9	34	383.87821048680195	0.0	4
335	9	34	383.87821048680195	0.0	4
336	9	34	426.2782104868019	0.0	4
337	9	23	341.47821048680197	0.0	3
338	9	34	384.5564209736038	0.0	4
339	9	34	384.5564209736038	0.0	4
340	9	45	383.87821048680195	0.0	5
341	8	46	374.2782104868019	0.0	5
342	9	34	341.47821048680197	0.0	4
343	8	46	438.21731573020287	0.0	5
344	9	34	341.47821048680197	0.0	4
345	9	34	341.47821048680197	0.0	4
346	9	34	383.878210486802	0.0	4
347	9	34	341.47821048680197	0.0	4
348	9	45	383.87821048680195	0.0	5
349	9	34	362.339105243401	0.0	4
350	8	46	374.2782104868019	0.0	5
351	9	34	341.47821048680197	0.0	4
352	9	34	341.47821048680197	0.0	4
353	9	34	341.478210486802	0.0	4
354	9	34	341.478210486802	0.0	4
355	8	46	374.2782104868019	0.0	5
356	9	34	319.939105243401	0.0	4
357	9	34	426.2782104868019	0.0	4
358	7	47	428.6173157302029	0.0	5
359	9	34	404.73910524340096	0.0	4
360	9	34	319.939105243401	0.0	4
361	9	34	319.939105243401	0.0	4
362	9	34	341.47821048680197	0.0	4
363	9	34	341.47821048680197	0.0	4
364	9	34	341.47821048680197	0.0	4
365	9	34	341.47821048680197	0.0	4
366	9	34	341.47821048680197	0.0	4
367	9	34	341.47821048680197	0.0	4
368	9	34	341.47821048680197	0.0	4
369	9	34	341.47821048680197	0.0	4
370	6	48	333.53910524340097	0.0	5
371	9	34	319.93910524340106	0.0	4
372	9	34	532.6173157302028	0.0	4
373	9	34	320.6173157302029	0.0	4
374	9	34	341.47821048680197	0.0	4
375	9	34	341.47821048680197	0.0	4
376	9	34	341.47821048680197	0.0	4
377	9	34	319.939105243401	0.0	4
378	9	34	319.939105243401	0.0	4
379	9	2	192.73910524340093	0.0	1
380	9	2	192.73910524340093	0.0	1
381	9	34	341.47821048680197	0.0	4
382	9	34	319.939105243401	0.0	4
383	9	2	192.73910524340093	0.0	1
384	9	2	192.73910524340093	0.0	1
385	5	49	303.07821048680194	0.0	5
386	9	34	341.47821048680197	0.0	4
387	9	34	319.939105243401	0.0	4
388	9	34	362.3391052434009	0.0	4
389	9	34	362.339105243401	0.0	4
390	9	34	469.35642097360386	0.0	4
391	9	34	341.47821048680197	0.0	4
392	9	34	405.4173157302029	0.0	4
393	9	34	341.47821048680197	0.0	4
394	9	45	383.87821048680195	0.0	5
395	9	23	235.13910524340093	0.0	3
396	9	34	277.53910524340097	0.0	4
397	9	45	511.75642097360384	0.0	5
398	8	46	374.2782104868019	0.0	5
399	9	34	362.339105243401	0.0	4
400	9	34	426.278210486802	0.0	4
401	9	34	277.53910524340097	0.0	4
402	9	34	319.93910524340095	0.0	4
403	9	34	469.35642097360386	0.0	4
404	8	46	374.2782104868019	0.0	5
405	8	46	374.2782104868019	0.0	5
406	8	46	374.2782104868019	0.0	5
407	8	46	374.2782104868019	0.0	5
408	5	49	303.07821048680194	0.0	5
409	8	46	374.2782104868019	0.0	5
410	8	46	374.2782104868019	0.0	5
411	9	34	362.33910524340104	0.0	4
412	9	34	362.33910524340104	0.0	4
413	8	46	374.278210486802	0.0	5
414	7	47	364.67821048680196	0.0	5
415	9	34	362.33910524340104	0.0	4
416	7	47	364.67821048680196	0.0	5
417	9	45	383.87821048680195	0.0	5
418	8	46	374.2782104868019	0.0	5
419	9	45	383.87821048680195	0.0	5
420	9	45	532.6173157302029	0.0	5
421	9	34	362.339105243401	0.0	4
422	8	46	374.2782104868019	0.0	5
423	9	45	383.8782104868019	0.0	5
424	7	47	364.67821048680196	0.0	5
425	9	34	362.33910524340104	0.0	4
426	9	34	362.33910524340104	0.0	4
427	9	34	362.339105243401	0.0	4
428	8	46	374.2782104868019	0.0	5
429	8	46	374.2782104868019	0.0	5
430	7	47	364.67821048680196	0.0	5
431	8	46	374.2782104868019	0.0	5
432	9	45	383.8782104868019	0.0	5
433	8	46	459.07821048680194	0.0	5
434	8	46	438.2173157302029	0.0	5
435	8	46	374.2782104868019	0.0	5
436	8	46	438.21731573020287	0.0	5
437	9	45	383.8782104868019	0.0	5
438	9	45	383.8782104868019	0.0	5
439	9	23	235.13910524340093	0.0	3
440	8	46	374.2782104868019	0.0	5
441	9	45	383.8782104868019	0.0	5
442	9	34	341.4782104868019	0.0	4
443	9	45	383.87821048680195	0.0	5
444	9	45	447.8173157302029	0.0	5
445	9	45	447.8173157302029	0.0	5
446	9	45	383.8782104868019	0.0	5
447	8	46	374.2782104868019	0.0	5
448	8	46	374.2782104868019	0.0	5
449	9	34	383.8782104868019	0.0	4
450	9	45	447.8173157302029	0.0	5
451	8	46	438.21731573020287	0.0	5
452	8	46	438.21731573020287	0.0	5
453	8	46	438.2173157302029	0.0	5
454	9	34	490.2173157302029	0.0	4
455	9	34	341.47821048680197	0.0	4
456	9	34	383.87821048680195	0.0	4
457	7	47	428.6173157302029	0.0	5
458	7	47	428.6173157302029	0.0	5
459	7	47	428.6173157302029	0.0	5
460	8	46	438.2173157302029	0.0	5
461	9	34	426.278210486802	0.0	4
462	9	34	362.33910524340104	0.0	4
463	9	34	426.278210486802	0.0	4
464	7	47	428.6173157302029	0.0	5
465	9	13	320.61731573020296	0.0	2
466	9	34	426.278210486802	0.0	4
467	7	47	428.6173157302029	0.0	5
468	7	47	428.6173157302029	0.0	5
469	7	47	428.6173157302029	0.0	5
470	7	47	428.6173157302029	0.0	5
471	9	34	426.278210486802	0.0	4
472	9	34	426.278210486802	0.0	4
473	9	34	426.278210486802	0.0	4
474	7	47	428.6173157302029	0.0	5
475	7	47	428.6173157302029	0.0	5
476	8	46	459.07821048680194	0.0	5
477	9	34	362.33910524340104	0.0	4
478	9	34	362.33910524340104	0.0	4
479	6	48	355.07821048680194	0.0	5
480	9	34	362.33910524340104	0.0	4
481	9	34	362.33910524340104	0.0	4
482	8	46	374.2782104868019	0.0	5
483	8	46	374.2782104868019	0.0	5
484	7	47	364.67821048680196	0.0	5
485	9	34	362.33910524340104	0.0	4
486	9	34	426.278210486802	0.0	4
487	9	34	426.278210486802	0.0	4
488	9	34	426.278210486802	0.0	4
489	7	47	428.6173157302029	0.0	5
490	7	47	428.6173157302029	0.0	5
491	7	47	428.6173157302029	0.0	5
492	7	47	428.6173157302029	0.0	5
493	7	47	428.6173157302029	0.0	5
494	7	47	428.6173157302029	0.0	5
495	7	47	428.6173157302029	0.0	5
496	7	47	428.6173157302029	0.0	5
497	7	47	428.6173157302029	0.0	5
498	7	47	428.6173157302029	0.0	5
499	8	46	438.2173157302029	0.0	5
500	8	46	374.2782104868019	0.0	5
501	9	34	362.339105243401	0.0	4
502	8	46	374.2782104868019	0.0	5
503	8	46	374.2782104868019	0.0	5
504	8	46	374.2782104868019	0.0	5
505	8	46	438.2173157302029	0.0	5
506	7	47	364.67821048680196	0.0	5
507	8	46	374.2782104868019	0.0	5
508	8	46	374.2782104868019	0.0	5
509	8	46	374.2782104868019	0.0	5
510	9	34	362.33910524340104	0.0	4
511	9	34	362.33910524340104	0.0	4
512	9	34	362.33910524340104	0.0	4
513	9	34	362.33910524340104	0.0	4
514	9	34	362.33910524340104	0.0	4
515	7	47	364.67821048680196	0.0	5
516	8	46	438.2173157302029	0.0	5
517	7	47	364.6782104868019	0.0	5
518	8	46	374.2782104868019	0.0	5
519	5	49	303.07821048680194	0.0	5
520	5	49	303.07821048680194	0.0	5
521	5	49	303.07821048680194	0.0	5
522	5	49	303.07821048680194	0.0	5
523	5	49	303.07821048680194	0.0	5
524	5	49	303.07821048680194	0.0	5
525	5	49	303.07821048680194	0.0	5
526	5	49	303.07821048680194	0.0	5
527	5	49	303.07821048680194	0.0	5
528	8	46	438.21731573020287	0.0	5
529	9	34	511.75642097360384	0.0	4
530	8	46	438.21731573020287	0.0	5
531	7	47	428.6173157302029	0.0	5
532	8	46	502.1564209736039	0.0	5
533	8	46	502.1564209736039	0.0	5
534	8	46	502.1564209736039	0.0	5
535	8	46	374.2782104868019	0.0	5
536	9	45	383.87821048680195	0.0	5
537	9	45	383.87821048680195	0.0	5
538	9	45	447.8173157302029	0.0	5
539	9	45	447.8173157302029	0.0	5
540	9	34	469.35642097360386	0.0	4
541	9	45	383.87821048680195	0.0	5
542	9	45	447.8173157302029	0.0	5
543	9	45	447.8173157302029	0.0	5
544	9	45	447.8173157302029	0.0	5
545	7	47	428.6173157302029	0.0	5
546	9	34	341.47821048680197	0.0	4
547	8	46	374.2782104868019	0.0	5
548	9	34	341.47821048680197	0.0	4
549	9	34	341.47821048680197	0.0	4
550	8	46	438.21731573020287	0.0	5
551	8	46	502.1564209736039	0.0	5
552	7	47	428.6173157302029	0.0	5
553	7	47	428.6173157302029	0.0	5
554	7	47	428.6173157302029	0.0	5
555	8	46	374.2782104868019	0.0	5
556	8	46	438.21731573020287	0.0	5
557	8	46	438.21731573020287	0.0	5
558	8	46	438.21731573020287	0.0	5
559	8	46	374.2782104868019	0.0	5
560	8	46	374.27821048680187	0.0	5
561	9	45	383.8782104868019	0.0	5
562	5	49	303.07821048680194	0.0	5
563	5	49	303.07821048680194	0.0	5
564	5	49	303.07821048680194	0.0	5
565	5	49	303.07821048680194	0.0	5
566	5	49	303.07821048680194	0.0	5
567	5	49	303.07821048680194	0.0	5
568	5	49	303.07821048680194	0.0	5
569	8	46	374.27821048680187	0.0	5
570	9	34	469.3564209736038	0.0	4
571	5	49	303.07821048680194	0.0	5
572	8	46	374.27821048680187	0.0	5
573	9	45	447.81731573020284	0.0	5
574	8	46	374.27821048680187	0.0	5
575	8	46	374.27821048680187	0.0	5
576	8	46	374.27821048680187	0.0	5
577	8	46	374.27821048680187	0.0	5
578	8	46	374.27821048680187	0.0	5
579	9	45	383.8782104868019	0.0	5
580	9	45	383.8782104868019	0.0	5
581	9	45	383.8782104868019	0.0	5
582	8	46	374.27821048680187	0.0	5
583	8	46	374.27821048680187	0.0	5
584	8	46	438.21731573020287	0.0	5
585	8	46	438.21731573020287	0.0	5
586	8	46	438.21731573020287	0.0	5
587	8	46	438.21731573020287	0.0	5
588	8	46	438.21731573020287	0.0	5
589	9	45	447.81731573020284	0.0	5
590	8	46	374.27821048680187	0.0	5
591	7	47	364.6782104868019	0.0	5
592	7	47	364.6782104868019	0.0	5
593	9	34	319.93910524340095	0.0	4
594	8	46	374.27821048680187	0.0	5
595	8	46	374.27821048680187	0.0	5
596	9	45	468.6782104868019	0.0	5
597	6	48	355.07821048680194	0.0	5
598	7	47	364.6782104868019	0.0	5
599	7	47	364.6782104868019	0.0	5
600	8	46	374.27821048680187	0.0	5
601	8	46	374.27821048680187	0.0	5
602	8	46	374.27821048680187	0.0	5
603	9	45	383.8782104868019	0.0	5
604	8	46	374.27821048680187	0.0	5
605	9	45	447.81731573020284	0.0	5
606	8	46	374.27821048680187	0.0	5
607	9	45	383.8782104868019	0.0	5
608	8	46	374.27821048680187	0.0	5
609	9	45	468.6782104868019	0.0	5
610	7	47	364.6782104868019	0.0	5
611	8	46	374.27821048680187	0.0	5
612	8	46	374.27821048680187	0.0	5
613	8	46	374.27821048680187	0.0	5
614	9	45	383.8782104868019	0.0	5
615	8	46	374.27821048680187	0.0	5
616	8	46	374.27821048680187	0.0	5
617	8	46	374.27821048680187	0.0	5
618	8	46	374.27821048680187	0.0	5
619	8	46	374.27821048680187	0.0	5
620	9	45	447.8173157302029	0.0	5
621	8	46	374.27821048680187	0.0	5
622	8	46	374.27821048680187	0.0	5
623	8	46	374.27821048680187	0.0	5
624	8	46	374.27821048680187	0.0	5
625	9	45	383.8782104868019	0.0	5
626	8	46	374.27821048680187	0.0	5
627	8	46	374.27821048680187	0.0	5
628	8	46	374.27821048680187	0.0	5
629	9	45	383.8782104868019	0.0	5
630	8	46	374.27821048680187	0.0	5
631	9	45	383.8782104868019	0.0	5
632	9	45	383.8782104868019	0.0	5
633	9	45	383.8782104868019	0.0	5
634	8	46	374.27821048680187	0.0	5
635	8	46	374.27821048680187	0.0	5
636	8	46	374.27821048680187	0.0	5
637	8	46	374.27821048680187	0.0	5
638	8	46	374.27821048680187	0.0	5
639	9	34	341.4782104868019	0.0	4
640	9	45	383.8782104868019	0.0	5
641	9	45	383.8782104868019	0.0	5
642	9	45	383.8782104868019	0.0	5
643	9	45	383.8782104868019	0.0	5
644	8	46	374.27821048680187	0.0	5
645	8	46	438.21731573020287	0.0	5
646	7	47	364.6782104868019	0.0	5
647	7	47	364.6782104868019	0.0	5
648	9	45	319.93910524340095	0.0	5
649	8	46	310.3391052434009	0.0	5
650	6	48	355.07821048680194	0.0	5
651	7	47	364.6782104868019	0.0	5
652	7	47	364.6782104868019	0.0	5
653	9	45	319.93910524340095	0.0	5
654	7	47	364.6782104868019	0.0	5
655	9	45	319.93910524340095	0.0	5
656	7	47	364.6782104868019	0.0	5
657	7	47	364.6782104868019	0.0	5
658	8	46	310.3391052434009	0.0	5
659	7	47	364.6782104868019	0.0	5
660	9	45	319.93910524340095	0.0	5
661	9	34	277.53910524340097	0.0	4
662	9	45	319.93910524340095	0.0	5
663	7	47	364.6782104868019	0.0	5
664	7	47	364.6782104868019	0.0	5
665	7	47	364.6782104868019	0.0	5
666	9	45	319.93910524340095	0.0	5
667	9	45	319.93910524340095	0.0	5
668	9	45	319.93910524340095	0.0	5
669	9	45	319.93910524340095	0.0	5
670	8	46	310.3391052434009	0.0	5
671	8	46	310.3391052434009	0.0	5
672	6	48	355.07821048680194	0.0	5
673	6	48	355.07821048680194	0.0	5
674	9	45	319.93910524340095	0.0	5
675	9	45	319.93910524340095	0.0	5
676	9	45	319.93910524340095	0.0	5
677	9	45	319.93910524340095	0.0	5
678	9	45	319.93910524340095	0.0	5
679	7	47	364.6782104868019	0.0	5
680	8	46	310.3391052434009	0.0	5
681	8	46	310.3391052434009	0.0	5
682	8	46	310.3391052434009	0.0	5
683	8	46	310.3391052434009	0.0	5
684	8	46	310.3391052434009	0.0	5
685	8	46	310.3391052434009	0.0	5
686	8	46	310.3391052434009	0.0	5
687	9	45	383.8782104868019	0.0	5
688	8	46	310.3391052434009	0.0	5
689	8	46	310.3391052434009	0.0	5
690	9	34	383.2	0.0	4
691	8	46	310.3391052434009	0.0	5
692	8	46	310.3391052434009	0.0	5
693	8	46	310.3391052434009	0.0	5
694	8	46	310.3391052434009	0.0	5
695	7	47	300.73910524340096	0.0	5
696	7	47	300.73910524340096	0.0	5
697	8	46	310.3391052434009	0.0	5
698	8	46	310.3391052434009	0.0	5
699	7	47	300.73910524340096	0.0	5
700	7	47	300.73910524340096	0.0	5
701	7	47	300.73910524340096	0.0	5
702	7	47	300.73910524340096	0.0	5
703	7	47	300.73910524340096	0.0	5
704	8	46	310.339105243401	0.0	5
705	7	47	300.73910524340096	0.0	5
706	7	47	300.73910524340096	0.0	5
707	7	47	300.73910524340096	0.0	5
708	7	47	385.53910524340097	0.0	5
709	7	47	300.73910524340096	0.0	5
710	7	47	300.73910524340096	0.0	5
711	5	49	303.07821048680194	0.0	5
712	5	49	303.07821048680194	0.0	5
713	5	49	303.07821048680194	0.0	5
714	5	49	303.07821048680194	0.0	5
715	5	49	303.07821048680194	0.0	5
716	5	49	303.07821048680194	0.0	5
717	5	49	303.07821048680194	0.0	5
718	5	49	303.07821048680194	0.0	5
719	5	49	303.07821048680194	0.0	5
720	5	49	303.07821048680194	0.0	5
721	5	49	303.07821048680194	0.0	5
722	5	49	303.07821048680194	0.0	5
723	5	49	303.07821048680194	0.0	5
724	5	49	303.07821048680194	0.0	5
725	6	48	312.6782104868019	0.0	5
726	5	49	303.07821048680194	0.0	5
727	5	49	303.07821048680194	0.0	5
728	5	49	303.07821048680194	0.0	5
729	5	49	303.07821048680194	0.0	5
730	5	49	303.07821048680194	0.0	5
731	5	49	303.07821048680194	0.0	5
732	5	49	303.07821048680194	0.0	5
733	5	49	303.07821048680194	0.0	5
734	5	49	303.07821048680194	0.0	5
735	5	49	303.07821048680194	0.0	5
736	5	49	303.07821048680194	0.0	5
737	5	49	303.07821048680194	0.0	5
738	5	49	303.07821048680194	0.0	5
739	5	49	303.07821048680194	0.0	5
740	7	47	364.67821048680196	0.0	5
741	6	48	312.6782104868019	0.0	5
742	5	49	303.07821048680194	0.0	5
743	5	49	303.07821048680194	0.0	5
744	5	49	303.07821048680194	0.0	5
745	5	49	303.07821048680194	0.0	5
746	5	49	303.07821048680194	0.0	5
747	5	49	303.07821048680194	0.0	5
748	5	49	303.07821048680194	0.0	5
749	5	49	303.07821048680194	0.0	5
750	5	49	303.07821048680194	0.0	5
751	6	48	312.6782104868019	0.0	5
752	5	49	303.07821048680194	0.0	5
753	5	49	303.07821048680194	0.0	5
754	9	34	319.93910524340095	0.0	4
755	5	49	303.07821048680194	0.0	5
756	5	49	303.07821048680194	0.0	5
757	5	49	303.07821048680194	0.0	5
758	5	49	303.07821048680194	0.0	5
759	7	47	450.1564209736038	0.0	5
760	5	49	303.07821048680194	0.0	5
761	5	49	303.07821048680194	0.0	5
762	5	49	303.07821048680194	0.0	5
763	5	49	303.07821048680194	0.0	5
764	5	49	303.07821048680194	0.0	5
765	5	49	303.07821048680194	0.0	5
766	6	48	312.6782104868019	0.0	5
767	5	49	303.07821048680194	0.0	5
768	5	49	303.07821048680194	0.0	5
769	7	47	385.53910524340097	0.0	5
770	5	49	303.07821048680194	0.0	5
771	5	49	303.07821048680194	0.0	5
772	6	48	312.6782104868019	0.0	5
773	5	49	303.07821048680194	0.0	5
774	5	49	303.07821048680194	0.0	5
775	5	49	303.07821048680194	0.0	5
776	5	49	303.07821048680194	0.0	5
777	5	49	303.07821048680194	0.0	5
778	5	49	303.07821048680194	0.0	5
779	5	49	303.07821048680194	0.0	5
780	5	49	303.07821048680194	0.0	5
781	5	49	303.07821048680194	0.0	5
782	5	49	303.07821048680194	0.0	5
783	5	49	303.07821048680194	0.0	5
784	5	49	303.07821048680194	0.0	5
785	5	49	303.07821048680194	0.0	5
786	5	49	303.07821048680194	0.0	5
787	6	48	312.6782104868019	0.0	5
788	5	49	303.07821048680194	0.0	5
789	5	49	303.07821048680194	0.0	5
790	5	49	303.07821048680194	0.0	5
791	5	49	303.07821048680194	0.0	5
792	5	49	303.07821048680194	0.0	5
793	5	49	303.07821048680194	0.0	5
794	5	49	303.07821048680194	0.0	5
795	5	49	303.07821048680194	0.0	5
796	6	48	312.6782104868019	0.0	5
797	5	49	303.07821048680194	0.0	5
798	5	49	303.07821048680194	0.0	5
799	5	49	303.07821048680194	0.0	5
800	5	49	303.07821048680194	0.0	5
801	5	49	303.07821048680194	0.0	5
802	5	49	303.07821048680194	0.0	5
803	5	49	303.07821048680194	0.0	5
804	7	47	322.2782104868019	0.0	5
805	6	48	312.6782104868019	0.0	5
806	5	49	303.07821048680194	0.0	5
807	5	49	303.07821048680194	0.0	5
808	5	49	303.07821048680194	0.0	5
809	5	49	303.07821048680194	0.0	5
810	5	49	303.07821048680194	0.0	5
811	5	49	303.07821048680194	0.0	5
812	6	48	312.6782104868019	0.0	5
813	6	48	312.6782104868019	0.0	5
814	6	48	312.6782104868019	0.0	5
815	5	49	303.07821048680194	0.0	5
816	6	48	312.6782104868019	0.0	5
817	6	48	312.6782104868019	0.0	5
818	6	48	312.6782104868019	0.0	5
819	5	49	303.07821048680194	0.0	5
820	6	48	312.6782104868019	0.0	5
821	5	49	303.07821048680194	0.0	5
822	5	49	303.07821048680194	0.0	5
823	5	49	303.07821048680194	0.0	5
824	5	49	303.07821048680194	0.0	5
825	5	49	303.07821048680194	0.0	5
826	5	49	303.07821048680194	0.0	5
827	5	49	303.07821048680194	0.0	5
828	6	48	312.6782104868019	0.0	5
829	6	48	312.6782104868019	0.0	5
830	5	49	303.07821048680194	0.0	5
831	5	49	303.07821048680194	0.0	5
832	5	49	303.07821048680194	0.0	5
833	5	49	303.07821048680194	0.0	5
834	5	49	303.07821048680194	0.0	5
835	9	34	383.87821048680195	0.0	4
836	6	48	312.6782104868019	0.0	5
837	6	48	312.6782104868019	0.0	5
838	6	48	312.6782104868019	0.0	5
839	6	48	312.6782104868019	0.0	5
840	5	49	303.07821048680194	0.0	5
841	5	49	303.07821048680194	0.0	5
842	6	48	312.6782104868019	0.0	5
843	6	48	312.6782104868019	0.0	5
844	6	48	312.6782104868019	0.0	5
845	5	49	303.07821048680194	0.0	5
846	5	49	303.07821048680194	0.0	5
847	5	49	303.07821048680194	0.0	5
848	5	49	303.07821048680194	0.0	5
849	6	48	312.6782104868019	0.0	5
850	5	49	303.07821048680194	0.0	5
851	5	49	303.07821048680194	0.0	5
852	5	49	303.07821048680194	0.0	5
853	5	49	303.07821048680194	0.0	5
854	6	48	312.6782104868019	0.0	5
855	5	49	324.61731573020285	0.0	5
856	5	49	303.07821048680194	0.0	5
857	7	47	407.07821048680194	0.0	5
858	6	48	312.6782104868019	0.0	5
859	7	47	322.2782104868019	0.0	5
860	6	48	312.6782104868019	0.0	5
861	6	48	312.6782104868019	0.0	5
862	7	47	407.07821048680194	0.0	5
863	6	48	312.6782104868019	0.0	5
864	5	49	303.07821048680194	0.0	5
865	6	48	312.6782104868019	0.0	5
866	6	48	312.6782104868019	0.0	5
867	6	48	312.6782104868019	0.0	5
868	6	48	312.6782104868019	0.0	5
869	6	48	312.6782104868019	0.0	5
870	5	49	303.07821048680194	0.0	5
871	6	48	312.6782104868019	0.0	5
872	6	48	312.6782104868019	0.0	5
873	6	48	312.6782104868019	0.0	5
874	6	48	312.6782104868019	0.0	5
875	5	49	303.07821048680194	0.0	5
876	5	49	303.07821048680194	0.0	5
877	5	49	303.07821048680194	0.0	5
878	7	47	322.2782104868019	0.0	5
879	8	46	374.2782104868019	0.0	5
880	5	49	303.07821048680194	0.0	5
881	5	49	303.07821048680194	0.0	5
882	6	48	312.6782104868019	0.0	5
883	6	48	312.6782104868019	0.0	5
884	6	48	312.6782104868019	0.0	5
885	5	49	303.07821048680194	0.0	5
886	6	48	312.6782104868019	0.0	5
887	6	48	312.6782104868019	0.0	5
888	6	48	312.6782104868019	0.0	5
889	5	49	303.07821048680194	0.0	5
890	5	49	303.07821048680194	0.0	5
891	6	48	312.6782104868019	0.0	5
892	6	48	312.6782104868019	0.0	5
893	6	48	312.6782104868019	0.0	5
894	6	48	312.6782104868019	0.0	5
895	6	48	312.6782104868019	0.0	5
896	9	34	468.67821048680196	0.0	4
897	6	48	312.6782104868019	0.0	5
898	6	48	312.6782104868019	0.0	5
899	5	49	303.07821048680194	0.0	5
900	6	48	312.6782104868019	0.0	5
901	6	48	312.6782104868019	0.0	5
902	5	49	303.07821048680194	0.0	5
903	5	49	303.07821048680194	0.0	5
904	5	49	303.07821048680194	0.0	5
905	5	49	303.07821048680194	0.0	5
906	5	49	303.07821048680194	0.0	5
907	5	49	303.07821048680194	0.0	5
908	5	49	303.07821048680194	0.0	5
909	5	49	303.07821048680194	0.0	5
910	5	49	303.07821048680194	0.0	5
911	5	49	303.07821048680194	0.0	5
912	5	49	303.07821048680194	0.0	5
913	5	49	303.07821048680194	0.0	5
914	5	49	303.07821048680194	0.0	5
915	5	49	303.07821048680194	0.0	5
916	5	49	303.07821048680194	0.0	5
917	5	49	303.07821048680194	0.0	5
918	5	49	303.07821048680194	0.0	5
919	5	49	303.07821048680194	0.0	5
920	5	49	303.07821048680194	0.0	5
921	5	49	303.07821048680194	0.0	5
922	6	48	312.6782104868019	0.0	5
923	5	49	303.07821048680194	0.0	5
924	5	49	303.07821048680194	0.0	5
925	6	48	312.6782104868019	0.0	5
926	5	49	303.07821048680194	0.0	5
927	6	48	312.6782104868019	0.0	5
928	5	49	303.07821048680194	0.0	5
929	5	49	303.07821048680194	0.0	5
930	5	49	303.07821048680194	0.0	5
931	6	48	312.6782104868019	0.0	5
932	5	49	303.07821048680194	0.0	5
933	5	49	303.07821048680194	0.0	5
934	5	49	303.07821048680194	0.0	5
935	9	34	532.6173157302028	0.0	4
936	5	49	303.07821048680194	0.0	5
937	5	49	303.07821048680194	0.0	5
938	5	49	303.07821048680194	0.0	5
939	5	49	303.07821048680194	0.0	5
940	6	48	312.6782104868019	0.0	5
941	5	49	303.07821048680194	0.0	5
942	5	49	303.07821048680194	0.0	5
943	5	49	303.07821048680194	0.0	5
944	5	49	303.07821048680194	0.0	5
945	5	49	303.07821048680194	0.0	5
946	5	49	303.07821048680194	0.0	5
947	5	49	303.07821048680194	0.0	5
948	5	49	303.07821048680194	0.0	5
949	5	49	303.07821048680194	0.0	5
950	5	49	303.07821048680194	0.0	5
951	5	49	303.07821048680194	0.0	5
952	5	49	303.07821048680194	0.0	5
953	5	49	303.07821048680194	0.0	5
954	5	49	303.07821048680194	0.0	5
955	5	49	303.07821048680194	0.0	5
956	5	49	303.07821048680194	0.0	5
957	5	49	303.07821048680194	0.0	5
958	6	48	312.6782104868019	0.0	5
959	5	49	303.07821048680194	0.0	5
960	5	49	303.07821048680194	0.0	5
961	5	49	303.07821048680194	0.0	5
962	5	49	303.07821048680194	0.0	5
963	5	49	303.07821048680194	0.0	5
964	5	49	303.07821048680194	0.0	5
965	5	49	303.07821048680194	0.0	5
966	5	49	303.07821048680194	0.0	5
967	5	49	303.07821048680194	0.0	5
968	5	49	303.07821048680194	0.0	5
969	5	49	303.07821048680194	0.0	5
970	5	49	303.07821048680194	0.0	5
971	5	49	303.07821048680194	0.0	5
972	5	49	303.07821048680194	0.0	5
973	5	49	303.07821048680194	0.0	5
974	5	49	303.07821048680194	0.0	5
975	5	49	303.07821048680194	0.0	5
976	5	49	303.07821048680194	0.0	5
977	5	49	303.07821048680194	0.0	5
978	5	49	303.07821048680194	0.0	5
979	5	49	303.07821048680194	0.0	5
980	5	49	303.07821048680194	0.0	5
981	5	49	303.07821048680194	0.0	5
982	6	48	333.53910524340097	0.0	5
983	5	49	303.07821048680194	0.0	5
984	5	49	303.07821048680194	0.0	5
985	6	48	312.6782104868019	0.0	5
986	6	48	312.6782104868019	0.0	5
987	5	49	303.07821048680194	0.0	5
988	5	49	303.07821048680194	0.0	5
989	5	49	303.07821048680194	0.0	5
990	5	49	303.07821048680194	0.0	5
991	5	49	303.07821048680194	0.0	5
992	8	46	374.2782104868019	0.0	5
993	5	49	303.07821048680194	0.0	5
994	5	49	303.07821048680194	0.0	5
995	5	49	303.07821048680194	0.0	5
996	5	49	303.07821048680194	0.0	5
997	5	49	303.07821048680194	0.0	5
998	5	49	303.07821048680194	0.0	5
999	5	49	303.07821048680194	0.0	5
1000	7	47	407.07821048680194	0.0	5
1001	5	49	303.07821048680194	0.0	5
1002	5	49	303.07821048680194	0.0	5
1003	5	49	303.07821048680194	0.0	5
1004	5	49	303.07821048680194	0.0	5
1005	5	49	303.07821048680194	0.0	5
1006	5	49	303.07821048680194	0.0	5
1007	5	49	303.07821048680194	0.0	5
1008	5	49	303.07821048680194	0.0	5
1009	5	49	303.07821048680194	0.0	5
1010	5	49	303.07821048680194	0.0	5
1011	5	49	303.07821048680194	0.0	5
1012	5	49	303.07821048680194	0.0	5
1013	5	49	303.07821048680194	0.0	5
1014	5	49	303.07821048680194	0.0	5
1015	5	49	303.07821048680194	0.0	5
1016	5	49	303.07821048680194	0.0	5
1017	5	49	324.61731573020285	0.0	5
1018	5	49	303.07821048680194	0.0	5
1019	5	49	303.07821048680194	0.0	5
1020	5	49	303.07821048680194	0.0	5
1021	5	49	303.07821048680194	0.0	5
1022	5	49	303.07821048680194	0.0	5
1023	5	49	303.07821048680194	0.0	5
1024	5	49	303.07821048680194	0.0	5
1025	5	49	303.07821048680194	0.0	5
1026	5	49	303.07821048680194	0.0	5
1027	5	49	303.07821048680194	0.0	5
1028	5	49	303.07821048680194	0.0	5
1029	5	49	303.07821048680194	0.0	5
1030	5	49	303.07821048680194	0.0	5
1031	5	49	303.07821048680194	0.0	5
1032	5	49	303.07821048680194	0.0	5
1033	6	48	312.6782104868019	0.0	5
1034	5	49	303.07821048680194	0.0	5
1035	5	49	303.07821048680194	0.0	5
1036	5	49	303.07821048680194	0.0	5
1037	5	49	303.07821048680194	0.0	5
1038	5	49	303.07821048680194	0.0	5
1039	7	47	407.07821048680194	0.0	5
1040	5	49	303.07821048680194	0.0	5
1041	5	49	303.07821048680194	0.0	5
1042	5	49	303.07821048680194	0.0	5
1043	5	49	303.07821048680194	0.0	5
1044	5	49	303.07821048680194	0.0	5
1045	5	49	303.07821048680194	0.0	5
1046	6	48	312.6782104868019	0.0	5
1047	5	49	303.07821048680194	0.0	5
1048	5	49	303.07821048680194	0.0	5
1049	5	49	303.07821048680194	0.0	5
1050	5	49	303.07821048680194	0.0	5
1051	5	49	303.07821048680194	0.0	5
1052	5	49	303.07821048680194	0.0	5
1053	5	49	303.07821048680194	0.0	5
1054	5	49	303.07821048680194	0.0	5
1055	5	49	303.07821048680194	0.0	5
1056	5	49	303.07821048680194	0.0	5
1057	5	49	303.07821048680194	0.0	5
1058	5	49	303.07821048680194	0.0	5
1059	5	49	303.07821048680194	0.0	5
1060	5	49	303.07821048680194	0.0	5
1061	5	49	303.07821048680194	0.0	5
1062	5	49	303.07821048680194	0.0	5
1063	5	49	303.07821048680194	0.0	5
1064	5	49	303.07821048680194	0.0	5
1065	5	49	303.07821048680194	0.0	5
1066	5	49	303.07821048680194	0.0	5
1067	5	49	303.07821048680194	0.0	5
1068	5	49	303.07821048680194	0.0	5
1069	5	49	303.07821048680194	0.0	5
1070	6	48	312.6782104868019	0.0	5
1071	7	47	407.07821048680194	0.0	5
1072	5	49	303.07821048680194	0.0	5
1073	5	49	303.07821048680194	0.0	5
1074	5	49	303.07821048680194	0.0	5
1075	5	49	303.07821048680194	0.0	5
1076	7	47	364.67821048680196	0.0	5
1077	5	49	303.07821048680194	0.0	5
1078	5	49	303.07821048680194	0.0	5
1079	5	49	303.07821048680194	0.0	5
1080	5	49	303.07821048680194	0.0	5
1081	5	49	303.07821048680194	0.0	5
1082	6	48	312.6782104868019	0.0	5
1083	5	49	303.07821048680194	0.0	5
1084	6	48	312.6782104868019	0.0	5
1085	7	47	322.2782104868019	0.0	5
1086	5	49	303.07821048680194	0.0	5
1087	5	49	303.07821048680194	0.0	5
1088	5	49	303.07821048680194	0.0	5
1089	5	49	303.07821048680194	0.0	5
1090	5	49	303.07821048680194	0.0	5
1091	6	48	312.6782104868019	0.0	5
1092	5	49	303.07821048680194	0.0	5
1093	5	49	303.07821048680194	0.0	5
1094	5	49	303.07821048680194	0.0	5
1095	5	49	303.07821048680194	0.0	5
1096	9	13	554.1564209736039	0.0	2
1097	5	49	303.07821048680194	0.0	5
1098	5	49	303.07821048680194	0.0	5
1099	5	49	303.07821048680194	0.0	5
1100	6	48	312.6782104868019	0.0	5
1101	5	49	303.07821048680194	0.0	5
1102	5	49	303.07821048680194	0.0	5
1103	5	49	303.07821048680194	0.0	5
1104	5	49	303.07821048680194	0.0	5
1105	5	49	303.07821048680194	0.0	5
1106	6	48	312.6782104868019	0.0	5
1107	6	48	312.6782104868019	0.0	5
1108	5	49	303.07821048680194	0.0	5
1109	5	49	303.07821048680194	0.0	5
1110	6	48	312.6782104868019	0.0	5
1111	6	48	312.6782104868019	0.0	5
1112	6	48	312.6782104868019	0.0	5
1113	6	48	312.6782104868019	0.0	5
1114	6	48	312.6782104868019	0.0	5
1115	5	49	303.07821048680194	0.0	5
1116	6	48	312.6782104868019	0.0	5
1117	6	48	312.6782104868019	0.0	5
1118	6	48	312.6782104868019	0.0	5
1119	5	49	303.07821048680194	0.0	5
1120	5	49	303.07821048680194	0.0	5
1121	5	49	303.07821048680194	0.0	5
1122	5	49	303.07821048680194	0.0	5
1123	5	49	303.07821048680194	0.0	5
1124	6	48	312.6782104868019	0.0	5
1125	6	48	312.6782104868019	0.0	5
1126	6	48	312.6782104868019	0.0	5
1127	6	48	312.6782104868019	0.0	5
1128	6	48	312.6782104868019	0.0	5
1129	6	48	312.6782104868019	0.0	5
1130	5	49	303.07821048680194	0.0	5
1131	6	48	312.6782104868019	0.0	5
1132	6	48	312.6782104868019	0.0	5
1133	6	48	312.6782104868019	0.0	5
1134	6	48	312.6782104868019	0.0	5
1135	6	48	312.6782104868019	0.0	5
1136	5	49	303.07821048680194	0.0	5
1137	6	48	312.6782104868019	0.0	5
1138	6	48	312.6782104868019	0.0	5
1139	6	48	312.6782104868019	0.0	5
1140	6	48	312.6782104868019	0.0	5
1141	6	48	312.6782104868019	0.0	5
1142	6	48	312.6782104868019	0.0	5
1143	6	48	312.6782104868019	0.0	5
1144	6	48	312.6782104868019	0.0	5
1145	6	48	376.61731573020285	0.0	5
1146	6	48	312.6782104868019	0.0	5
1147	6	48	312.6782104868019	0.0	5
1148	6	48	312.6782104868019	0.0	5
1149	5	49	303.07821048680194	0.0	5
1150	5	49	303.07821048680194	0.0	5
1151	5	49	303.07821048680194	0.0	5
1152	6	48	312.6782104868019	0.0	5
1153	6	48	312.6782104868019	0.0	5
1154	6	48	312.6782104868019	0.0	5
1155	6	48	312.6782104868019	0.0	5
1156	6	48	312.6782104868019	0.0	5
1157	6	48	312.6782104868019	0.0	5
1158	5	49	303.07821048680194	0.0	5
1159	5	49	303.07821048680194	0.0	5
1160	5	49	303.07821048680194	0.0	5
1161	5	49	303.07821048680194	0.0	5
1162	5	49	303.07821048680194	0.0	5
1163	5	49	303.07821048680194	0.0	5
1164	6	48	312.6782104868019	0.0	5
1165	5	49	303.07821048680194	0.0	5
1166	5	49	303.07821048680194	0.0	5
1167	5	49	303.07821048680194	0.0	5
1168	5	49	303.07821048680194	0.0	5
1169	5	49	303.07821048680194	0.0	5
1170	5	49	303.07821048680194	0.0	5
1171	5	49	303.07821048680194	0.0	5
1172	5	49	303.07821048680194	0.0	5
1173	5	49	303.07821048680194	0.0	5
1174	6	48	312.6782104868019	0.0	5
1175	6	48	312.6782104868019	0.0	5
1176	6	48	312.6782104868019	0.0	5
1177	5	49	303.07821048680194	0.0	5
1178	5	49	303.07821048680194	0.0	5
1179	5	49	303.07821048680194	0.0	5
1180	5	49	303.07821048680194	0.0	5
1181	5	49	303.07821048680194	0.0	5
1182	5	49	303.07821048680194	0.0	5
1183	5	49	303.07821048680194	0.0	5
1184	5	49	303.07821048680194	0.0	5
1185	5	49	303.07821048680194	0.0	5
1186	6	48	312.6782104868019	0.0	5
1187	5	49	303.07821048680194	0.0	5
1188	5	49	303.07821048680194	0.0	5
1189	5	49	303.07821048680194	0.0	5
1190	5	49	303.07821048680194	0.0	5
1191	5	49	303.07821048680194	0.0	5
1192	5	49	303.07821048680194	0.0	5
1193	5	49	303.07821048680194	0.0	5
1194	5	49	303.07821048680194	0.0	5
1195	5	49	303.07821048680194	0.0	5
1196	6	48	312.6782104868019	0.0	5
1197	5	49	303.07821048680194	0.0	5
1198	5	49	303.07821048680194	0.0	5
1199	5	49	303.07821048680194	0.0	5
1200	5	49	303.07821048680194	0.0	5
1201	5	49	303.07821048680194	0.0	5
1202	5	49	303.07821048680194	0.0	5
1203	5	49	303.07821048680194	0.0	5
1204	5	49	303.07821048680194	0.0	5
1205	5	49	303.07821048680194	0.0	5
1206	5	49	303.07821048680194	0.0	5
1207	5	49	303.07821048680194	0.0	5
1208	5	49	303.07821048680194	0.0	5
1209	5	49	303.07821048680194	0.0	5
1210	5	49	303.07821048680194	0.0	5
1211	5	49	303.07821048680194	0.0	5
1212	5	49	303.07821048680194	0.0	5
1213	5	49	303.07821048680194	0.0	5
1214	5	49	303.07821048680194	0.0	5
1215	5	49	303.07821048680194	0.0	5
1216	5	49	303.07821048680194	0.0	5
1217	5	49	303.07821048680194	0.0	5
1218	5	49	303.07821048680194	0.0	5
1219	5	49	303.07821048680194	0.0	5
1220	5	49	303.07821048680194	0.0	5
1221	5	49	303.07821048680194	0.0	5
1222	7	47	428.6173157302029	0.0	5
1223	5	49	303.07821048680194	0.0	5
1224	5	49	303.07821048680194	0.0	5
1225	5	49	303.07821048680194	0.0	5
1226	5	49	303.07821048680194	0.0	5
1227	5	49	303.07821048680194	0.0	5
1228	5	49	303.07821048680194	0.0	5
1229	5	49	303.07821048680194	0.0	5
1230	5	49	303.07821048680194	0.0	5
1231	5	49	303.07821048680194	0.0	5
1232	5	49	303.07821048680194	0.0	5
1233	5	49	303.07821048680194	0.0	5
1234	5	49	303.07821048680194	0.0	5
1235	5	49	303.07821048680194	0.0	5
1236	5	49	303.07821048680194	0.0	5
1237	6	48	312.6782104868019	0.0	5
1238	6	48	312.6782104868019	0.0	5
1239	6	48	312.6782104868019	0.0	5
1240	5	49	303.07821048680194	0.0	5
1241	5	49	303.07821048680194	0.0	5
1242	5	49	303.07821048680194	0.0	5
1243	5	49	303.07821048680194	0.0	5
1244	5	49	303.07821048680194	0.0	5
1245	5	49	303.07821048680194	0.0	5
1246	5	49	303.07821048680194	0.0	5
1247	5	49	303.07821048680194	0.0	5
1248	5	49	324.61731573020285	0.0	5
1249	7	47	450.1564209736038	0.0	5
1250	5	49	303.07821048680194	0.0	5
1251	7	47	300.73910524340096	0.0	5
1252	6	48	312.6782104868019	0.0	5
1253	7	47	322.27821048680187	0.0	5
1254	5	49	303.07821048680194	0.0	5
1255	5	49	303.07821048680194	0.0	5
1256	5	49	303.07821048680194	0.0	5
1257	5	49	303.07821048680194	0.0	5
1258	5	49	303.07821048680194	0.0	5
1259	8	46	352.73910524340096	0.0	5
1260	5	49	303.07821048680194	0.0	5
1261	5	49	303.07821048680194	0.0	5
1262	5	49	303.07821048680194	0.0	5
1263	5	49	303.07821048680194	0.0	5
1264	5	49	303.07821048680194	0.0	5
1265	6	48	312.6782104868019	0.0	5
1266	5	49	303.07821048680194	0.0	5
1267	5	49	303.07821048680194	0.0	5
1268	5	49	303.07821048680194	0.0	5
1269	5	49	303.07821048680194	0.0	5
1270	5	49	303.07821048680194	0.0	5
1271	5	49	303.07821048680194	0.0	5
1272	5	49	303.07821048680194	0.0	5
1273	5	49	303.07821048680194	0.0	5
1274	5	49	303.07821048680194	0.0	5
1275	5	49	303.07821048680194	0.0	5
1276	5	49	303.07821048680194	0.0	5
1277	5	49	303.07821048680194	0.0	5
1278	5	49	303.07821048680194	0.0	5
1279	5	49	303.07821048680194	0.0	5
1280	5	49	303.07821048680194	0.0	5
1281	7	47	407.07821048680194	0.0	5
1282	5	49	303.07821048680194	0.0	5
1283	5	49	303.07821048680194	0.0	5
1284	5	49	303.07821048680194	0.0	5
1285	5	49	303.07821048680194	0.0	5
1286	5	49	303.07821048680194	0.0	5
1287	5	49	303.07821048680194	0.0	5
1288	5	49	303.07821048680194	0.0	5
1289	6	48	312.6782104868019	0.0	5
1290	5	49	303.07821048680194	0.0	5
1291	5	49	303.07821048680194	0.0	5
1292	5	49	303.07821048680194	0.0	5
1293	5	49	303.07821048680194	0.0	5
1294	5	49	303.07821048680194	0.0	5
1295	5	49	303.07821048680194	0.0	5
1296	8	46	352.73910524340096	0.0	5
1297	5	49	303.07821048680194	0.0	5
1298	5	49	303.07821048680194	0.0	5
1299	5	49	303.07821048680194	0.0	5
1300	5	49	303.07821048680194	0.0	5
1301	5	49	303.07821048680194	0.0	5
1302	5	49	303.07821048680194	0.0	5
1303	5	49	303.07821048680194	0.0	5
1304	5	49	303.07821048680194	0.0	5
1305	5	49	303.07821048680194	0.0	5
1306	5	49	303.07821048680194	0.0	5
1307	6	48	312.6782104868019	0.0	5
1308	6	48	312.6782104868019	0.0	5
1309	5	49	303.07821048680194	0.0	5
1310	5	49	303.07821048680194	0.0	5
1311	6	48	312.6782104868019	0.0	5
1312	6	48	312.6782104868019	0.0	5
1313	6	48	312.6782104868019	0.0	5
1314	5	49	303.07821048680194	0.0	5
1315	5	49	303.07821048680194	0.0	5
1316	5	49	303.07821048680194	0.0	5
1317	5	49	303.07821048680194	0.0	5
1318	8	46	480.61731573020285	0.0	5
1319	5	49	303.07821048680194	0.0	5
1320	5	49	303.07821048680194	0.0	5
1321	5	49	303.07821048680194	0.0	5
1322	6	48	312.6782104868019	0.0	5
1323	6	48	312.6782104868019	0.0	5
1324	7	47	364.67821048680196	0.0	5
1325	8	46	331.2	0.0	5
1326	6	48	312.6782104868019	0.0	5
1327	6	48	312.6782104868019	0.0	5
1328	5	49	303.07821048680194	0.0	5
1329	5	49	303.07821048680194	0.0	5
1330	5	49	303.07821048680194	0.0	5
1331	5	49	303.07821048680194	0.0	5
1332	6	48	312.6782104868019	0.0	5
1333	6	48	312.6782104868019	0.0	5
1334	5	49	303.07821048680194	0.0	5
1335	5	49	303.07821048680194	0.0	5
1336	5	49	303.07821048680194	0.0	5
1337	5	49	303.07821048680194	0.0	5
1338	5	49	303.07821048680194	0.0	5
1339	5	49	303.07821048680194	0.0	5
1340	6	48	312.6782104868019	0.0	5
1341	5	49	303.07821048680194	0.0	5
1342	5	49	303.07821048680194	0.0	5
1343	5	49	303.07821048680194	0.0	5
1344	5	49	303.07821048680194	0.0	5
1345	6	48	312.6782104868019	0.0	5
1346	5	49	303.07821048680194	0.0	5
1347	5	49	303.07821048680194	0.0	5
1348	6	48	312.6782104868019	0.0	5
1349	5	49	303.07821048680194	0.0	5
1350	5	49	303.07821048680194	0.0	5
1351	5	49	303.07821048680194	0.0	5
1352	6	48	312.6782104868019	0.0	5
1353	5	49	303.07821048680194	0.0	5
1354	5	49	303.07821048680194	0.0	5
1355	5	49	303.07821048680194	0.0	5
1356	5	49	303.07821048680194	0.0	5
1357	5	49	303.07821048680194	0.0	5
1358	5	49	303.07821048680194	0.0	5
1359	5	49	303.07821048680194	0.0	5
1360	5	49	303.07821048680194	0.0	5
1361	8	46	438.21731573020287	0.0	5
1362	5	49	303.07821048680194	0.0	5
1363	6	48	312.6782104868019	0.0	5
1364	6	48	312.6782104868019	0.0	5
1365	6	48	312.6782104868019	0.0	5
1366	5	49	303.07821048680194	0.0	5
1367	5	49	303.07821048680194	0.0	5
1368	5	49	303.07821048680194	0.0	5
1369	5	49	303.07821048680194	0.0	5
1370	5	49	303.07821048680194	0.0	5
1371	5	49	303.07821048680194	0.0	5
1372	5	49	303.07821048680194	0.0	5
1373	5	49	303.07821048680194	0.0	5
1374	5	49	303.07821048680194	0.0	5
1375	5	49	303.07821048680194	0.0	5
1376	6	48	312.6782104868019	0.0	5
1377	5	49	303.07821048680194	0.0	5
1378	5	49	303.07821048680194	0.0	5
1379	8	46	416.6782104868019	0.0	5
1380	6	48	312.6782104868019	0.0	5
1381	6	48	312.6782104868019	0.0	5
1382	6	48	312.6782104868019	0.0	5
1383	6	48	312.6782104868019	0.0	5
1384	6	48	312.6782104868019	0.0	5
1385	6	48	312.6782104868019	0.0	5
1386	6	48	312.6782104868019	0.0	5
1387	6	48	312.6782104868019	0.0	5
1388	6	48	312.6782104868019	0.0	5
1389	6	48	312.6782104868019	0.0	5
1390	6	48	312.6782104868019	0.0	5
1391	7	47	343.139105243401	0.0	5
1392	6	48	312.6782104868019	0.0	5
1393	6	48	312.6782104868019	0.0	5
1394	6	48	312.6782104868019	0.0	5
1395	6	48	312.6782104868019	0.0	5
1396	6	48	333.53910524340097	0.0	5
1397	6	48	312.6782104868019	0.0	5
1398	6	48	312.6782104868019	0.0	5
1399	6	48	312.6782104868019	0.0	5
1400	6	48	312.6782104868019	0.0	5
1401	6	48	312.6782104868019	0.0	5
1402	6	48	312.6782104868019	0.0	5
1403	6	48	312.6782104868019	0.0	5
1404	7	47	322.27821048680187	0.0	5
1405	6	48	312.6782104868019	0.0	5
1406	6	48	312.6782104868019	0.0	5
1407	5	49	303.07821048680194	0.0	5
1408	5	49	303.07821048680194	0.0	5
1409	6	48	312.6782104868019	0.0	5
1410	5	49	303.07821048680194	0.0	5
1411	6	48	312.6782104868019	0.0	5
1412	7	47	322.27821048680187	0.0	5
1413	5	49	303.07821048680194	0.0	5
1414	5	49	303.07821048680194	0.0	5
1415	5	49	303.07821048680194	0.0	5
1416	6	48	312.6782104868019	0.0	5
1417	5	49	303.07821048680194	0.0	5
1418	5	49	303.07821048680194	0.0	5
1419	5	49	303.07821048680194	0.0	5
1420	5	49	303.07821048680194	0.0	5
1421	5	49	303.07821048680194	0.0	5
1422	5	49	303.07821048680194	0.0	5
1423	5	49	303.07821048680194	0.0	5
1424	7	47	322.2782104868019	0.0	5
1425	5	49	303.07821048680194	0.0	5
1426	5	49	303.07821048680194	0.0	5
1427	5	49	303.07821048680194	0.0	5
1428	6	48	312.6782104868019	0.0	5
1429	5	49	303.07821048680194	0.0	5
1430	5	49	303.07821048680194	0.0	5
1431	5	49	303.07821048680194	0.0	5
1432	5	49	303.07821048680194	0.0	5
1433	6	48	312.6782104868019	0.0	5
1434	5	49	303.07821048680194	0.0	5
1435	5	49	303.07821048680194	0.0	5
1436	5	49	303.07821048680194	0.0	5
1437	5	49	303.07821048680194	0.0	5
1438	5	49	303.07821048680194	0.0	5
1439	5	49	303.07821048680194	0.0	5
1440	6	48	312.6782104868019	0.0	5
1441	5	49	303.07821048680194	0.0	5
1442	5	49	303.07821048680194	0.0	5
1443	5	49	303.07821048680194	0.0	5
1444	5	49	303.07821048680194	0.0	5
1445	5	49	303.07821048680194	0.0	5
1446	5	49	303.07821048680194	0.0	5
1447	5	49	303.07821048680194	0.0	5
1448	5	49	303.07821048680194	0.0	5
1449	6	48	312.6782104868019	0.0	5
1450	6	48	312.6782104868019	0.0	5
1451	6	48	312.6782104868019	0.0	5
