Episode_Group	numSteps	Reward	Energy
1	74.0	-15.72	849652.1538293211
2	74.0	-15.74	849551.2404079721
3	74.0	-16.62	846253.3717244532
4	74.0	-16.64	845496.1119885001
5	74.0	-15.98	846885.980672019
6	74.0	-15.78	846455.198567151
7	74.0	-15.8	845610.589619585
8	74.0	-16.02	846788.458303104
9	74.0	-16.46	845196.7627768872
10	74.0	-16.44	847010.6314604062
11	74.0	-15.58	849144.1956701422
12	74.0	-15.36	849881.1090914911
13	74.0	-14.7	854350.0643536613
14	74.0	-14.7	853720.8464585294
15	73.86	-13.04	849874.9777750103
16	73.86	-12.82	850507.5867225763
17	73.86	-13.26	846042.0225128403
18	73.86	-13.26	844551.2404079724
19	73.86	-13.22	843487.8493555384
20	73.86	-12.34	843595.5448817553
21	73.86	-13.22	842747.5448817553
22	73.86	-12.56	842518.5896195851
23	73.86	-12.56	842932.4164622831
24	73.86	-11.68	846445.6761982362
25	73.86	-11.44	845163.5030409341
26	73.86	-11.88	844406.243304981
27	73.86	-12.52	841212.679095245
28	73.86	-12.3	838123.4193592919
29	73.86	-11.88	838661.896990377
30	73.86	-12.34	836841.2462019899
31	73.86	-12.1	836195.0730446879
32	73.86	-11.66	838422.7685709049
33	73.86	-11.42	839694.7685709049
34	73.86	-10.52	837887.6819922538
35	73.86	-10.98	839698.1596233388
36	73.86	-10.32	841730.8104117259
37	73.86	-10.1	840021.2462019899
38	73.86	-10.1	837571.377518471
39	73.86	-10.1	840340.941728207
40	73.86	-11.2	843645.5925165941
41	73.72	-10.02	844265.2880428112
42	73.72	-9.36	844477.2880428112
43	73.72	-8.74	848088.0701476792
44	73.72	-8.5	847458.8522525473
45	73.72	-8.28	844911.4612001132
46	73.72	-8.94	847997.3298836323
47	73.72	-8.72	843309.5925165941
48	73.72	-8.5	842559.114885509
49	73.72	-7.62	847569.938831198
50	73.72	-6.14	848956.4164622831
51	73.72	-6.82	847142.547778764
52	73.72	-7.02	845120.070147679
53	73.72	-7.24	848105.025409849
54	73.66	-5.84	848499.5030409339
55	73.66	-5.4	844979.4612001128
56	73.66	-5.82	844464.7209360659
57	73.66	-5.58	846810.2851458021
58	73.66	-4.28	846699.1985671511
59	73.66	-3.86	848401.9806720191
60	73.66	-2.76	849354.2851458021
61	73.66	-2.96	848176.416462283
62	73.66	-2.52	852110.2851458021
63	73.66	-2.98	850834.8940933681
64	73.66	-3.64	849236.416462283
65	73.8	-4.2	849993.025409849
66	73.8	-3.54	850958.8940933679
67	73.8	-3.54	855333.718039057
68	73.8	-3.74	856289.4135652739
69	73.8	-4.0	855337.109091491
70	73.8	-4.22	857675.891196359
71	73.8	-3.36	856077.413565274
72	73.8	-4.02	852675.240407972
73	73.8	-4.48	853947.240407972
74	73.8	-4.28	850962.2851458021
75	73.8	-4.52	855535.5448817551
76	73.8	-4.1	851921.3717244529
77	73.8	-3.9	854781.676198236
78	73.8	-3.04	858402.631460406
79	73.8	-3.22	859035.240407972
80	73.8	-3.42	863500.8046177081
81	73.8	-3.0	863726.3688274442
82	73.8	-2.36	866388.2375109631
83	73.8	-2.8	868525.192773133
84	73.12	-1.92	863706.4106682651
85	73.12	-1.9	859025.4554060949
86	73.12	-2.16	857208.1956701421
87	73.12	-1.94	852217.718039057
88	73.12	-1.94	856690.0643536609
89	73.12	-1.5	854031.5867225758
90	73.12	-1.94	850626.0225128398
91	73.26	-2.7	848404.4583031036
92	73.26	-2.7	852987.8911963586
93	73.26	-3.3	853953.7598798777
94	73.26	-2.88	855437.7598798777
95	73.26	-2.48	856824.2375109628
96	73.26	-2.5	850760.1956701416
97	73.26	-2.5	854485.4554060947
98	73.26	-2.5	853428.8464585288
99	73.26	-2.72	849807.8911963586
100	73.26	-3.98	845662.0225128396
101	73.26	-3.32	845567.8911963586
102	73.26	-3.54	841738.3269866226
103	73.26	-2.68	839921.0672506696
104	73.32	-4.06	838678.5896195847
105	73.32	-4.5	840818.9359341888
106	73.32	-4.28	843463.8493555378
107	73.32	-4.28	844534.0225128398
108	73.32	-4.48	846458.9777750097
109	73.32	-4.48	845614.3688274437
110	73.32	-4.48	842632.8046177077
111	73.32	-4.7	842424.1956701418
112	73.32	-4.92	837743.2404079719
113	73.32	-3.82	836989.3717244528
114	73.32	-3.16	836985.9806720188
115	73.32	-4.04	835390.8940933679
116	73.32	-4.08	836349.980672019
117	73.32	-3.0	833139.4612001128
118	73.32	-2.78	835915.807514717
119	73.32	-2.52	834737.9388311979
120	73.32	-2.32	830157.8969903769
121	73.32	-2.74	828347.4193592918
122	73.32	-2.54	830376.6790952449
123	73.32	-2.08	826765.8969903769
124	73.32	-2.3	824743.4193592918
125	73.32	-2.74	819968.3327806409
126	73.32	-2.94	818359.681992254
127	73.32	-3.14	816976.5954136029
128	73.32	-2.92	814947.3356776498
129	73.32	-3.6	812517.8133087349
130	73.32	-2.54	811245.8133087349
131	73.32	-3.4	813052.8998873858
132	73.32	-3.62	811127.9446252158
133	73.32	-3.4	808354.9893630459
134	74.0	-4.52	809980.2072581778
135	74.0	-4.96	808597.1206795269
136	74.0	-5.58	806998.6430484419
137	74.0	-5.58	809855.556469791
138	74.0	-5.8	808677.6877862719
139	73.94	-4.66	808950.9056814038
140	73.94	-3.78	810121.9922600549
141	73.94	-3.76	812144.46989114
142	73.94	-3.34	809573.3414716679
143	73.94	-2.9	806490.863840583
144	73.94	-3.76	801379.1264735449
145	73.94	-3.96	800628.6488424598
146	73.94	-2.86	801799.7354211109
147	73.94	-3.08	796583.6935802898
148	73.94	-2.86	795082.7383181197
149	73.94	-2.42	795823.0427919027
150	73.94	-1.54	796358.1293705538
151	73.94	-1.08	795388.8696346007
152	73.94	-0.86	796987.3472656858
153	73.94	-1.06	799534.7383181198
154	73.94	-0.2	796347.9562132518
155	73.94	0.44	796331.0009510816
156	73.94	0.22	791017.4367413457
157	73.94	0.44	783344.7441121376
158	73.94	0.44	782698.5709548355
159	73.94	-0.22	786211.8306907886
160	73.94	-0.88	786864.7859529586
161	73.94	-0.66	787275.2217432224
162	73.94	-0.46	789714.9172694394
163	73.94	-0.44	788123.2217432223
164	73.94	-0.02	788018.9172694392
165	73.94	0.64	790357.6993743073
166	73.94	0.68	786309.3530597033
167	73.94	0.48	783438.8754286182
168	73.94	0.48	779279.4425353631
169	73.94	-0.18	774706.1827994101
170	73.94	-0.16	771734.7917469761
171	73.62	1.26	771612.964904278
172	73.62	1.72	773093.5738518441
173	73.62	1.5	773096.964904278
174	73.62	1.3	774594.5291140142
175	73.62	1.32	775869.9201664482
176	73.62	1.3	774291.7888499671
177	73.62	1.74	770374.875428618
178	73.62	1.32	770909.9620072689
179	73.62	2.44	770681.0067450989
180	73.62	2.24	769944.09332375
181	73.62	2.46	764300.6604304948
182	73.62	2.7	757509.8783256268
183	73.62	2.88	754104.3141158909
184	73.62	2.9	755383.0962207589
185	73.62	3.56	756019.0962207589
186	73.62	4.44	753576.0096421078
187	73.62	4.42	752845.8783256267
188	73.62	4.42	749012.9230634567
189	73.68	4.14	750970.7917469757
190	73.68	4.36	744267.3588537207
191	73.68	4.14	744270.7499061547
192	73.68	4.36	741514.7499061547
193	73.68	4.14	739169.1856964186
194	73.68	4.8	739280.2722750696
195	73.68	4.82	736833.7946439848
196	73.68	4.38	737382.4454323718
197	73.68	4.36	736207.9678012867
198	73.68	3.92	737271.3588537207
199	73.68	2.6	731749.1856964187
200	73.68	1.72	729824.2304342487
201	73.68	1.72	729393.4483293807
202	73.68	2.38	727148.7975409937
203	73.68	2.38	723544.7975409937
204	73.68	1.52	726634.0572769466
205	73.68	1.1	722175.2751720786
206	73.68	1.1	725792.8393818146
207	73.68	1.32	729733.4901702016
208	73.68	1.08	723888.2304342486
209	73.68	1.76	717719.8841196444
210	73.68	1.98	713237.3646477383
211	73.68	1.74	710471.1914904363
212	73.68	1.98	706446.5825428703
213	73.68	1.32	703041.0183331344
214	73.68	0.46	699325.9317544834
215	73.68	0.46	693571.4122825773
216	73.68	0.22	692612.3257039263
217	73.68	0.18	696028.0630709644
218	73.68	0.4	697310.2362282664
219	73.68	1.5	705073.6691215214
220	73.68	1.72	710831.5796458615
221	74.0	0.08	711929.4483293806
222	74.0	0.08	706838.0572769466
223	74.0	0.08	702150.3199099085
224	74.0	0.08	702049.4064885594
225	74.0	0.3	698442.0154361255
226	74.0	0.54	700578.9706982955
227	74.0	0.32	702389.4483293806
228	74.0	0.1	702507.3170128997
229	74.0	-0.34	697193.7528031637
230	74.0	-0.54	692297.4064885596
231	74.0	0.1	691651.2333312576
232	74.0	-0.12	696012.4930672107
233	74.0	-0.3	695790.3199099085
234	74.0	-1.18	693337.0601739554
235	74.0	-1.84	694518.3199099085
236	74.0	-1.84	690049.3646477385
237	74.0	-2.48	685799.1914904364
238	74.0	-2.04	681125.0183331345
239	74.0	-2.24	674112.0630709645
240	74.0	-2.24	673159.7585971814
241	74.0	-1.6	666668.3257039264
242	74.0	-2.02	663373.8480728414
243	74.0	-2.46	660291.3704417564
244	74.0	-2.24	658918.4570204074
245	74.0	-2.02	655300.8928106714
246	74.0	-2.44	651040.5464960673
247	74.0	-1.76	646696.2420222843
248	74.0	-1.1	642553.7643911992
249	74.0	-0.22	641806.6778125482
250	74.0	0.0	642977.7643911992
251	74.0	0.0	637869.4180765952
252	74.0	-0.44	641177.4599174163
253	74.0	-0.44	635530.6359717272
254	74.0	0.22	634679.2449192931
255	74.0	0.44	633626.0270241612
256	74.0	0.22	627137.9851833401
257	74.0	-0.44	621403.8120260381
258	74.0	-0.42	620979.8120260381
259	74.0	-0.64	622258.594130906
260	74.0	-0.42	629604.8091290292
261	74.0	0.48	631428.8509698502
262	74.0	-0.4	635473.8062320203
263	74.0	-0.4	640804.3257039263
264	74.0	0.04	641430.1525466243
265	74.0	0.26	641756.6301777094
266	74.0	0.06	637506.4570204073
267	74.0	-0.12	634208.5883368882
268	74.0	0.32	629843.9375485012
269	74.0	0.32	628689.8062320201
270	74.0	-0.34	619109.113602812
271	74.0	0.54	619422.0270241611
272	74.0	0.54	615474.5941309059
273	74.0	0.98	615047.2030784719
274	74.0	0.98	609814.2059754808
275	74.0	1.42	608424.3372919619
276	74.0	1.2	607889.2507133108
277	74.0	0.32	612156.3791327829
278	74.0	0.32	603315.9909773578
279	74.0	0.52	610759.7283443959
280	74.0	0.96	610443.4238706129
281	74.0	0.76	608532.0328181789
282	74.0	0.76	609568.2954511408
283	74.0	0.98	606381.5133462728
284	74.0	2.06	606172.9043987067
285	74.0	2.94	608703.3401889707
286	74.0	2.72	614336.5999249237
287	74.0	2.94	613899.0357151877
288	74.0	3.36	618899.6865035747
289	74.0	3.56	617715.0357151877
290	74.0	3.78	622274.7312414047
291	73.56	4.44	622601.8178200558
292	73.56	4.44	625344.2536103197
293	73.56	5.1	627033.4715054517
294	73.56	5.1	630644.2536103198
295	73.12	5.76	628841.1670316688
296	73.12	6.2	635315.6446627539
297	73.12	6.2	634662.6894005839
298	73.12	5.98	635184.2117694988
299	73.12	6.2	631667.5609811117
300	73.12	7.08	625600.1280878567
301	73.12	7.06	625394.9101927248
302	73.12	6.18	619330.8683519037
303	73.12	5.96	621026.8683519037
304	73.12	6.18	619101.9130897337
305	73.12	6.4	616746.1757226955
306	73.12	6.62	615571.6980916106
307	73.12	6.62	613539.0473032235
308	73.12	6.62	611408.8741459214
309	73.12	7.06	614460.8323051004
310	73.12	7.06	609766.3128331944
311	73.12	6.4	604227.1844137223
312	73.12	7.06	594219.1007320802
313	73.12	7.28	588454.408102872
314	73.12	7.5	584739.321524221
315	73.04	8.02	582844.5394193529
316	73.04	8.24	584008.8438931359
317	73.04	8.66	578792.8020523149
318	73.04	8.22	575387.2378425788
319	72.9	8.78	569613.0228444558
320	72.9	9.22	571086.8496871537
321	72.9	9.0	561607.0704792945
322	72.9	8.78	565756.3302152476
323	72.9	9.0	569158.5033725495
324	72.9	9.22	566829.8944249836
325	72.9	9.22	569272.9810036346
326	72.9	9.0	564359.6794268605
327	72.9	10.1	552739.5539043973
328	72.9	10.32	559883.9420598224
329	72.9	10.12	551790.6404830483
330	72.9	9.68	547641.3807470952
331	72.9	9.68	545941.9896946612
332	72.9	9.68	541059.2075897933
333	72.9	9.02	546046.2941684442
334	72.9	8.82	544770.9031160102
335	72.9	8.16	537125.3389062743
336	72.9	8.16	533410.2523276233
337	72.9	8.38	540083.1657489722
338	72.9	7.74	538154.8194343682
339	72.9	7.52	540493.6015392363
340	72.9	7.3	541762.2104868023
341	73.34	6.0	543975.7328557172
342	73.34	6.22	546624.0373295002
343	73.34	6.0	544709.2552246321
344	73.34	5.56	539166.735752726
345	73.78	4.68	541814.431278943
346	73.78	4.88	539458.6939119048
347	73.78	4.88	549419.3028594708
348	73.78	4.88	555681.7804905558
349	73.78	5.1	563754.7357527259
350	73.78	5.1	567156.9089100279
351	73.78	5.12	569495.6910148959
352	73.78	6.0	574270.777593547
353	73.78	6.44	576720.646277066
354	73.78	6.22	578406.473119764
355	73.78	5.78	580099.0820673299
356	73.78	5.56	580735.0820673299
357	73.78	6.0	583386.7775935469
358	73.78	6.22	588060.950750849
359	73.78	6.22	581276.950750849
360	73.78	6.66	581064.950750849
361	73.78	7.1	580213.5596984149
362	73.78	7.08	584238.1686459809
363	73.78	6.86	588390.8194343679
364	73.66	7.64	590216.0373294998
365	73.74	6.9	594540.3418032828
366	73.74	6.24	598575.1239081509
367	73.74	5.82	604830.8194343679
368	73.74	6.04	608344.079170321
369	73.88	5.26	612923.470222755
370	73.88	5.26	617392.425484925
371	73.88	5.26	621003.2075897931
372	73.88	5.48	619509.0344324912
373	73.88	5.04	614723.7746965381
374	73.88	5.26	616847.1657489721
375	73.88	5.48	613868.9925916701
376	73.88	6.12	614407.4702227551
377	73.88	6.1	617607.8165373593
378	73.88	6.32	610470.2104868022
379	73.88	6.32	611856.6881178872
380	73.88	6.54	613135.4702227553
381	73.88	6.1	615376.7299587083
382	73.88	5.88	613041.3389062743
383	73.88	6.32	608168.7299587083
384	73.88	6.52	610409.9896946612
385	73.88	6.52	611049.3807470952
386	73.88	6.96	613266.9031160102
387	73.88	6.96	604049.9896946613
388	73.88	6.96	600449.3807470953
389	73.88	7.18	602589.7270616994
390	73.88	7.4	598346.3360092654
391	73.88	7.4	599312.2046927843
392	73.88	6.96	596906.4196909075
393	73.38	8.12	595605.5062695586
394	73.38	7.68	594875.3749530776
395	73.38	7.66	592963.9839006435
396	73.38	7.68	587771.6794268605
397	73.38	7.66	576643.3749530776
398	73.38	7.88	568691.6794268605
399	73.38	7.22	564441.5062695586
400	73.38	7.2	564444.8973219926
401	73.38	6.76	562106.1152171246
402	73.38	7.42	565306.4615317286
403	73.38	7.86	565838.1570579456
404	73.38	8.3	562668.3302152477
405	73.38	8.3	561292.0257414647
406	72.8	9.74	561599.4167938987
407	72.8	9.74	563719.4167938987
408	72.8	9.52	563086.8078463327
409	72.8	9.52	566694.1988987667
410	72.8	9.3	566381.2854774178
411	72.8	9.08	566172.6765298517
412	72.8	9.32	567145.3273182388
413	72.8	9.98	565449.3273182388
414	72.92	9.2	568399.1960017579
415	72.92	9.62	569159.8467901449
416	72.92	9.84	568210.933368796
417	72.92	9.62	568009.106526098
418	72.92	9.4	567366.32442123
419	72.92	9.4	563230.628895013
420	72.92	9.82	562480.151263928
421	72.92	10.26	564930.019947447
422	72.72	10.88	570103.6259980041
423	72.72	11.32	573085.1902077402
424	72.72	10.66	571382.4081028721
425	72.72	10.66	579034.7544174761
426	72.72	10.68	578190.1454699101
427	72.72	10.7	578721.8409961271
428	72.72	10.92	580848.6231009951
429	72.72	10.48	581811.1007320802
430	72.72	10.48	584893.5783631651
431	72.72	10.92	590617.5783631651
432	72.72	11.12	594749.882836948
433	72.72	10.9	598256.360468033
434	72.72	10.48	596442.491784514
435	72.72	10.9	596011.7096796461
436	72.72	10.66	593043.7096796461
437	72.72	11.1	599518.187310731
438	72.72	11.76	608038.8799399392
439	72.72	11.12	606854.2291515522
440	72.72	11.1	606756.7067826372
441	72.72	11.3	601446.5336253352
442	72.72	11.74	597714.4917845142
443	73.22	10.78	600724.9694155991
444	73.22	11.44	602309.8828369481
445	73.22	10.8	601677.2738893821
446	73.22	10.8	603171.4470466842
447	73.22	10.82	605826.5336253353
448	73.22	10.38	607835.4470466843
449	73.22	10.6	606778.8380991184
450	73.22	10.62	604123.7515204675
451	73.22	10.62	605288.0559942503
452	73.22	9.96	601128.6231009953
453	73.22	9.52	599207.0588912593
454	73.22	9.52	600802.1454699102
455	73.22	9.52	600492.6231009953
456	73.8	8.52	599980.0141534293
457	73.8	8.52	596379.4052058633
458	73.8	8.74	592869.5365223442
459	73.8	8.52	587885.8409961272
460	73.8	8.08	585341.8409961272
461	73.8	7.86	584813.5365223442
462	73.8	7.42	580448.8857339572
463	73.8	6.98	576313.1902077402
464	73.8	6.76	571427.0170504381
465	73.8	6.34	567496.5394193531
466	73.8	7.0	567607.6259980041
467	73.48	8.2	565150.4081028721
468	73.48	8.2	566543.6678388251
469	73.48	8.42	568781.5365223441
470	73.48	8.22	568687.4052058631
471	72.82	9.1	567638.4917845142
472	73.02	7.82	563528.276786391
473	73.02	7.6	561717.7991553061
474	73.02	8.26	567889.5365223442
475	73.02	8.26	567670.7544174761
476	73.02	8.26	570746.4499436931
477	73.02	8.48	574868.5812601742
478	73.02	7.8	574333.4946815232
479	73.02	8.68	577944.2767863912
480	73.02	8.24	577527.0588912593
481	73.02	7.8	571799.6678388253
482	73.02	8.24	570012.9275747783
483	73.02	8.22	567576.6231009953
484	73.02	8.44	570558.1873107314
485	73.02	8.68	573216.6649418164
486	73.02	8.7	576834.2291515523
487	73.02	8.48	576201.6202039863
488	73.02	8.48	572143.1007320802
489	73.02	8.26	568740.9275747781
490	73.02	7.84	570440.3186272121
491	72.14	9.4	570986.7962582972
492	72.14	9.4	574496.6649418161
493	72.14	9.4	578753.6202039862
494	72.14	9.62	579184.4023088542
495	72.14	9.84	578760.4023088542
496	71.98	10.44	584871.2262545432
497	71.98	10.44	590830.9636215813
498	71.98	10.66	590945.4412526663
499	71.98	11.08	594132.2233575343
500	71.98	11.08	596898.3965148362
501	71.98	11.3	594569.7875672702
502	71.98	11.96	592247.9607245722
503	71.98	11.52	591410.1338818743
504	71.98	11.3	589279.9607245722
505	71.98	11.74	591723.0473032233
506	71.98	11.94	594485.8294080913
507	71.98	12.16	602895.4354586484
508	71.98	12.16	604823.7817732524
509	71.98	11.72	610046.6057189414
510	71.98	11.72	612072.4744024605
511	71.98	12.14	611745.9967713754
512	71.98	12.58	616962.0386121966
513	71.98	12.36	619290.6475597625
514	71.98	12.14	618553.7341384136
515	71.06	13.68	616130.3430859796
516	71.06	13.9	618045.1251908476
517	71.38	12.92	621892.2117694985
518	71.38	13.12	624547.2983481496
519	71.38	12.68	623366.0386121966
520	71.38	13.12	623466.9520335456
521	72.04	12.02	625582.6475597626
522	72.04	12.9	633164.5999249237
523	72.04	12.46	631468.5999249237
524	72.04	12.46	627968.9043987067
525	72.04	12.46	627649.2088724897
526	72.04	12.46	623819.6446627537
527	72.04	12.22	618411.9491365367
528	72.04	12.68	620219.0357151877
529	72.04	12.46	616066.3849268006
530	72.04	13.12	620309.7759792346
531	72.04	13.56	621477.4715054516
532	72.04	13.36	619451.6028219326
533	72.04	13.6	620191.9072957156
534	72.04	13.82	621564.8207170645
535	72.04	13.34	621568.2117694985
536	72.04	13.54	624135.9491365367
537	72.04	13.76	623927.3401889707
538	72.04	13.52	622446.7312414047
539	72.04	13.96	621080.5999249237
540	72.04	14.18	619808.5999249237
541	72.92	12.42	624269.5551870938
542	72.92	11.98	622146.1641346598
543	72.92	12.0	615658.1222938388
544	72.92	11.56	616193.2088724897
545	72.92	11.78	615658.1222938388
546	73.08	11.18	607420.5162432817
547	73.08	10.96	599340.7788762436
548	73.08	10.96	594666.6057189417
549	73.08	10.54	590736.1280878566
550	73.08	10.1	587549.3459829886
551	73.08	9.88	588185.3459829886
552	73.08	9.88	590732.7370354226
553	73.08	10.54	595090.6057189417
554	73.08	10.32	594033.9967713756
555	73.08	10.1	593721.0833500266
556	73.08	9.68	592873.0833500266
557	73.08	9.9	584136.9996683844
558	73.08	10.12	585933.9130897335
559	73.08	10.78	588700.0862470355
560	73.08	11.0	587091.4354586485
561	73.08	10.58	587202.5220372996
562	73.08	10.36	585496.3488799976
563	73.08	10.8	583793.5667751296
564	73.08	11.46	587404.3488799976
565	74.0	10.14	594390.8265110826
566	74.0	9.46	591944.3488799976
567	74.0	9.9	591099.7399324316
568	74.0	9.7	589181.5667751296
569	74.0	9.92	587162.4801964785
570	74.0	9.04	583124.3070391766
571	74.0	9.04	579503.3517770065
572	74.0	8.16	571073.3994118454
573	74.0	7.94	571282.0083594113
574	74.0	7.72	569986.2709923732
575	74.0	7.94	563821.3157302032
576	74.0	7.94	565843.7933612883
577	74.0	7.72	566476.4023088543
578	74.0	7.72	564982.2291515522
579	74.0	6.84	566573.9246777692
580	74.0	5.72	561993.8828369481
581	74.0	5.94	560287.7096796461
582	74.0	6.16	563262.4917845142
583	74.0	6.6	566977.5783631651
584	74.0	6.16	564423.4052058631
585	74.0	6.2	564413.2320485611
586	74.0	6.0	563009.799155306
587	74.0	5.56	561088.23494557
588	74.0	4.92	562249.148366919
589	74.0	4.9	563941.757314485
590	74.0	5.34	567111.5841571831
591	74.0	5.34	561888.7602114939
592	74.0	5.78	563470.2825804088
593	74.0	6.0	564099.5004755409
594	74.0	6.0	563773.0228444558
595	74.0	6.22	568652.4138968899
596	74.0	5.56	570560.4138968899
597	74.0	5.78	577129.0228444559
598	74.0	6.18	585619.1960017579
599	74.0	5.96	588065.673632843
600	74.0	6.4	588799.1960017579
601	74.0	7.06	590293.3691590598
602	74.0	6.62	588493.0646852768
603	74.0	6.4	583704.4138968898
604	74.0	6.84	583485.6317920217
605	74.0	7.06	582523.1541609367
606	74.0	7.06	580389.5899512006
607	74.0	6.84	582630.8496871537
608	74.0	6.4	581140.0675822857
609	74.0	5.74	573884.5928482095
610	74.0	5.52	572188.5928482095
611	74.0	5.92	575267.6794268605
612	74.0	6.14	573251.9839006435
613	74.0	5.92	573356.2883744265
614	74.0	4.8	568581.2017957756
615	74.0	5.02	567416.8973219926
616	74.0	5.68	569213.8107433416
617	74.0	5.02	564630.3778500864
618	74.0	5.46	566844.5091665674
619	74.0	5.9	577027.2912714354
620	74.0	6.34	580200.5091665674
621	74.0	6.56	582004.2046927843
622	74.0	7.0	581045.1181141334
623	74.0	7.66	585948.2465336055
624	74.0	7.88	587011.6375860396
625	74.0	7.22	586271.3331122566
626	74.0	7.22	587553.5062695586
627	74.0	7.46	586920.8973219926
628	74.0	7.24	585228.2883744267
629	74.0	8.12	582364.5928482097
630	74.0	8.8	582899.6794268606
631	74.0	8.36	583226.1570579456
632	74.0	8.36	583115.0704792946
633	74.0	8.14	578858.1152171247
634	74.0	8.14	577794.7241646907
635	74.0	8.58	577582.7241646907
636	74.0	8.58	573117.1599549546
637	74.0	8.58	569506.3778500867
638	74.0	8.8	569190.0733763037
639	74.0	9.04	574836.8973219927
640	74.0	9.02	569213.8107433416
641	74.0	9.02	574830.1152171246
642	74.0	8.8	575355.0286384736
643	74.0	8.58	575785.8107433417
644	74.0	9.02	572599.0286384736
645	74.0	9.02	577155.3331122565
646	74.0	9.9	583757.8525841626
647	74.0	9.68	577502.1570579456
648	74.0	8.4	568688.8973219926
649	74.0	8.62	564539.6375860395
650	74.0	8.16	561887.9420598225
651	74.0	7.5	559222.6823238694
652	74.0	7.28	561638.6404830483
653	74.0	7.28	562278.0315354824
654	74.0	7.06	567184.5510073885
655	74.0	7.06	564526.0733763034
656	74.0	7.28	566437.4644287375
657	74.0	7.06	566969.1599549545
658	74.0	7.06	571525.4644287375
659	74.0	7.5	575772.2465336056
660	74.0	7.5	577138.3778500865
661	74.0	7.32	580203.9002190015
662	74.0	7.32	585086.6823238694
663	74.0	7.54	592405.7689025205
664	74.0	8.44	595683.2912714354
665	74.0	8.0	597682.0315354824
666	74.0	7.14	591628.1628519633
667	74.0	7.36	589292.7717995293
668	74.0	6.7	583996.1628519633
669	74.0	6.48	572006.2941684442
670	74.0	6.46	573308.8136403504
671	74.0	6.02	578760.5928482095
672	74.0	6.02	581213.8525841625
673	74.0	5.36	574183.9420598224
674	74.0	4.92	574096.5928482094
675	74.0	5.14	573999.0704792945
676	74.0	4.9	569634.4196909075
677	74.0	4.9	572289.5062695584
678	74.0	5.12	574510.4196909074
679	74.0	4.9	573975.3331122563
680	74.0	4.24	571639.9420598223
681	74.0	4.24	570458.6823238692
682	74.0	3.58	566958.9867976522
683	74.0	3.36	568251.3331122563
684	74.0	3.58	569654.7660055114
685	74.0	3.36	571801.8944249834
686	74.0	3.58	576072.4138968894
687	74.0	3.8	579996.1094231064
688	74.0	4.24	579891.8049493234
689	74.0	4.44	572330.1988987663
690	74.0	4.46	573713.2854774174
691	74.0	4.68	571068.3720560685
692	74.0	5.12	567992.6765298515
693	74.0	4.9	568514.1988987664
694	74.0	4.02	569476.6765298515
695	74.0	4.02	566323.8049493235
696	74.0	4.02	563856.9810036345
697	74.0	4.02	566199.1541609366
698	74.0	5.34	571738.2825804087
699	74.0	5.78	573225.6736328427
700	74.0	6.24	576197.0646852767
701	74.0	6.9	577156.1512639277
702	74.0	7.32	578781.7573144849
703	74.0	7.76	579956.2349455699
704	74.0	7.76	575268.4975785319
705	73.86	8.32	576517.4109998808
706	73.86	8.3	578644.1931047487
707	73.86	8.52	582911.3215242209
708	73.58	9.44	577370.1036290888
709	73.58	9.66	575896.2767863908
710	73.58	10.1	579513.8409961269
711	73.58	10.54	574856.623100995
712	73.58	10.32	573584.623100995
713	73.58	10.32	571158.4917845139
714	73.58	10.32	576990.1873107309
715	73.58	10.54	574442.7962582969
716	73.58	10.98	580729.01125642
717	73.28	11.94	585537.9665185901
718	73.28	12.38	584158.2709923731
719	73.28	11.94	585655.8352021092
720	73.28	11.96	582573.3575710241
721	73.28	12.16	572982.4917845139
722	73.28	12.6	568728.927574778
723	73.28	13.48	571384.014153429
724	73.28	13.7	568287.9723126079
725	73.28	13.26	569129.19020774
726	73.28	13.26	570199.363365042
727	73.28	12.82	564468.581260174
728	73.28	12.82	564051.363365042
729	73.28	13.04	563957.2320485611
730	73.28	13.04	562574.14546991
731	73.28	13.26	564165.8409961271
732	73.28	13.92	566612.3186272121
733	73.28	13.7	564795.058891259
734	73.28	13.48	560420.2349455699
735	73.28	13.04	560302.3662620508
736	73.28	12.16	558703.8886309658
737	73.28	11.94	558613.1483669189
738	73.28	11.92	556277.7573144849
739	73.28	11.72	566716.6231009951
740	73.28	11.72	567884.3186272121
741	72.6	13.06	564552.927574778
742	72.6	12.84	565303.405205863
743	72.6	12.4	564354.491784514
744	72.6	13.06	566050.491784514
745	72.6	13.28	563475.9723126079
746	72.6	13.06	561682.4499436929
747	72.6	13.28	561258.4499436929
748	72.6	12.84	557745.1902077398
749	72.6	12.4	560195.0588912589
750	72.6	12.62	563593.840996127
751	72.6	12.18	572437.6202039861
752	72.6	11.76	572976.097835071
753	72.6	11.54	571381.01125642
754	72.6	11.54	572229.01125642
755	72.74	11.2	574166.8799399391
756	72.74	11.44	569496.0978350712
757	72.74	11.22	562567.10073208
758	73.02	10.3	563242.491784514
759	73.02	9.86	558564.9275747781
760	73.02	10.04	552837.5365223441
761	73.02	10.04	556781.5783631651
762	73.02	10.48	554018.7962582972
763	73.02	10.04	548486.449943693
764	73.02	9.82	540322.754417476
765	73.02	9.6	539484.9275747781
766	73.02	9.82	536910.408102872
767	73.32	9.08	534652.23494557
768	73.32	8.86	538165.4946815231
769	73.32	9.08	539020.276786391
770	73.32	9.08	539753.7991553061
771	73.32	9.1	547698.7125766551
772	73.32	8.86	550034.1036290891
773	73.32	8.42	551834.4081028721
774	73.32	8.2	555337.4946815232
775	73.32	9.06	558527.6678388251
776	73.32	8.86	563090.7544174761
777	73.32	8.86	569245.5365223441
778	73.32	8.2	569558.449943693
779	73.32	8.2	568272.8857339569
780	73.32	8.86	568700.276786391
781	73.32	8.2	565940.8857339569
782	73.32	7.76	563915.017050438
783	73.32	8.2	563056.8438931359
784	73.32	8.42	564651.9304717869
785	73.32	8.42	562198.6707358339
786	73.32	9.08	559846.3244212299
787	73.32	9.5	557928.1512639279
788	73.32	9.3	561421.064685277
789	73.32	9.3	550978.8078463327
790	73.32	8.64	548428.0257414647
791	74.0	7.74	553253.5899512008
792	74.0	7.52	553240.0257414647
793	74.0	7.74	552492.9391628136
794	74.0	7.3	551527.0704792945
795	74.0	6.86	549299.3749530775
796	74.0	6.2	547704.2883744265
797	74.0	5.98	549282.4196909075
798	74.0	6.2	550332.2465336054
799	74.0	6.2	550002.3778500863
800	74.0	5.54	548191.9002190012
801	74.0	5.32	540189.3389062741
802	74.0	5.32	534108.341803283
803	74.0	5.32	535272.646277066
804	74.0	5.1	536332.646277066
805	74.0	4.88	536023.1239081509
806	74.0	4.44	537937.9060130189
807	73.46	5.64	536961.6015392359
808	73.46	5.64	534935.732855717
809	73.46	6.3	543883.816537359
810	73.46	5.68	547188.4673257461
811	73.46	5.24	540266.252327623
812	73.46	4.58	538994.252327623
813	73.46	4.8	541864.729958708
814	73.46	5.24	543776.121011142
815	73.46	5.46	543463.207589793
816	73.18	6.18	541101.9896946611
817	73.18	5.74	541744.7717995291
818	73.18	6.18	540132.7299587079
819	73.18	5.96	540119.165748972
820	73.18	6.18	540647.4702227549
821	73.18	5.96	534398.556801406
822	73.18	5.98	534613.94785384
823	73.18	5.98	532601.643380057
824	73.18	5.98	534415.5120635759
825	73.18	6.0	531969.0344324909
826	73.18	6.44	531743.4702227549
827	73.18	6.66	525578.5149605848
828	73.02	7.92	528182.8612751889
829	73.02	7.7	528401.643380057
830	73.02	7.7	530413.9478538398
831	73.02	8.14	531275.5120635759
832	73.02	7.92	529572.7299587079
833	72.56	8.82	529542.294168444
834	72.56	8.6	530817.685220878
835	72.56	8.6	528805.380747095
836	72.56	8.6	527637.685220878
837	72.56	8.18	526369.076273312
838	72.56	8.62	523300.16285196296
839	72.56	8.4	524158.33600926504
840	72.56	8.62	523730.94495683105
841	72.56	8.18	520002.294168444
842	72.56	8.62	516505.989694661
843	72.04	10.02	517071.85837818007
844	72.04	10.46	517926.6404830481
845	72.04	10.46	518364.2046927842
846	72.04	11.1	519000.2046927842
847	72.04	11.1	518374.37785008625
848	72.04	10.66	516792.8554811713
849	72.04	10.88	517015.02863847336
850	72.04	11.1	517768.89732199244
851	72.04	11.54	518203.0704792945
852	72.04	12.18	520538.46153172856
853	72.04	11.96	519892.28837442654
854	71.78	12.88	518100.5928482095
855	71.78	13.1	516391.02863847354
856	71.78	13.32	515845.7689025205
857	72.32	12.56	518935.2912714354
858	72.32	12.34	518931.9002190014
859	72.32	12.12	514244.16285196337
860	72.32	12.78	513473.33890627424
861	72.32	12.78	518137.33890627424
862	72.32	12.56	517810.86127518915
863	72.32	13.0	520139.47022275516
864	72.32	12.78	522999.77469653817
865	72.32	13.0	523622.2104868021
866	72.6	12.04	523759.123908151
867	72.6	12.26	521952.0373295
868	72.6	12.04	520575.73285571707
869	72.6	11.82	520151.73285571707
870	72.6	11.38	516440.0373295001
871	72.6	11.82	516335.7328557172
872	72.6	11.38	513246.4731197641
873	72.6	11.38	516238.2104868022
874	72.6	11.6	516870.8194343682
875	72.6	11.16	518469.29706545325
876	72.6	10.28	516133.9060130192
877	72.6	10.5	519643.7746965383
878	72.76	9.68	516191.42838193424
879	72.76	9.68	522968.64627706615
880	72.76	9.46	522544.64627706615
881	72.76	9.46	525421.9060130193
882	72.76	9.46	526492.0791703213
883	73.22	8.56	527589.2970654533
884	73.22	8.34	526748.0791703213
885	72.92	9.52	525065.6015392363
886	72.92	9.52	526976.9925916702
887	72.92	9.3	535289.0762733123
888	72.92	9.08	536463.5539043973
889	72.92	9.08	536887.5539043973
890	72.92	9.52	540081.1181141334
891	72.92	9.96	549096.2046927845
892	72.92	9.3	550580.2046927845
893	73.44	8.34	555422.0315354824
894	73.44	8.34	555627.2494306143
895	73.44	8.12	559325.3807470952
896	73.44	7.92	557511.5120635763
897	73.44	8.14	563171.9002190013
898	73.44	8.56	563494.9867976523
899	73.44	8.12	559137.1181141332
900	73.44	8.34	554567.2494306142
901	73.44	8.34	552013.0762733121
902	73.44	8.12	551915.5539043971
903	73.16	9.06	553255.8583781801
904	73.42	7.92	555256.1628519631
905	73.42	7.68	560364.5091665671
906	73.42	7.46	561643.2912714352
907	73.42	7.46	566307.2912714352
908	73.42	7.66	570015.5957452182
909	73.42	7.88	570096.1628519631
910	73.42	7.66	571795.5539043971
911	73.42	7.88	575732.8136403501
912	73.42	8.52	578922.9867976522
913	73.18	8.98	571135.5957452182
914	73.18	8.98	565199.5957452182
915	73.18	8.98	563409.4644287373
916	73.18	9.44	568288.8554811713
917	73.18	9.44	571472.2465336053
918	73.18	9.44	573279.3331122563
919	73.18	10.1	576038.7241646904
920	73.18	10.08	578687.0286384734
921	73.18	9.86	579864.8973219923
922	73.18	10.08	582620.8973219923
923	73.18	10.3	578993.1599549543
924	73.18	10.08	575500.2465336053
925	73.18	10.52	575278.0733763032
926	73.18	11.62	575183.9420598223
927	73.18	11.84	574655.6375860393
928	73.18	12.28	576348.2465336053
929	73.18	12.5	575819.9420598223
930	73.18	13.16	576136.2465336053
931	73.18	13.36	576331.2912714352
932	73.18	13.8	578868.5091665671
933	73.18	13.58	577912.8136403501
934	73.18	14.24	575351.8583781801
935	73.48	13.7	580860.5091665671
936	73.48	13.48	578841.4225879161
937	73.48	13.7	570414.861275189
938	73.48	13.04	567638.5149605848
939	73.48	13.26	571235.7328557168
940	73.48	13.04	575169.6015392358
941	73.48	12.82	572302.5149605848
942	73.48	13.26	571451.1239081508
943	73.48	12.82	569122.5149605848
944	73.48	12.6	568597.6015392359
945	73.48	12.6	563193.2970654529
946	73.48	12.82	564256.6881178869
947	73.48	12.8	555197.5178575937
948	73.48	12.6	557950.1268051597
949	73.48	12.82	563788.6044362447
950	73.48	12.58	566871.0820673298
951	73.48	12.8	571228.9507508489
952	73.48	12.6	570798.1686459809
953	73.76	11.88	570740.0373295
954	73.76	12.3	572341.9060130189
955	73.76	12.3	568714.1686459808
956	73.76	12.3	570309.2552246318
957	73.76	12.08	564268.9507508487
958	73.76	12.32	562041.2552246318
959	73.76	11.44	559917.8641721978
960	73.76	11.22	560988.0373294998
961	73.76	11.22	556838.7775935468
962	73.76	11.02	558326.1686459808
963	74.0	10.12	558794.4731197638
964	74.0	10.12	563572.9507508487
965	74.0	9.46	562183.0820673298
966	74.0	9.02	559854.4731197638
967	74.0	9.0	558050.7775935468
968	74.0	9.0	557943.0820673298
969	74.0	8.78	556459.0820673298
970	74.0	9.02	556354.7775935468
971	74.0	9.02	554961.5178575937
972	74.0	9.22	557404.6044362447
973	74.0	9.44	560059.6910148957
974	74.0	9.64	560160.6044362447
975	74.0	9.42	557192.6044362447
976	74.0	8.76	554429.8223313767
977	74.0	8.1	551767.9536478576
978	74.0	7.42	550603.6491740746
979	74.0	6.76	546474.7357527256
980	74.0	6.3	543829.8223313767
981	74.0	5.88	539586.4312789427
982	74.0	5.44	538425.5178575938
983	74.0	5.44	538529.8223313767
984	74.0	5.0	538105.8223313767
985	74.0	4.8	536611.6491740748
986	74.0	4.36	536180.8670692068
987	74.0	4.36	536611.6491740749
988	74.0	4.36	536086.7357527259
989	74.0	4.58	532903.3447002919
990	74.0	4.58	528218.9983856878
991	74.0	4.58	525476.5625954239
992	74.0	4.14	526331.344700292
993	74.0	4.14	521987.040226509
994	74.0	4.14	520082.431278943
995	74.0	4.56	524763.3865411131
996	74.0	4.34	522434.7775935472
997	74.0	4.14	524349.5596984152
998	74.0	3.7	522222.77759354725
999	74.0	3.7	522855.38654111326
1000	74.0	3.92	525924.2999624622
1001	74.0	3.26	521462.12680516014
1002	74.0	3.26	517743.64917407505
1003	74.0	3.04	515515.95364785806
1004	74.0	3.24	515835.64917407505
1005	74.0	2.6	512228.258121641
1006	74.0	2.82	508832.86706920696
1007	74.0	2.16	507984.86706920696
1008	74.0	1.94	506830.73575272603
1009	74.0	2.16	505252.6044362451
1010	74.0	2.58	499205.5178575941
1011	74.0	1.92	495073.2133838111
1012	74.0	2.36	490833.2133838111
1013	74.0	2.58	497634.1686459812
1014	74.0	2.8	498909.55969841516
1015	74.0	2.8	498061.55969841516
1016	74.0	2.8	498488.95075084915
1017	74.0	3.04	497849.55969841516
1018	74.0	3.04	497428.95075084915
1019	74.0	2.82	497849.5596984151
1020	74.0	2.6	501342.4731197641
1021	74.0	2.6	505380.64627706615
1022	74.0	2.4	503166.5149605852
1023	74.0	2.16	500831.1239081512
1024	74.0	2.18	500511.4283819342
1025	74.0	2.18	500084.0373295001
1026	74.0	2.4	502954.51496058516
1027	74.0	2.62	504240.07917032123
1028	74.0	2.86	505953.0344324913
1029	74.0	3.3	507342.9031160103
1030	74.0	3.52	508079.8165373592
1031	74.0	3.74	509991.2075897932
1032	74.0	3.74	509038.9031160102
1033	74.0	3.94	511596.46732574626
1034	74.0	3.94	516708.20469278435
1035	74.0	3.94	515338.6823238693
1036	74.0	4.58	523411.6375860394
1037	74.0	4.58	525211.9420598224
1038	74.0	4.8	527658.4196909074
1039	74.0	4.14	528634.4615317284
1040	74.0	3.92	528752.3302152475
1041	74.0	3.26	528436.0257414645
1042	74.0	3.7	528866.8078463324
1043	74.0	4.1	534176.9810036344
1044	74.0	4.1	538743.4586347194
1045	74.0	3.9	534600.9810036344
1046	74.0	4.12	539285.3273182384
1047	74.0	3.9	538969.0228444554
1048	74.0	4.12	537168.7183706724
1049	74.0	4.34	536633.6317920214
1050	74.0	4.34	532720.1094231064
1051	74.0	4.56	534318.5870541915
1052	74.0	4.56	535917.0646852766
1053	74.0	4.56	539319.2378425786
1054	74.0	4.16	535705.0646852766
1055	74.0	4.16	538360.1512639277
1056	74.0	3.28	540271.5423163617
1057	74.0	3.5	540382.6288950128
1058	74.0	3.72	538891.8467901447
1059	74.0	3.92	537828.4557377107
1060	74.0	3.72	540056.1512639277
1061	74.0	4.16	544094.3244212298
1062	74.0	3.26	542916.4557377107
1063	74.0	3.26	540786.2825804087
1064	74.0	3.04	536327.5004755408
1065	74.0	3.26	536226.5870541919
1066	74.0	3.26	532609.0228444558
1067	74.0	2.82	533026.2407395877
1068	74.0	2.8	534725.6317920217
1069	74.0	2.8	531656.7183706728
1070	74.0	3.02	530509.3691590597
1071	74.0	3.0	526689.9781066257
1072	74.0	3.22	524882.8915279747
1073	74.0	3.24	527117.3691590598
1074	74.0	2.8	526370.2825804088
1075	74.0	2.36	525310.2825804088
1076	74.0	2.58	524775.1960017579
1077	74.0	2.8	525192.4138968899
1078	74.0	3.02	523375.15416093677
1079	74.0	2.58	522096.3720560688
1080	74.0	2.38	521571.45863471983
1081	74.0	2.82	522096.37205606885
1082	74.0	3.04	523792.37205606885
1083	74.0	3.06	523465.8944249839
1084	74.0	2.84	520480.9391628139
1085	74.0	1.74	517176.28837442683
1086	74.0	1.1	506135.3331122568
1087	74.0	1.1	507743.9839006438
1088	74.0	1.54	508060.28837442683
1089	74.0	1.98	506138.7241646908
1090	74.0	1.76	504324.85548117175
1091	74.0	2.2	502198.0733763038
1092	74.0	2.42	501450.9867976528
1093	74.0	2.22	496140.81364035077
1094	74.0	2.0	491362.3360092658
1095	74.0	1.78	491362.3360092658
1096	74.0	1.54	489972.4673257467
1097	74.0	1.98	487734.59864222765
1098	74.0	1.96	486455.81653735955
1099	74.0	1.72	483925.3807470956
1100	74.0	1.52	483171.5120635766
1101	74.0	1.52	481569.64338005753
1102	74.0	1.52	482094.55680140643
1103	74.0	1.74	476780.9925916705
1104	74.0	2.16	476892.07917032146
1105	74.0	2.38	477215.16574897245
1106	74.0	3.26	477322.86127518944
1107	74.0	3.7	479456.42548492545
1108	74.0	3.48	479133.33890627435
1109	74.0	3.72	480085.64338005736
1110	74.0	3.94	478806.8612751893
1111	74.0	4.14	476683.4702227553
1112	74.0	4.38	476690.25232762337
1113	74.0	4.16	472874.25232762337
1114	74.0	3.72	471703.1657489723
1115	74.0	3.5	472867.4702227552
1116	74.0	3.94	474573.6433800573
1117	74.0	4.16	472992.1210111424
1118	74.0	4.18	467782.8612751893
1119	74.0	4.82	467028.99259167025
1120	73.74	5.52	464483.42838193424
1121	73.74	5.3	465752.03732950025
1122	73.74	4.86	465216.95075084927
1123	73.74	4.4	463197.8641721982
1124	73.74	4.62	465324.64627706626
1125	73.74	4.82	469049.9060130193
1126	73.74	5.04	467347.12390815123
1127	73.74	4.82	467347.12390815123
1128	73.74	4.6	467458.21048680233
1129	73.74	5.26	469696.07917032135
1130	73.74	5.7	471503.1657489724
1131	73.74	5.26	469911.4702227554
1132	73.08	6.56	467277.64338005736
1133	73.08	6.56	465470.5568014063
1134	73.08	7.0	464834.5568014063
1135	73.08	7.88	468229.9478538403
1136	73.08	8.54	471527.8165373594
1137	73.08	8.76	467896.68811788724
1138	73.08	8.32	466624.68811788724
1139	73.08	8.1	465992.07917032123
1140	73.08	8.54	467698.2523276233
1141	73.08	8.98	466318.5568014063
1142	73.08	8.76	468011.1657489722
1143	73.08	9.0	471604.99259167013
1144	73.08	9.44	473728.3836441042
1145	73.08	10.1	477766.55680140614
1146	73.08	10.56	474041.2970654531
1147	73.08	10.34	476164.68811788707
1148	73.08	10.58	477446.86127518915
1149	73.08	10.82	478294.86127518915
1150	73.08	10.6	479889.9478538402
1151	73.08	10.6	484355.51206357626
1152	73.08	11.04	486596.7717995293
1153	73.08	11.02	489561.3807470953
1154	72.66	11.68	488644.1210111422
1155	72.66	12.12	488633.94785384013
1156	72.66	11.88	489582.86127518915
1157	72.66	11.22	484154.8194343681
1158	72.66	11.44	485325.90601301915
1159	72.66	11.44	487351.77469653817
1160	72.66	11.22	490013.64338005724
1161	72.66	11.22	490972.7299587082
1162	72.66	11.66	491918.25232762314
1163	72.66	12.1	493930.55680140614
1164	72.66	12.54	498614.9031160102
1165	72.66	12.76	498187.5120635762
1166	72.66	12.32	496057.3389062741
1167	72.66	12.54	497756.72995870817
1168	72.66	12.54	501263.2075897932
1169	72.66	11.9	501690.5986422272
1170	72.92	11.42	500507.5120635762
1171	72.92	11.86	501883.8165373592
1172	72.92	12.3	505067.2075897932
1173	72.92	12.32	503795.2075897932
1174	72.92	12.54	503687.5120635762
1175	72.92	12.56	501338.55680140614
1176	72.92	12.54	501762.55680140614
1177	72.92	12.32	503980.07917032106
1178	72.92	12.3	507479.77469653805
1179	72.92	12.3	505554.819434368
1180	72.92	12.08	506072.950750849
1181	72.86	12.8	507840.34180328296
1182	73.52	11.72	512069.2552246319
1183	73.52	12.16	513125.86417219794
1184	73.52	12.16	519694.47311976395
1185	73.52	12.38	518738.77759354695
1186	73.52	12.6	519691.08206732996
1187	73.52	12.38	520229.55969841505
1188	73.52	12.6	522877.86417219805
1189	73.52	13.04	527124.646277066
1190	73.52	12.82	525946.777593547
1191	73.52	12.16	529015.6910148959
1192	73.52	11.92	527524.9089100279
1193	73.52	11.7	526051.0820673299
1194	73.16	12.5	530688.9089100279
1195	73.16	12.06	531620.8670692068
1196	73.16	12.06	533952.8670692068
1197	73.16	11.84	541793.4760167728
1198	73.0	12.66	550727.3028594707
1199	73.0	12.22	559089.4341759518
1200	73.0	12.42	562794.3475973007
1201	73.0	12.86	564476.7833875646
1202	73.0	12.2	567320.1325991775
1203	73.0	12.22	570601.0460205264
1204	73.42	11.14	569381.3504943094
1205	73.42	10.7	571302.9147040455
1206	73.42	10.94	570024.1325991774
1207	73.42	11.6	575654.0012826965
1208	73.42	11.58	579887.2191778284
1209	73.42	11.78	579974.5683894414
1210	73.42	11.56	577100.6997059223
1211	73.42	11.8	576360.3952321393
1212	73.42	11.8	580401.9594418753
1213	73.42	11.36	580725.0460205263
1214	73.42	11.14	581034.5683894414
1215	73.42	11.14	587963.5654924324
1216	73.42	11.12	590191.2610186494
1217	73.42	11.12	590497.3923351304
1218	73.42	11.32	592304.4789137815
1219	73.42	11.76	595487.8699662155
1220	73.42	11.76	595905.0878613475
1221	73.42	11.56	594858.6520710834
1222	73.42	11.78	591456.4789137815
1223	73.42	12.44	594956.1744399985
1224	73.42	12.2	594528.7833875645
1225	73.42	11.76	593152.4789137815
1226	73.42	11.12	592095.8699662155
1227	73.42	11.78	590191.2610186494
1228	73.42	12.0	586795.8699662155
1229	73.42	12.0	585944.4789137813
1230	73.42	12.0	585520.4789137813
1231	73.48	11.28	584601.0878613474
1232	73.48	11.04	582679.5236516113
1233	73.48	10.16	582370.0012826964
1234	73.48	10.38	578230.9147040453
1235	73.48	9.94	580771.5236516113
1236	73.48	9.5	585745.0460205262
1237	73.48	9.5	589665.3504943092
1238	73.34	10.3	587737.6549680922
1239	73.34	9.86	586775.1773370072
1240	73.34	9.86	589749.9594418753
1241	73.34	10.3	589756.7415467433
1242	73.34	10.32	590086.6102302624
1243	73.34	10.3	590295.2191778284
1244	73.7	9.28	584691.5236516114
1245	73.7	9.5	580451.5236516114
1246	73.7	9.5	587171.9118070365
1247	73.7	9.94	579014.9983856876
1248	73.86	8.9	572621.7804905557
1249	73.86	8.9	563404.8670692068
1250	73.86	8.92	565420.5625954238
1251	73.86	8.92	564151.9536478578
1252	73.86	9.12	566588.2581216408
1253	73.86	9.12	563727.9536478578
1254	73.86	9.56	570831.6491740748
1255	73.86	10.0	576118.0849643387
1256	73.86	10.22	575276.8670692068
1257	73.86	10.22	579207.3447002918
1258	73.86	9.8	574859.6491740748
1259	73.86	9.82	578897.8223313768
1260	73.86	9.82	579318.4312789429
1261	73.86	9.6	579092.8670692068
1262	73.86	9.82	577077.1715429898
1263	73.86	10.26	575482.0849643388
1264	73.86	10.04	573987.9118070367
1265	73.86	10.04	570767.2191778286
1266	73.86	10.28	574697.6968089136
1267	73.86	9.62	576612.4789137817
1268	73.86	9.2	573418.9147040456
1269	73.78	9.72	574186.0012826967
1270	73.78	9.48	579711.5654924328
1271	73.78	9.04	583736.1744399988
1272	73.78	8.82	585008.1744399988
1273	73.78	8.38	583302.0012826967
1274	73.78	8.84	583722.6102302627
1275	73.78	9.28	583931.2191778288
1276	73.78	9.28	591586.9565448669
1277	73.78	8.84	593296.520754603
1278	73.56	9.5	593303.607333254
1279	73.56	9.5	595114.084964339
1280	73.56	9.72	595221.780490556
1281	73.56	9.94	595013.17154299
1282	73.56	9.96	593741.17154299
1283	73.56	10.18	592041.780490556
1284	73.56	9.96	589605.476016773
1285	73.56	9.96	588034.1268051601
1286	73.56	9.96	582956.2999624622
1287	73.56	10.18	587727.9954886792
1288	73.7	9.16	589433.5178575941
1289	73.7	9.16	586243.344700292
1290	73.7	9.16	584328.5625954239
1291	73.7	8.94	583366.0849643388
1292	73.7	8.72	583046.3894381218
1293	73.7	8.74	584005.4760167729
1294	73.7	8.74	586135.649174075
1295	73.7	8.94	588158.1268051601
1296	73.7	8.94	585267.302859471
1297	73.58	9.5	590074.084964339
1298	73.58	10.16	594421.780490556
1299	73.58	10.58	593883.302859471
1300	73.58	10.58	589979.953647858
1301	73.58	10.58	588617.2133838111
1302	73.58	10.82	581210.7775935471
1303	73.58	10.58	579733.5596984152
1304	73.58	10.34	574224.9507508492
1305	73.58	10.32	566704.0373295002
1306	73.58	10.08	566273.2552246322
1307	73.58	9.2	557345.5178575941
1308	73.58	9.64	567841.2133838111
1309	73.58	9.62	568800.2999624622
1310	73.58	9.4	571458.7775935471
1311	73.58	9.4	574322.4731197641
1312	73.58	9.18	578478.5149605853
1313	73.58	9.18	581460.0791703212
1314	73.58	10.04	583273.9478538403
1315	73.58	10.04	582967.8165373594
1316	73.58	10.26	579999.8165373594
1317	73.58	11.14	581184.4673257463
1318	73.58	10.92	580450.9449568314
1319	73.66	9.96	579169.1181141334
1320	73.66	9.98	575561.7270616994
1321	73.66	10.6	573754.6404830484
1322	73.2	11.5	575103.9002190015
1323	73.2	11.72	579172.5928482095
1324	73.2	11.5	577479.9839006435
1325	73.2	10.84	577163.6794268605
1326	73.2	11.06	569723.3331122565
1327	73.2	10.62	564934.6823238694
1328	73.42	9.54	563440.2046927843
1329	73.42	9.54	560465.4225879164
1330	73.42	9.32	557813.7270616994
1331	73.42	8.88	561121.7689025204
1332	73.42	9.08	560600.2465336055
1333	73.42	9.3	563901.5062695586
1334	73.42	9.08	564975.0704792946
1335	73.42	9.08	562952.5928482095
1336	73.42	9.3	568824.9810036347
1337	73.42	9.52	563865.0228444558
1338	73.32	10.48	561515.1960017579
1339	73.32	10.48	563547.8467901449
1340	73.32	10.7	562484.4557377109
1341	73.32	10.92	563127.2378425789
1342	73.32	11.36	575810.7544174761
1343	73.32	11.58	575814.1454699101
1344	73.32	11.36	572731.667838825
1345	73.32	10.72	576356.0141534291
1346	73.32	10.5	570090.14546991
1347	73.44	9.5	564115.667838825
1348	72.92	10.24	560118.449943693
1349	72.92	10.48	567461.2738893821
1350	72.92	10.48	565425.2320485611
1351	72.92	10.26	568817.2320485611
1352	72.92	10.26	570085.8409961271
1353	72.92	10.5	571263.7096796461
1354	72.92	10.3	569779.7096796461
1355	72.92	10.32	566912.623100995
1356	72.92	10.56	567343.4052058631
1357	72.92	11.44	573508.3604680331
1358	72.92	11.44	569093.6620448072
1359	72.92	11.22	561559.1844137223
1360	72.92	11.88	560075.1844137223
1361	72.92	11.44	559129.6620448073
1362	72.92	11.0	552957.9246777692
1363	72.92	10.98	550191.7515204672
1364	72.92	11.0	548704.3604680332
1365	72.92	9.68	542330.7962582972
1366	72.92	9.46	539568.0141534291
1367	72.92	9.02	538390.1454699101
1368	72.92	9.66	539554.4499436931
1369	72.92	10.1	540274.4081028721
1370	72.92	10.08	541566.7544174761
1371	72.92	9.68	539780.0141534291
1372	73.38	8.78	536953.5365223441
1373	73.38	8.56	530983.6259980041
1374	73.38	8.32	532884.843893136
1375	73.38	8.98	533625.148366919
1376	73.38	9.2	540644.885733957
1377	73.38	10.08	544488.0141534291
1378	73.38	10.3	549374.1873107312
1379	73.38	10.28	550861.5783631651
1380	73.38	10.06	558284.9694155992
1381	73.38	10.28	557214.7962582972
1382	73.38	10.08	557642.1873107312
1383	73.38	9.86	570120.4859904965
1384	73.38	9.86	577157.1786197046
1385	73.38	10.3	581515.0473032235
1386	73.38	10.08	577463.3099361855
1387	73.38	9.64	573095.2680953644
1388	73.48	9.34	572483.8770429305
1389	73.48	9.34	569717.7038856284
1390	73.48	8.68	571733.3994118455
1391	73.48	8.68	568762.0083594114
1392	73.48	8.24	561836.4023088543
1393	73.48	8.24	560988.4023088543
1394	73.48	8.46	566204.4441496753
1395	73.48	8.9	563017.6620448072
1396	73.48	8.9	567483.2262545433
1397	73.48	9.12	568546.6173069774
1398	73.98	8.62	564964.7486234583
1399	73.56	9.26	557785.0112564202
1400	73.56	9.04	555352.0978350712
1401	73.56	8.82	554298.8799399391
1402	73.56	8.38	551859.1844137221
1403	73.56	8.16	554507.4888875051
1404	73.56	8.38	555358.8799399392
1405	73.56	8.16	556001.6620448073
1406	73.56	7.5	553666.2709923732
1407	73.56	7.5	548887.7933612881
1408	73.56	7.7	547188.4023088542
1409	73.56	7.72	554972.1815167132
1410	73.56	7.06	553703.5725691472
1411	73.56	7.5	553932.5278313174
1412	73.56	7.94	554144.5278313174
1413	73.56	7.74	553296.5278313174
1414	73.56	7.72	553077.7457264493
1415	73.56	9.04	557869.7875672703
1416	73.56	9.04	562884.0025653935
1417	73.56	9.04	567692.9996683846
1418	73.56	9.06	568547.7817732525
1419	73.56	9.06	566017.3459829886
1420	73.56	8.86	563668.3907208185
1421	73.56	9.08	560259.4354586486
1422	73.56	9.08	560050.8265110826
1423	73.56	9.3	561117.6086159506
1424	73.56	9.1	556877.6086159506
1425	73.56	9.1	558371.7817732526
1426	73.56	9.32	554441.3041421676
1427	73.56	9.1	553684.0444062146
1428	73.2	10.1	551652.3488799976
1429	73.2	10.32	551221.5667751295
1430	73.2	10.54	546463.4354586485
1431	73.2	10.76	544228.9578275635
1432	73.1	11.52	543982.1757226954
1433	73.1	11.74	527452.1396758922
1434	73.1	11.94	518069.882836948
1435	73.1	12.16	514556.6231009949
1436	73.1	11.94	516232.27678639087
1437	73.1	11.94	517608.5812601738
1438	73.1	11.5	517706.1036290888
1439	73.1	11.5	516747.0170504377
1440	73.1	11.94	513573.7991553058
1441	73.1	11.7	517931.66783882485
1442	73.1	11.92	518755.93047178676
1443	73.1	12.14	522679.62599800376
1444	73.1	11.92	517470.3662620508
1445	73.1	11.48	516295.8886309658
1446	73.1	11.26	515118.0199474467
1447	73.1	11.68	517870.62889501266
1448	73.12	11.2	517703.2378425787
1449	73.54	10.12	519660.1512639277
1450	73.54	10.34	520185.06468527665
1451	73.54	9.9	516133.3273182386
1452	73.54	9.9	516129.9362658046
1453	73.54	9.88	510284.6765298515
1454	73.54	9.86	513791.1541609365
1455	73.54	10.08	514847.7631085024
1456	73.54	10.28	515800.0675822854
1457	73.54	10.26	515692.3720560684
1458	73.54	10.06	510573.85258416226
1459	73.54	10.04	502150.6823238691
1460	73.54	10.04	505111.90021900105
1461	73.54	9.6	501908.1628519629
1462	73.54	9.58	499777.9896946608
1463	73.54	9.36	498711.2075897928
1464	73.54	8.94	497654.5986422268
1465	73.54	8.94	495517.6433800567
1466	73.54	8.28	493579.12390815065
1467	73.54	8.28	484203.64917407447
1468	73.54	7.62	485788.5625954235
1469	73.54	7.6	484614.0849643384
1470	73.54	7.6	485781.7804905554
1471	73.54	7.6	486087.9118070363
1472	73.54	7.6	485233.1297021683
1473	73.54	7.38	484162.9565448662
1474	73.54	7.6	485434.9565448662
1475	73.54	7.6	483412.4789137811
1476	73.54	6.94	481390.00128269615
1477	73.54	6.5	481504.4789137811
1478	73.9	5.48	479609.0878613471
1479	73.9	5.5	476960.7833875641
1480	73.9	5.06	476839.52365161106
1481	73.9	4.62	473965.654968092
1482	74.0	4.06	473354.263915658
1483	74.0	3.84	473145.654968092
1484	74.0	3.86	473997.046020526
1485	74.0	3.62	474737.350494309
1486	74.0	4.06	470598.26391565794
1487	74.0	4.06	474629.6549680919
1488	74.0	4.06	475588.7415467429
1489	74.0	4.28	475908.4370729599
1490	74.0	4.5	478560.1325991769
1491	74.0	4.28	474101.3504943089
1492	74.0	4.28	466455.78628457285
1493	74.0	3.4	459126.5265486198
1494	74.0	3.84	467283.43996996875
1495	74.0	3.84	475753.26681266667
1496	74.0	3.84	478505.8757602327
1497	74.0	3.64	477344.9623388837
1498	74.0	3.88	484139.1354961858
1499	73.5	5.04	482737.3086534879
1500	73.5	5.26	484329.0041797049
1501	73.5	5.7	489528.0907583559
1502	73.5	6.14	496096.6997059219
1503	73.5	6.16	499821.959441875
1504	73.5	6.38	498869.654968092
1505	73.5	6.16	497382.263915658
1506	73.5	6.18	496850.568389441
1507	73.5	5.98	497065.95944187505
1508	73.5	5.96	497910.56838944106
1509	73.5	5.76	498647.4818107901
1510	73.5	6.42	499495.48181079014
1511	73.5	6.86	503203.78628457314
1512	73.5	7.08	505327.17733700713
1513	73.5	7.08	506494.8728632241
1514	73.5	6.84	503944.0907583561
1515	73.5	7.06	503728.6997059221
1516	73.5	7.94	504573.308653488
1517	73.5	7.94	505525.613127271
1518	73.5	8.16	502453.308653488
1519	73.5	8.18	505956.3952321391
1520	73.5	8.38	503509.91760105407
1521	73.5	8.16	506804.3952321391
1522	73.5	7.72	509032.0907583561
1523	73.5	7.94	513800.3952321391
1524	73.5	8.14	513056.6997059221
1525	73.5	8.36	513692.6997059221
1526	73.5	9.02	512841.30865348806
1527	73.5	9.46	514544.0907583561
1528	73.5	9.7	512841.308653488
1529	73.5	9.68	516448.6997059221
1530	73.5	9.68	516031.48181079014
1531	73.5	10.12	518363.48181079014
1532	73.5	9.9	520702.26391565823
1533	73.5	9.68	518151.48181079025
1534	73.5	9.46	518784.0907583562
1535	73.5	9.7	521859.7862845732
1536	73.5	9.48	520904.0907583562
1537	73.5	9.26	521341.6549680922
1538	73.5	9.68	520069.6549680922
1539	73.5	9.22	525793.6549680922
1540	73.5	8.78	525359.4818107901
1541	73.5	9.02	528657.3504943091
1542	73.5	8.8	527910.2639156581
1543	73.5	9.46	530252.4370729602
1544	73.5	9.46	525803.8281253943
1545	73.5	10.12	516687.8281253943
1546	73.5	10.34	514039.5236516113
1547	73.5	10.32	513194.9147040453
1548	73.5	10.32	508315.5236516113
1549	74.0	9.16	508129.0460205262
1550	74.0	9.38	513011.8281253943
1551	74.0	9.36	507604.1325991772
1552	74.0	8.92	499760.1325991772
1553	74.0	8.92	497633.3504943092
1554	74.0	8.72	495927.17733700725
1555	73.42	9.96	499852.1325991773
1556	73.42	10.38	499640.1325991773
1557	73.42	10.16	500165.0460205262
1558	73.42	9.96	499105.0460205262
1559	73.42	10.4	507807.2191778283
1560	73.42	9.74	503782.6102302623
1561	73.42	9.3	500387.2191778283
1562	73.42	9.32	502295.2191778283
1563	73.42	9.32	505485.39233513037
1564	73.42	9.78	509092.78338756436
1565	73.42	9.56	516196.47891378135
1566	73.42	8.9	510785.39233513037
1567	73.42	8.68	513857.6968089134
1568	73.42	9.1	514806.61023026233
1569	73.42	8.88	515442.61023026233
1570	73.42	9.12	521382.0012826964
1571	73.42	9.56	520116.7833875644
1572	73.42	10.2	522987.2610186495
1573	73.42	9.98	518959.2610186495
1574	73.42	9.56	524797.7386497345
1575	73.42	9.76	534556.5207546026
1576	73.42	9.32	538150.3475973005
1577	73.42	9.54	536652.7833875646
1578	73.42	9.54	538772.7833875646
1579	73.42	8.9	537820.4789137816
1580	73.42	8.9	542481.0878613476
1581	73.42	8.46	548844.4789137816
1582	73.42	8.9	548635.8699662156
1583	73.42	9.34	553320.2162808196
1584	73.42	9.76	556934.3894381217
1585	73.42	9.32	554067.3028594707
1586	73.42	9.52	553326.9983856877
1587	73.42	10.16	551516.5207546027
1588	73.42	9.3	555857.4341759518
1589	73.42	9.98	555110.3475973007
1590	73.42	10.42	555016.2162808197
1591	73.42	10.62	557755.2610186497
1592	73.42	10.84	558078.3475973007
1593	73.42	10.62	557119.2610186497
1594	73.42	10.84	552875.8699662156
1595	73.42	10.4	552354.3475973007
1596	73.42	10.18	550769.4341759518
1597	73.42	10.2	549918.0431235177
1598	73.42	9.54	548427.2610186497
1599	72.78	10.82	544027.5654924327
1600	72.78	10.6	537347.8699662157
1601	72.78	10.4	540527.8699662157
1602	72.78	11.06	542435.8699662157
1603	72.78	11.28	544868.7833875646
1604	72.78	11.26	543280.4789137817
1605	73.36	9.8	540630.9147040456
1606	73.36	9.82	539883.8281253945
1607	73.36	9.82	539039.2191778286
1608	73.36	10.04	539046.0012826966
1609	73.36	9.6	529718.0012826966
1610	73.36	9.82	528654.6102302626
1611	73.36	10.46	530364.1744399987
1612	73.36	10.02	526548.1744399987
1613	73.36	9.56	521870.61023026257
1614	73.36	9.54	517839.2191778286
1615	73.36	9.54	512445.08786134765
1616	73.36	9.76	512556.17443999863
1617	73.36	9.98	508104.17443999863
1618	73.36	9.78	505025.0878613476
1619	73.36	10.0	505866.3057564795
1620	73.36	9.56	498119.8281253944
1621	73.36	9.34	496844.4370729604
1622	73.36	9.14	491217.95944187534
1623	73.36	9.14	491541.04602052644
1624	73.36	9.58	486977.95944187534
1625	73.36	9.38	476058.26391565835
1626	73.36	9.38	472666.26391565835
1627	73.36	8.94	470435.17733700736
1628	73.36	8.72	467891.17733700736
1629	73.36	9.38	465128.39523213933
1630	73.36	9.6	457917.0041797052
1631	73.36	10.04	450069.61312727124
1632	73.36	9.84	447515.43996996916
1633	73.36	9.62	445805.8757602331
1634	73.36	8.96	440071.70260293107
1635	73.36	9.18	439768.9623388841
1636	73.36	8.76	438708.9623388841
1637	73.04	9.3	432418.78918158205
1638	73.04	9.96	426590.48470779904
1639	73.04	9.52	420765.57128645
1640	73.04	9.3	418850.78918158193
1641	73.04	8.66	412278.78918158193
1642	73.04	8.64	411215.39812914794
1643	73.04	8.42	410683.70260293095
1644	73.04	7.54	409940.00707671396
1645	73.04	7.52	407809.8339194119
1646	73.04	7.08	407483.35628832685
1647	73.04	6.86	407580.87865724176
1648	73.04	7.08	408960.57418345875
1649	73.68	5.8	417082.1383931948
1650	73.68	6.02	427254.7473407608
1651	73.68	6.68	427160.61602427973
1652	73.68	6.24	436179.0936553648
1653	73.18	7.16	437415.3981291477
1654	73.18	6.74	442388.9204980627
1655	73.18	7.18	449812.3115504967
1656	73.18	6.96	451404.0070767137
1657	73.18	7.18	454156.61602427973
1658	73.18	7.16	457333.2249718457
1659	73.18	7.16	457333.2249718457
1660	73.18	7.6	462438.18023401574
1661	73.18	6.96	460092.6160242797
1662	73.18	6.96	462737.5294456287
1663	72.66	8.6	468815.3981291477
1664	72.66	8.62	480791.7026029307
1665	72.66	8.84	490849.8339194117
1666	72.34	9.82	498565.22497184575
1667	72.34	9.82	504299.3981291478
1668	72.34	9.8	506207.3981291478
1669	72.34	9.36	510457.5712864499
1670	72.34	9.58	518836.65786510095
1671	72.34	9.8	527956.048917535
1672	72.34	9.58	535379.439969969
1673	72.34	9.36	540995.744443752
1674	72.34	8.92	544808.353391318
1675	72.34	9.14	548308.048917535
1676	72.34	9.36	549903.1354961861
1677	72.34	9.8	561347.744443752
1678	72.34	9.8	566116.048917535
1679	72.34	9.8	572799.1354961861
1680	72.34	9.8	583503.4399699691
1681	72.34	9.58	594746.2220748372
1682	72.34	9.36	602273.9176010542
1683	72.34	9.56	602378.2220748372
1684	72.34	10.02	608543.1773370072
1685	72.34	10.02	611709.6131272712
1686	72.34	10.02	620081.9176010542
1687	72.66	9.28	626163.4818107903
1688	72.26	10.12	628393.6549680923
1689	72.26	10.12	629349.3504943093
1690	72.26	10.54	636564.1325991774
1691	72.26	11.4	641231.5236516115
1692	72.26	11.42	643886.6102302626
1693	72.26	12.06	646117.6968089136
1694	72.26	12.5	650781.6968089136
1695	72.26	12.74	653113.6968089136
1696	72.26	12.96	652265.6968089136
1697	72.26	12.96	651737.3923351306
1698	72.26	12.74	652383.5654924327
1699	72.26	12.74	649311.2610186497
1700	72.26	12.3	641480.8252283857
1701	72.26	12.08	637866.6520710838
1702	72.26	11.86	628528.4789137817
1703	72.76	10.72	623688.1744399988
1704	72.76	11.16	623173.4341759519
1705	72.76	10.5	615002.9565448668
1706	72.76	10.72	621921.7804905559
1707	72.76	10.28	619377.7804905559
1708	72.76	10.08	616514.0849643388
1709	72.76	9.86	618210.0849643388
1710	72.76	9.42	612889.7386497348
1711	72.76	9.64	613212.8252283857
1712	72.76	9.86	610991.9118070367
1713	73.28	8.24	604274.6520710837
1714	73.28	8.24	596235.6073332537
1715	73.28	8.02	585538.0849643388
1716	73.6	7.26	581009.4760167728
1717	73.6	7.48	576978.0849643388
1718	73.6	7.72	575706.0849643388
1719	73.6	7.94	566684.2162808197
1720	73.6	7.94	558412.8252283857
1721	73.6	7.28	547378.6520710837
1722	73.6	7.7	542179.5654924326
1723	73.54	8.62	535042.9565448666
1724	73.54	8.62	528894.9565448666
1725	73.54	8.62	526455.2610186496
1726	73.54	8.18	522528.1744399985
1727	73.54	7.74	511608.47891378147
1728	73.54	7.52	506840.1744399985
1729	73.54	7.06	500473.3923351304
1730	73.54	7.06	490300.7833875644
1731	73.54	7.28	479697.39233513037
1732	73.54	7.28	473337.39233513037
1733	73.54	6.86	472065.39233513037
1734	73.54	7.06	466852.7415467433
1735	73.54	7.04	463147.82812539436
1736	73.54	7.48	455939.82812539436
1737	73.54	7.7	452322.2639156583
1738	73.94	6.42	450946.8728632243
1739	73.94	6.86	455738.91470404534
1740	73.94	6.66	450115.82812539436
1741	73.94	6.44	448106.91470404534
1742	73.94	6.66	447258.91470404534
1743	73.94	6.66	445771.5236516113
1744	73.94	7.08	445465.39233513037
1745	73.94	6.86	445041.39233513037
1746	73.94	6.86	444937.08786134736
1747	73.94	7.08	445576.4789137814
1748	73.94	7.3	444933.69680891343
1749	73.94	7.3	453928.43707296037
1750	73.94	7.3	453073.6549680924
1751	73.94	7.3	457539.21917782834
1752	73.94	7.74	457122.00128269644
1753	73.94	7.52	457330.61023026233
1754	73.94	7.28	453188.13259917736
1755	73.94	8.16	456496.1744399984
1756	73.94	7.28	449587.52365161135
1757	73.94	8.16	455961.0878613474
1758	73.94	7.94	456072.1744399985
1759	73.94	7.94	453201.69680891343
1760	73.94	7.94	454053.0878613474
1761	73.94	7.94	457997.1297021686
1762	73.94	7.5	458956.2162808196
1763	73.94	7.72	462893.4760167727
1764	73.94	7.5	467436.2162808196
1765	73.94	7.28	467220.8252283856
1766	73.94	7.28	466372.8252283856
1767	73.94	7.5	472308.8252283856
1768	73.94	7.5	474331.3028594707
1769	73.94	7.28	476777.78049055574
1770	73.94	7.5	477521.47601677274
1771	73.94	7.94	478477.1715429898
1772	73.94	7.74	479964.56259542383
1773	74.0	7.26	482221.78049055574
1774	74.0	6.82	489540.86706920684
1775	74.0	6.82	492404.56259542383
1776	74.0	6.82	501308.56259542383
1777	74.0	6.82	501308.56259542383
1778	74.0	6.82	503324.2581216408
1779	74.0	7.06	510757.8223313769
1780	74.0	7.5	517326.4312789429
1781	74.0	7.5	515943.3447002919
1782	74.0	7.28	516475.0402265089
1783	74.0	7.5	526015.0402265089
1784	74.0	7.3	531964.6044362449
1785	74.0	6.44	531429.517857594
1786	74.0	5.78	531436.2999624619
1787	74.0	5.56	530803.691014896
1788	74.0	5.78	530803.691014896
1789	74.0	5.34	527391.344700292
1790	74.0	5.34	531944.2581216409
1791	74.0	5.36	536847.3865411129
1792	74.0	5.58	538227.0820673299
1793	74.0	4.94	540673.559698415
1794	74.0	4.74	537483.3865411129
1795	74.0	4.96	537059.3865411129
1796	73.3	6.52	539299.6910148959
1797	73.3	6.08	539195.3865411129
1798	73.3	6.08	542163.3865411129
1799	73.3	6.3	531677.864172198
1800	73.3	6.3	530722.168645981
1801	73.3	6.3	526569.517857594
1802	73.3	6.06	526990.1268051598
1803	73.3	6.5	527740.6044362449
1804	73.3	6.96	526673.8223313768
1805	73.3	6.74	523261.47601677285
1806	73.3	7.6	522622.08496433875
1807	73.3	7.6	519862.69391190476
1808	73.3	8.02	520495.3028594707
1809	73.3	8.46	521874.9983856877
1810	73.3	8.9	522830.69391190476
1811	73.3	8.9	520586.0431235177
1812	73.3	8.9	521218.6520710837
1813	73.3	9.12	520999.8699662157
1814	73.3	9.34	517190.6520710838
1815	73.3	9.78	516339.26101864973
1816	73.24	10.28	517988.78338756465
1817	73.24	10.28	514909.69680891355
1818	73.24	10.06	515333.69680891355
1819	73.24	10.28	514485.69680891355
1820	73.24	9.84	516077.39233513066
1821	73.24	9.62	518096.4789137817
1822	73.24	9.38	519270.9565448667
1823	73.24	9.38	519277.73864973476
1824	73.24	9.82	515242.9565448667
1825	73.24	8.94	512372.47891378164
1826	73.24	9.38	506227.8699662156
1827	73.24	9.6	510895.2610186496
1828	73.24	9.6	509407.8699662156
1829	73.24	9.6	506110.00128269655
1830	73.24	9.38	503572.78338756465
1831	73.24	9.36	503364.17443999863
1832	73.24	9.8	500392.78338756465
1833	73.24	10.24	496058.6520710837
1834	73.24	9.8	489156.78338756465
1835	73.24	10.46	488096.78338756465
1836	73.24	11.34	487346.30575647956
1837	73.24	10.9	489459.5236516115
1838	73.24	11.12	489557.04602052644
1839	73.24	11.12	487746.56838944135
1840	73.24	10.68	480753.95944187534
1841	73.24	10.46	474575.43996996933
1842	73.24	10.24	473306.8310224033
1843	73.24	10.66	471704.96233888424
1844	73.24	10.22	474363.43996996933
1845	73.24	10.0	473939.43996996933
1846	73.94	9.08	471066.5265486203
1847	73.94	9.3	470746.8310224033
1848	73.94	9.08	466294.8310224033
1849	73.94	8.86	470750.2220748373
1850	73.94	9.08	473603.7444437522
1851	73.94	8.86	476464.0489175352
1852	73.94	9.08	475084.35339131823
1853	73.94	9.3	476457.26681266725
1854	73.94	9.28	478684.96233888424
1855	73.94	9.26	477729.26681266725
1856	73.94	8.84	476665.87576023326
1857	73.94	8.82	476655.7026029312
1858	73.94	9.04	477399.39812914823
1859	73.94	9.26	477503.70260293124
1860	73.94	9.26	478991.0936553653
1861	73.94	9.48	478678.18023401627
1862	73.94	9.7	476127.3981291482
1863	73.94	9.7	477719.09365536517
1864	73.94	9.48	475814.48470779916
1865	73.94	9.26	477409.57128645026
1866	74.0	8.76	475336.04891753534
1867	74.0	8.74	479360.6578651013
1868	74.0	8.5	481362.7891815823
1869	74.0	8.72	481672.3115504972
1870	74.0	9.14	487184.3115504972
1871	73.62	10.18	483829.2249718461
1872	73.62	10.42	483613.8339194121
1873	73.62	10.2	487951.3562883271
1874	73.62	10.18	489334.4428669781
1875	73.62	10.62	489869.5294456291
1876	73.62	10.18	490505.5294456291
1877	73.62	9.96	485945.8339194121
1878	73.62	10.6	489664.3115504972
1879	73.62	10.6	487446.7891815823
1880	73.62	10.6	486067.09365536517
1881	73.62	10.38	492538.18023401627
1882	73.62	10.38	500486.4847077993
1883	73.62	10.38	496236.3115504972
1884	73.62	10.58	498036.6160242802
1885	73.62	10.36	499840.3115504972
1886	73.62	10.12	500264.3115504972
1887	73.62	10.78	501324.3115504972
1888	73.62	10.98	500688.3115504972
1889	73.62	11.2	501644.0070767142
1890	73.62	11.86	501956.9204980632
1891	73.62	12.3	505237.8339194121
1892	73.62	11.64	504907.96523589303
1893	73.62	11.66	504695.96523589303
1894	73.62	11.88	501505.792078591
1895	73.62	11.88	500762.096552374
1896	73.62	11.46	500863.009973723
1897	73.62	11.46	504672.22786885494
1898	73.62	11.68	513047.92339507194
1899	73.62	11.9	514202.05471155286
1900	73.62	11.88	510598.05471155286
1901	73.62	12.1	518129.14129020384
1902	73.62	11.66	526403.9233950719
1903	73.62	11.0	523748.83681642084
1904	73.62	10.58	523220.53234263783
1905	73.62	10.36	527151.009973723
1906	73.62	10.14	527898.096552374
1907	73.62	9.5	526431.051814544
1908	73.62	9.08	529402.442866978
1909	73.62	8.86	537458.442866978
1910	73.62	8.2	534372.5741834589
1911	73.62	7.98	533511.009973723
1912	73.62	8.2	535109.487604808
1913	73.62	8.18	530973.792078591
1914	73.62	8.62	535950.70549994
1915	73.62	8.4	536374.70549994
1916	73.62	8.6	540194.096552374
1917	73.62	8.18	535005.1831310249
1918	73.62	8.2	533524.5741834589
1919	73.62	7.96	534056.269709676
1920	73.62	7.76	526949.1831310249
1921	74.0	6.94	527433.792078591
1922	74.0	6.5	526794.401026157
1923	74.0	6.72	520330.0965523739
1924	74.0	6.52	517358.7054999399
1925	74.0	6.52	517567.3144475059
1926	74.0	6.94	515336.22786885494
1927	74.0	6.72	521632.61602428014
1928	74.0	5.86	518449.22497184604
1929	74.0	5.64	516850.74734076095
1930	74.0	4.98	515901.83391941205
1931	74.0	5.0	509427.35628832696
1932	74.0	5.22	504453.83391941205
1933	74.0	4.78	505093.22497184604
1934	74.0	4.56	504245.22497184604
1935	74.0	4.34	502444.92049806303
1936	74.0	4.12	501277.22497184604
1937	74.0	3.46	496185.83391941205
1938	74.0	3.22	496397.83391941205
1939	74.0	2.98	495230.13839319505
1940	74.0	2.98	494913.83391941205
1941	74.0	2.76	489610.44286697806
1942	74.0	2.98	489509.52944562904
1943	74.0	2.98	487493.83391941205
1944	74.0	2.98	486962.13839319505
1945	74.0	3.2	496290.13839319505
1946	74.0	3.4	496502.13839319505
1947	74.0	3.18	491952.61602428014
1948	74.0	2.96	482725.52944562904
1949	74.0	2.74	474992.61602428
1950	74.0	2.52	474676.311550497
1951	74.0	2.74	467155.3981291481
1952	74.0	2.98	460475.7026029311
1953	74.0	3.64	463561.5712864502
1954	74.0	4.06	466960.35339131823
1955	74.0	4.52	464621.5712864502
1956	74.0	4.52	464826.7891815821
1957	74.0	5.18	463537.83391941205
1958	74.0	5.18	458547.35628832696
1959	74.0	4.96	453577.22497184604
1960	74.0	5.4	453260.92049806303
1961	74.0	5.62	451248.61602428
1962	74.0	5.4	450393.833919412
1963	74.0	5.62	450498.1383931949
1964	74.0	5.6	445733.2249718459
1965	74.0	5.82	442862.74734076083
1966	74.0	5.18	439255.35628832685
1967	74.0	5.18	438091.0518145439
1968	74.0	5.6	441483.0518145439
1969	74.0	5.4	442435.3562883269
1970	74.0	5.18	443179.0518145439
1971	74.0	4.74	443179.0518145439
1972	74.0	5.18	453496.65786510095
1973	74.0	5.4	455296.96233888395
1974	74.0	5.84	458581.26681266696
1975	74.0	6.06	460909.875760233
1976	74.0	5.86	459849.875760233
1977	74.0	5.86	452702.0965523738
1978	74.0	6.08	454398.0965523738
1979	74.0	6.3	454182.7054999398
1980	74.0	6.74	459580.2278688547
1981	74.0	7.14	467531.9233950717
1982	74.0	7.14	472619.9233950717
1983	74.0	7.36	482688.2278688547
1984	74.0	8.04	489384.87865724176
1985	74.0	8.7	489273.7920785908
1986	74.0	8.94	494583.96523589286
1987	74.0	9.38	495751.66076210985
1988	74.0	9.42	502535.66076210985
1989	74.0	9.88	513347.66076210985
1990	74.0	9.44	514303.35628832685
1991	74.0	9.2	522578.1383931949
1992	74.0	9.64	524280.920498063
1993	74.0	9.62	525872.61602428
1994	74.0	9.38	527464.311550497
1995	74.0	9.38	518560.31155049696
1996	74.0	9.4	519623.70260293095
1997	74.0	9.4	520252.9204980629
1998	74.0	9.62	520885.52944562887
1999	74.0	9.84	522258.4428669779
2000	74.0	9.84	523634.7473407609
2001	74.0	9.62	522672.2697096758
2002	73.36	10.9	524945.4876048077
2003	73.36	10.68	533947.0099737227
2004	73.36	10.04	530767.0099737227
2005	73.36	9.38	531514.0965523738
2006	73.36	9.6	531941.4876048078
2007	73.36	8.94	535124.8786572419
2008	73.36	9.38	546996.8786572419
2009	73.36	9.8	546138.7054999399
2010	73.36	10.02	555153.7920785908
2011	73.36	10.22	567554.0965523738
2012	72.64	11.58	569749.7920785908
2013	72.64	11.6	577590.4010261568
2014	72.64	11.18	575467.0099737229
2015	72.64	11.6	575571.3144475059
2016	72.64	12.02	574723.3144475059
2017	72.64	12.24	574410.4010261568
2018	72.64	11.82	567310.0965523738
2019	72.64	12.04	564133.4876048078
2020	72.64	11.82	561693.7920785908
2021	72.64	12.48	560633.7920785908
2022	72.64	12.26	546924.1860280338
2023	72.64	11.82	545554.6636591188
2024	72.64	12.04	540789.7502377699
2025	72.64	11.6	536869.4457639869
2026	72.64	11.6	537825.1412902039
2027	72.64	12.04	538249.1412902039
2028	72.64	11.82	536977.1412902039
2029	72.64	11.82	537825.1412902039
2030	72.64	11.82	532417.4457639869
2031	72.64	11.64	525101.7502377699
2032	72.64	11.42	518839.27260668477
2033	72.64	10.76	507815.27260668477
2034	72.64	10.54	502286.3173445147
2035	72.64	10.76	502925.7083969487
2036	72.64	10.32	498783.2307658637
2037	72.64	10.1	499850.0128707317
2038	72.64	10.3	493705.40392316575
2039	72.64	9.64	483637.09944938275
2040	72.64	9.86	483421.7083969487
2041	72.64	9.66	476745.40392316575
2042	72.64	9.44	474834.0128707317
2043	72.64	9.22	475264.7949755998
2044	72.64	9.46	477391.5770804679
2045	72.64	9.44	483970.3591853359
2046	72.64	9.66	494674.66365911893
2047	72.64	9.88	504426.66365911893
2048	72.1	11.06	503554.66365911893
2049	72.1	11.04	512882.66365911893
2050	72.1	10.84	523374.96813290194
2051	72.1	10.84	521150.66365911893
2052	72.74	9.34	528414.0547115529
2053	72.74	9.12	515582.9681329019
2054	72.74	9.76	517807.2726066849
2055	72.74	10.42	527976.4905018169
2056	72.74	10.86	535924.7949755997
2057	72.08	12.4	535185.4039231658
2058	72.08	11.74	531685.7083969488
2059	72.08	11.54	537312.1860280338
2060	72.08	11.32	534445.0994493829
2061	72.08	10.68	529252.7949755999
2062	72.8	9.32	533733.4039231659
2063	72.8	9.32	537657.0994493829
2064	72.1	10.68	537558.6218182978
2065	72.1	10.68	547320.7949755999
2066	72.1	10.48	550712.7949755999
2067	72.1	10.26	552513.0994493829
2068	72.1	10.48	555804.186028034
2069	72.1	10.48	556759.881554251
2070	72.1	10.7	560902.359185336
2071	72.1	10.04	564832.8368164211
2072	72.1	10.26	567272.5323426381
2073	72.1	10.04	568544.5323426381
2074	72.1	10.04	572363.9233950721
2075	72.1	10.24	574386.4010261572
2076	72.1	10.24	576186.7054999402
2077	72.1	9.8	581601.1831310253
2078	72.1	10.24	586258.4010261573
2079	72.1	10.46	590818.0965523743
2080	72.1	10.9	600889.7920785913
2081	72.1	10.88	608417.4876048083
2082	72.1	11.1	618805.4876048083
2083	72.1	11.76	629826.0965523743
2084	72.1	11.76	640318.4010261573
2085	72.1	11.54	642435.0099737233
2086	72.1	12.2	644979.0099737233
2087	72.1	12.64	655360.2278688552
2088	72.1	12.22	666808.2278688552
2089	72.1	12.44	673063.9233950722
2090	72.1	12.44	673487.9233950722
2091	72.1	13.1	676876.5323426382
2092	72.1	12.88	687998.0547115533
2093	72.1	13.12	697955.2726066853
2094	72.1	12.9	705368.4905018173
2095	71.86	13.6	706485.0994493833
2096	71.86	13.36	706165.4039231665
2097	71.86	13.56	698220.4905018174
2098	72.4	12.38	710860.1860280344
2099	72.4	12.18	712451.8815542513
2100	72.4	12.4	710015.5770804684
2101	72.4	12.4	717432.1860280344
2102	72.4	12.38	713932.4905018173
2103	72.4	12.38	723371.5770804682
2104	72.4	12.4	721783.2726066852
2105	72.4	12.18	712361.1412902041
2106	72.4	12.16	705479.6189212891
2107	73.06	10.62	704314.4010261572
2108	73.06	10.62	697113.1831310252
2109	73.06	10.6	690433.4876048081
2110	73.06	10.58	686095.965235893
2111	73.06	11.0	681014.747340761
2112	73.06	11.2	675829.2249718459
2113	73.06	10.98	666080.61602428
2114	73.76	9.84	672963.0936553649
2115	73.76	9.64	670116.353391318
2116	73.76	10.04	668420.353391318
2117	73.76	10.26	667144.9623388839
2118	73.76	10.26	670960.9623388838
2119	73.76	9.38	677852.6578651008
2120	73.76	9.58	681560.9623388838
2121	73.76	9.58	687382.4847077988
2122	73.76	9.58	695963.3981291477
2123	73.76	9.8	705812.9204980629
2124	73.76	9.58	706354.7891815819
2125	73.76	9.6	706782.1802340159
2126	73.76	9.82	704026.1802340159
2127	73.76	9.82	696915.702602931
2128	73.76	10.26	692261.8757602329
2129	73.76	9.6	689300.657865101
2130	73.76	9.16	679023.744443752
2131	73.76	8.74	671284.0489175351
2132	73.76	8.52	659412.0489175352
2133	73.76	8.52	650622.5265486202
2134	73.76	8.74	641207.1773370072
2135	73.76	8.74	641759.2191778284
2136	73.76	8.3	644121.7386497345
2137	73.76	7.86	632357.4341759515
2138	73.76	7.42	625492.8670692067
2139	73.76	7.84	621266.4312789426
2140	73.76	7.62	621168.9089100277
2141	73.48	8.12	624673.2970654529
2142	73.48	8.78	614403.165748972
2143	73.48	8.78	604445.9478538401
2144	73.48	9.22	595124.7299587082
2145	73.72	8.76	589885.9896946612
2146	73.72	8.78	579709.9896946612
2147	73.72	8.58	578330.2941684441
2148	73.72	8.34	566138.5986422271
2149	73.72	8.34	554054.5986422271
2150	73.72	8.12	545362.5986422271
2151	73.72	8.1	537094.5986422271
2152	73.72	8.34	530525.9896946611
2153	73.72	8.54	521934.9031160101
2154	73.72	8.1	519697.034432491
2155	73.72	8.32	519693.643380057
2156	73.72	7.9	519047.4702227549
2157	73.72	8.34	519360.38364410383
2158	73.72	8.78	518401.2970654528
2159	73.72	8.58	516274.5149605847
2160	73.72	8.6	516170.2104868017
2161	73.72	8.38	516701.9060130187
2162	73.72	8.62	516277.9060130187
2163	73.72	8.84	515857.29706545273
2164	73.72	8.4	510341.9060130186
2165	73.72	8.4	507155.12390815065
2166	73.72	7.56	506623.42838193366
2167	73.72	7.12	508538.21048680163
2168	73.72	6.68	501323.4283819336
2169	73.72	7.78	492096.3418032825
2170	73.72	7.36	485736.3418032825
2171	73.72	7.36	477794.8194343676
2172	73.72	7.14	465707.4283819336
2173	73.72	7.14	455221.9060130186
2174	73.72	7.56	451924.03732949967
2175	73.72	7.34	451187.12390815065
2176	73.72	7.12	452573.60153923574
2177	73.72	6.9	452893.29706545273
2178	73.72	6.24	450446.81943436764
2179	73.72	6.68	448538.81943436764
2180	73.72	7.1	448010.51496058464
2181	73.72	7.54	449080.6881178867
2182	73.72	7.54	451634.8612751888
2183	73.72	7.54	450359.4702227547
2184	73.72	6.66	450672.3836441037
2185	73.72	6.44	447795.1239081507
2186	73.72	6.44	444699.08206732967
2187	73.72	6.44	444702.47311976366
2188	73.72	7.1	440442.1268051596
2189	73.72	7.12	438631.6491740746
2190	73.72	6.9	439691.6491740746
2191	74.0	5.74	433639.8699662154
2192	74.0	5.5	432892.7833875644
2193	74.0	5.28	433205.6968089134
2194	74.0	4.84	433845.08786134736
2195	74.0	4.4	430540.4370729603
2196	74.0	3.96	429056.4370729603
2197	74.0	3.96	427996.4370729603
2198	74.0	4.4	428316.1325991773
2199	74.0	4.18	432145.6968089134
2200	74.0	4.4	431933.6968089134
2201	74.0	3.98	432149.08786134736
2202	74.0	3.54	431509.6968089134
2203	74.0	3.76	432253.39233513037
2204	74.0	4.2	432149.08786134736
2205	74.0	3.76	431190.00128269626
2206	74.0	4.2	430130.00128269626
2207	74.0	3.98	428006.6102302623
2208	74.0	4.2	428854.6102302623
2209	74.0	3.76	429063.2191778283
2210	74.0	3.76	427145.0460205262
2211	74.0	3.78	425334.5683894411
2212	74.0	3.34	423843.7862845731
2213	74.0	3.12	421289.613127271
2214	74.0	3.56	419058.52654862
2215	74.0	3.78	415225.57128644997
2216	74.0	4.44	412674.7891815819
2217	74.0	4.66	408209.2249718458
2218	74.0	5.1	410760.0070767139
2219	74.0	5.1	410864.3115504969
2220	74.0	5.74	411493.5294456288
2221	74.0	6.4	412863.0518145438
2222	74.0	6.84	413391.35628832673
2223	74.0	7.06	415184.8786572417
2224	74.0	6.42	418465.7920785906
2225	74.0	6.86	415904.83681642055
2226	74.0	7.08	418771.9233950715
2227	74.0	7.74	418452.22786885453
2228	74.0	7.96	418876.22786885453
2229	74.0	7.74	417277.7502377695
2230	74.0	7.54	418337.7502377695
2231	74.0	7.76	416419.5770804674
2232	74.0	7.54	416947.88155425043
2233	74.0	7.54	417375.2726066845
2234	74.0	7.98	414501.4039231654
2235	74.0	8.42	415033.0994493824
2236	74.0	8.64	414185.0994493824
2237	74.0	8.64	415460.4905018165
2238	74.0	8.42	415248.4905018165
2239	74.0	7.76	415672.4905018165
2240	74.0	7.98	414824.4905018165
2241	74.0	8.64	414619.2726066846
2242	74.0	8.44	415467.2726066846
2243	74.0	8.44	414834.66365911864
2244	74.0	8.86	414726.96813290165
2245	74.0	8.84	416113.44576398673
2246	74.0	9.06	416651.92339507176
2247	74.0	9.5	417930.70549993985
2248	74.0	9.52	419424.87865724193
2249	74.0	9.96	417829.7920785909
2250	74.0	10.18	419428.269709676
2251	74.0	10.62	420175.3562883271
2252	74.0	11.06	421030.1383931951
2253	74.0	11.08	421672.9204980632
2254	74.0	10.86	421780.6160242802
2255	74.0	11.08	421144.6160242802
2256	74.0	11.08	421895.0936553653
2257	74.0	11.3	423389.2668126673
2258	74.0	11.08	423719.1354961864
2259	74.0	11.96	424577.30865348846
2260	74.0	11.74	426811.78628457355
2261	74.0	11.74	427881.9594418756
2262	74.0	11.96	428736.74154674367
2263	74.0	11.74	431714.91470404575
2264	74.0	11.5	432889.3923351308
2265	74.0	10.84	434171.56549243286
2266	74.0	10.62	435558.04312351794
2267	74.0	10.38	438314.04312351794
2268	74.0	10.38	436715.56549243286
2269	74.0	10.38	438199.56549243286
2270	74.0	9.96	437775.56549243286
2271	74.0	9.52	436079.56549243286
2272	74.0	9.08	440114.34759730095
2273	74.0	8.86	439703.911807037
2274	74.0	9.08	436954.69391190505
2275	74.0	9.08	439404.5625954241
2276	74.0	9.3	437600.86706920713
2277	74.0	9.3	440050.7357527262
2278	74.0	9.52	441746.7357527262
2279	74.0	9.52	443866.7357527262
2280	74.0	9.52	444283.9536478581
2281	74.0	9.28	446723.6491740751
2282	74.0	9.72	446397.1715429901
2283	74.0	9.7	445646.693911905
2284	74.0	9.7	447234.998385688
2285	74.0	9.48	448076.2162808199
2286	74.0	9.26	448385.7386497349
2287	74.0	9.26	450815.2610186498
2288	74.0	9.26	452504.4789137817
2289	74.0	9.92	460341.69680891366
2290	74.0	10.14	467546.3057564797
2291	74.0	9.92	472210.3057564797
2292	74.0	10.36	474226.00128269667
2293	74.0	10.58	476029.69680891366
2294	74.0	10.38	476453.69680891366
2295	74.0	10.62	478469.39233513066
2296	74.0	10.62	479953.39233513066
2297	74.0	9.94	480162.00128269667
2298	74.0	9.5	480794.6102302626
2299	74.0	9.28	480898.91470404563
2300	74.0	8.84	480686.91470404563
2301	74.0	8.6	481746.91470404563
2302	74.0	8.6	482594.91470404563
2303	74.0	8.16	488110.3057564797
2304	74.0	7.5	499245.3923351307
2305	74.0	7.06	498074.30575647973
2306	74.0	7.06	500083.21917782864
2307	74.0	6.84	503572.7415467436
2308	74.0	6.62	502603.48181079054
2309	74.0	6.38	503761.00417970546
2310	74.0	6.8	503858.5265486204
2311	74.0	7.02	504484.35339131835
2312	74.0	6.8	505749.57128645026
2313	74.0	6.78	505853.87576023326
2314	74.0	6.14	505524.0070767142
2315	74.0	6.56	503922.1383931951
2316	73.84	7.38	504275.0518145441
2317	73.84	8.04	507562.74734076107
2318	73.84	6.94	509363.0518145441
2319	73.84	6.92	511695.0518145441
2320	73.84	7.36	514555.3562883271
2321	73.84	7.78	514767.3562883271
2322	73.84	8.22	515187.965235893
2323	73.84	8.22	513902.4010261569
2324	73.46	9.26	514467.6189212889
2325	73.46	9.24	512865.7502377698
2326	72.7	10.2	511351.2726066847
2327	72.7	10.2	510173.40392316564
2328	72.7	9.98	510597.40392316564
2329	72.7	10.2	511869.40392316564
2330	72.7	9.98	512081.40392316564
2331	72.7	9.78	513565.40392316564
2332	72.7	9.34	516324.7949755996
2333	72.7	9.14	518340.4905018166
2334	72.7	9.14	516644.4905018166
2335	72.7	9.14	515375.88155425066
2336	72.7	9.36	514635.57708046766
2337	72.7	9.58	511667.57708046766
2338	72.7	10.02	509651.88155425066
2339	72.7	9.58	501488.18602803367
2340	72.7	9.36	493745.0994493826
2341	72.7	9.12	488650.3173445145
2342	72.7	8.68	485675.53523964644
2343	72.7	8.46	482381.05760856136
2344	72.7	8.46	479614.8844512593
2345	72.7	8.46	476000.71129395725
2346	72.7	8.68	474085.92918908916
2347	72.7	8.92	471639.4515580041
2348	72.7	8.92	468980.97392691905
2349	72.7	8.9	466322.49629583396
2350	72.7	9.12	464835.1052433999
2351	72.7	8.92	461752.6276123148
2352	72.7	9.14	459413.84550744673
2353	72.06	10.42	450127.97682392766
2354	72.06	10.86	438780.8902452766
2355	72.06	11.52	438464.5857714936
2356	72.06	10.64	434325.49919284263
2357	72.06	10.42	428705.80366662564
2358	72.06	10.64	427541.49919284263
2359	72.06	10.0	426057.49919284263
2360	72.06	9.14	423405.80366662564
2361	72.06	9.14	420754.10814040864
2362	72.06	9.14	419801.80366662564
2363	72.06	9.16	416615.02156175754
2364	72.06	10.24	415770.41261419153
2365	72.06	10.04	415878.1081404085
2366	72.22	9.0	415733.8036666255
2367	72.22	8.8	412351.9768239276
2368	72.22	9.88	413004.93208609766
2369	72.12	10.44	410547.40971718275
2370	72.12	10.22	409928.3649793528
2371	72.12	10.22	409188.0605055698
2372	72.12	9.98	404840.3649793528
2373	72.12	10.42	403040.0605055698
2374	72.5	9.38	400772.0605055698
2375	72.5	9.16	400243.7560317868
2376	73.26	7.98	400371.7560317868
2377	73.26	7.96	400163.1470842208
2378	73.26	8.18	398574.8426104378
2379	73.26	7.3	395075.1470842208
2380	73.26	7.74	394122.8426104378
2381	73.26	8.16	392743.1470842208
2382	73.26	8.14	388711.7560317868
2383	73.26	8.36	386487.4515580038
2384	73.26	8.34	387231.1470842208
2385	73.26	8.12	386591.7560317868
2386	73.26	7.9	384895.7560317868
2387	73.26	7.46	383728.0605055698
2388	73.26	7.02	384902.5381366549
2389	73.26	7.02	383738.2336628719
2390	73.26	6.8	382469.62471530586
2391	73.26	7.24	382361.92918908887
2392	73.26	7.22	382254.2336628719
2393	73.26	7.42	383738.2336628719
2394	73.26	7.64	386177.92918908887
2395	73.26	7.42	387342.2336628719
2396	73.26	7.42	388294.5381366549
2397	73.26	7.2	391158.2336628719
2398	73.26	7.86	392329.32024152286
2399	73.26	8.3	393709.01576773985
2400	73.26	8.3	394553.62471530586
2401	73.26	8.74	396465.01576773985
2402	73.26	8.5	397417.32024152286
2403	73.9	7.22	400757.01576773985
2404	73.9	6.78	398845.62471530586
2405	73.9	6.76	400329.62471530586
2406	73.9	7.2	402133.32024152286
2407	73.9	7.64	402769.32024152286
2408	73.9	7.64	406585.32024152286
2409	73.9	8.5	406797.32024152286
2410	73.9	8.94	409344.71129395685
2411	73.9	8.5	410616.71129395685
2412	73.9	8.92	410401.32024152286
2413	73.9	9.58	411565.62471530586
2414	73.9	9.16	414008.71129395685
2415	73.28	10.44	414216.71129395685
2416	73.28	10.66	414109.01576773985
2417	73.28	10.44	413355.1470842208
2418	73.28	10.46	411325.8873482677
2419	73.38	9.92	412619.1052433997
2420	73.38	10.14	410589.8455074466
2421	73.38	9.28	419285.23655988066
2422	72.66	10.46	418297.54103366367
2423	72.66	10.24	419885.8455074467
2424	72.66	10.24	421154.4544550127
2425	72.66	10.26	422318.7589287957
2426	72.66	10.26	424435.3678763617
2427	72.66	9.84	426551.97682392766
2428	72.66	9.6	429095.97682392766
2429	72.66	10.26	434927.6723501447
2430	72.66	9.6	436623.6723501447
2431	72.66	9.62	436630.45445501275
2432	72.66	9.86	437374.14998122974
2433	72.66	9.64	435886.75892879575
2434	72.66	9.88	435994.45445501275
2435	72.66	9.66	437374.14998122974
2436	72.66	9.88	440130.14998122974
2437	72.66	10.32	443848.6276123148
2438	72.66	10.76	444161.5410336637
2439	72.66	10.98	446496.9320860978
2440	72.66	11.42	449037.5410336637
2441	72.66	11.44	451053.2365598807
2442	72.66	11.46	452325.2365598807
2443	72.66	11.48	452325.2365598807
2444	72.66	11.48	451369.5410336637
2445	72.66	11.26	452860.32313853176
2446	72.66	11.24	452544.01866474876
2447	72.66	11.9	452544.01866474876
2448	71.9	12.86	450396.9320860978
2449	71.9	12.88	450820.9320860978
2450	71.9	13.1	450396.9320860978
2451	71.9	12.66	450817.5410336637
2452	71.9	12.9	451241.5410336637
2453	71.9	13.12	450285.84550744673
2454	71.9	13.54	452829.84550744673
2455	71.9	12.68	450282.45445501275
2456	71.9	12.86	450070.45445501275
2457	71.9	12.86	451450.14998122974
2458	71.9	12.42	452086.14998122974
2459	71.9	12.0	453361.5410336637
2460	71.9	12.0	453893.2365598807
2461	71.9	12.44	455804.62761231477
2462	71.9	12.02	456440.62761231477
2463	71.9	11.8	457716.01866474876
2464	71.9	12.22	456544.9320860978
2465	72.52	11.36	458032.9320860978
2466	72.52	11.8	459621.2365598807
2467	72.52	11.58	459409.2365598807
2468	72.52	11.58	459833.2365598807
2469	72.52	11.36	459409.2365598807
2470	72.52	11.14	458665.5410336637
2471	72.52	11.58	450922.4544550127
2472	73.24	10.2	452650.4544550127
2473	73.24	9.96	452226.4544550127
2474	73.24	10.18	451910.1499812297
2475	73.24	10.18	452441.8455074467
2476	73.24	10.38	450533.8455074467
2477	73.24	10.82	448625.8455074467
2478	73.24	11.28	446822.1499812297
2479	73.24	11.28	443645.54103366367
2480	73.24	11.72	441316.9320860978
2481	73.24	11.28	440250.1499812297
2482	73.24	11.06	440038.1499812297
2483	73.24	11.5	442158.1499812297
2484	73.24	11.5	442154.7589287957
2485	73.24	11.5	440455.3678763617
2486	73.24	11.28	440243.3678763617
2487	73.24	11.28	439284.2812977106
2488	73.24	10.84	438856.8902452766
2489	73.24	10.62	437265.1947190596
2490	73.24	11.06	436841.1947190596
2491	73.24	10.84	435673.49919284263
2492	73.24	10.18	433132.8902452766
2493	73.24	10.18	434300.5857714936
2494	73.24	9.96	434832.2812977106
2495	73.24	9.08	431436.8902452766
2496	73.24	9.32	431117.1947190596
2497	73.24	8.88	430797.49919284263
2498	74.0	7.7	433469.49919284263
2499	74.0	6.6	431874.41261419165
2500	74.0	6.38	432826.7170879746
2501	74.0	6.38	431874.41261419165
2502	74.0	6.6	431982.10814040864
2503	74.0	6.82	433149.80366662564
2504	74.0	7.06	433469.49919284263
2505	74.0	7.5	437184.5857714936
2506	74.0	7.76	436972.5857714936
2507	74.0	7.52	435384.2812977106
2508	74.0	7.74	433052.2812977106
2509	74.0	7.94	432732.5857714936
2510	74.0	8.16	432093.1947190596
2511	74.0	7.94	431665.80366662564
2512	74.0	7.94	432621.49919284263
2513	74.0	7.94	432732.5857714937
2514	74.0	7.96	433691.6723501447
2515	74.0	7.74	434119.0634025787
2516	74.0	7.74	433378.7589287957
2517	74.0	8.18	434226.7589287957
2518	74.0	8.18	434438.7589287957
2519	74.0	8.18	434331.0634025787
2520	74.0	7.72	433799.3678763617
2521	74.0	7.94	433695.0634025787
2522	74.0	7.94	434543.0634025787
2523	74.0	8.18	435286.7589287957
2524	74.0	8.38	435717.5410336637
2525	74.0	8.38	435939.7141909658
2526	74.0	8.16	436266.1918220509
2527	74.0	7.94	437016.6694531359
2528	74.0	7.94	438941.62471530604
2529	74.0	7.28	438416.7112939571
2530	74.0	7.06	438941.62471530604
2531	74.0	6.84	440540.10234639107
2532	74.0	6.62	441492.4068201741
2533	74.0	6.4	441704.4068201741
2534	74.0	6.62	442020.7112939571
2535	74.0	6.84	443504.7112939571
2536	74.0	6.18	443609.0157677401
2537	73.28	7.3	441561.3202415231
2538	73.28	7.28	441137.3202415231
2539	73.28	7.5	440181.6247153061
2540	73.28	7.28	441453.6247153061
2541	73.28	7.28	441241.6247153061
2542	73.28	7.94	442510.2336628721
2543	73.28	7.72	440494.5381366551
2544	73.28	7.5	439754.2336628721
2545	73.28	8.38	442402.5381366551
2546	73.28	7.94	444317.32024152315
2547	73.28	8.16	441561.32024152315
2548	73.28	8.16	441245.01576774014
2549	73.28	9.04	442631.4933988252
2550	73.28	9.04	441359.4933988252
2551	73.28	9.48	439979.7978726082
2552	73.28	9.24	438707.7978726082
2553	73.28	8.8	436480.1023463912
2554	73.28	8.8	436799.7978726082
2555	73.28	8.8	435208.1023463912
2556	73.28	8.14	434891.7978726082
2557	73.28	8.16	434252.40682017413
2558	73.28	7.94	433727.4933988252
2559	73.28	7.74	431499.7978726082
2560	73.28	7.52	429167.7978726082
2561	73.28	7.94	426943.4933988252
2562	73.28	8.38	424927.7978726082
2563	73.28	8.16	424709.0157677401
2564	73.28	7.92	423537.9291890891
2565	73.28	7.72	421838.5381366551
2566	73.28	7.06	419503.14708422107
2567	73.28	7.04	417810.5381366551
2568	73.28	6.82	416222.2336628721
2569	73.28	7.04	416232.40682017413
2570	73.28	7.72	417302.5799774762
2571	73.28	7.5	418157.3620823443
2572	73.28	7.28	418271.83971342933
2573	73.28	7.28	417854.6218182974
2574	73.28	7.3	418386.3173445144
2575	73.28	7.74	417534.92629208043
2576	73.28	7.96	418594.92629208043
2577	73.28	8.18	420506.3173445144
2578	73.28	7.94	419119.83971342945
2579	73.28	8.82	419331.83971342945
2580	73.28	8.8	418278.6218182975
2581	73.28	9.02	417218.6218182975
2582	73.28	9.46	417232.18602803355
2583	73.28	9.68	417138.0547115526
2584	73.28	9.24	417572.2278688547
2585	73.28	9.68	418857.7920785908
2586	73.28	10.78	418443.96523589286
2587	74.0	9.88	419323.96523589286
2588	74.0	10.34	418587.05181454384
2589	74.0	9.9	418267.35628832685
2590	74.0	9.88	415195.05181454384
2591	74.0	10.1	413075.05181454384
2592	74.0	10.54	412863.05181454384
2593	74.0	10.76	413606.74734076083
2594	74.0	10.98	414771.05181454384
2595	74.0	11.42	413606.74734076083
2596	74.0	11.42	410631.96523589274
2597	74.0	11.2	410843.96523589274
2598	74.0	10.98	409252.26970967575
2599	74.0	10.96	408293.18313102477
2600	74.0	10.96	407869.18313102477
2601	74.0	10.96	408929.18313102477
2602	74.0	10.76	408397.4876048078
2603	74.0	10.96	408609.4876048078
2604	74.0	10.52	406698.0965523738
2605	74.0	10.52	406486.0965523738
2606	74.0	10.3	406166.4010261568
2607	74.0	10.52	405954.4010261568
2608	74.0	10.96	404679.00997372274
2609	74.0	11.18	405634.7054999398
2610	74.0	11.18	405846.7054999398
2611	74.0	10.96	407122.0965523738
2612	74.0	10.3	406805.7920785908
2613	74.0	10.3	404366.0965523738
2614	74.0	10.3	403837.7920785908
2615	74.0	10.52	403733.4876048078
2616	74.0	10.74	403733.4876048078
2617	74.0	10.32	403312.8786572418
2618	74.0	10.54	402781.1831310248
2619	74.0	10.54	400651.00997372274
2620	74.0	9.66	399584.2278688547
2621	74.0	9.86	397349.7502377696
2622	74.0	10.3	395327.2726066846
2623	74.0	10.3	394368.1860280335
2624	74.0	9.86	392877.4039231654
2625	74.0	9.4	392026.01287073136
2626	74.0	9.42	389367.53523964627
2627	74.0	9.42	385433.6665561272
2628	74.0	9.22	383623.18892504217
2629	74.0	8.78	381600.7112939571
2630	74.0	8.8	380426.233662872
2631	74.0	8.8	378935.45155800396
2632	74.0	8.8	375953.8873482679
2633	74.0	8.14	373611.7141909658
2634	74.0	8.14	371589.2365598807
2635	74.0	7.9	368819.6723501447
2636	74.0	7.46	367221.1947190596
2637	74.0	7.24	366268.8902452766
2638	74.0	6.8	365521.80366662564
2639	74.0	7.24	366053.49919284263
2640	74.0	7.04	366053.49919284263
2641	74.0	6.6	365841.49919284263
2642	74.0	6.38	364781.49919284263
2643	74.0	5.94	363509.49919284263
2644	74.0	5.5	361069.80366662564
2645	74.0	5.72	360538.10814040864
2646	74.0	5.72	360538.10814040864
2647	74.0	5.94	360326.10814040864
2648	74.0	5.5	360114.10814040864
2649	74.0	5.5	359478.10814040864
2650	74.0	5.48	358842.10814040864
2651	74.0	5.7	357782.10814040864
2652	74.0	5.92	358418.10814040864
2653	74.0	6.14	358421.49919284263
2654	74.0	6.56	358209.49919284263
2655	74.0	6.78	358848.8902452766
2656	74.0	7.0	358212.8902452766
2657	74.0	7.0	358000.8902452766
2658	74.0	6.34	358848.8902452766
2659	74.0	5.9	359060.8902452766
2660	74.0	5.46	360864.5857714936
2661	74.0	5.04	360437.1947190596
2662	74.0	5.48	362028.8902452766
2663	74.0	5.26	362240.8902452766
2664	74.0	5.5	362348.5857714936
2665	74.0	5.48	362348.5857714936
2666	74.0	5.7	362668.2812977106
2667	74.0	6.34	362237.4991928425
2668	74.0	5.9	363304.2812977106
2669	74.0	5.66	363304.2812977106
2670	74.0	5.88	362772.5857714936
2671	74.0	5.46	362772.5857714936
2672	74.0	5.44	362560.5857714936
2673	74.0	5.0	362345.1947190596
2674	74.0	5.0	361493.80366662564
2675	74.0	5.24	360746.7170879746
2676	74.0	4.58	360746.7170879746
2677	74.0	4.56	361386.10814040864
2678	74.0	4.56	361386.10814040864
2679	74.0	5.0	361174.10814040864
2680	74.0	5.42	361705.80366662564
2681	74.0	4.98	361813.49919284263
2682	74.0	4.98	362237.49919284263
2683	74.0	4.98	362129.80366662564
2684	74.0	5.2	362557.1947190596
2685	74.0	3.9	363307.6723501447
2686	74.0	4.12	362775.97682392766
2687	74.0	3.9	362456.28129771067
2688	74.0	3.9	362244.28129771067
2689	74.0	3.9	362244.28129771067
2690	74.0	3.68	361924.5857714937
2691	74.0	3.66	361924.5857714937
2692	74.0	3.66	362668.28129771067
2693	74.0	4.08	362772.5857714937
2694	74.0	4.52	362560.5857714937
2695	74.0	4.06	362880.28129771067
2696	74.0	3.62	362880.28129771067
2697	74.0	3.62	362880.28129771067
2698	74.0	3.84	363304.28129771067
2699	74.0	3.42	363728.28129771067
2700	74.0	3.0	364579.6723501447
2701	74.0	2.78	364791.6723501447
2702	74.0	2.78	364155.6723501447
2703	74.0	2.36	364364.28129771067
2704	74.0	2.16	364895.97682392766
2705	74.0	1.94	363940.28129771067
2706	74.0	2.38	365000.28129771067
2707	74.0	2.38	366060.28129771067
2708	74.0	3.02	365952.5857714937
2709	74.0	3.24	365208.8902452767
2710	74.0	3.88	365316.5857714937
2711	74.0	4.1	364996.8902452767
2712	74.0	4.08	362661.4991928427
2713	74.0	4.5	362981.1947190597
2714	74.0	4.06	362449.4991928427
2715	74.0	3.84	362449.4991928427
2716	74.0	3.84	362661.4991928427
2717	74.0	3.42	362769.1947190597
2718	74.0	3.42	362022.10814040864
2719	74.0	3.62	362876.8902452767
2720	74.0	4.04	362772.5857714937
2721	74.0	4.26	362772.5857714937
2722	74.0	4.06	362772.5857714937
2723	74.0	4.28	362880.28129771067
2724	74.0	4.5	362987.97682392766
2725	74.0	4.48	363095.6723501447
2726	74.0	5.14	363415.3678763617
2727	74.0	4.72	365010.45445501275
2728	74.0	4.9	365225.84550744673
2729	74.0	4.88	365865.2365598807
2730	74.0	4.46	365653.2365598807
2731	74.0	5.12	365545.5410336637
2732	74.0	4.24	365653.2365598807
2733	74.0	4.46	365865.2365598807
2734	74.0	4.46	365333.5410336637
2735	74.0	5.12	365872.01866474876
2736	74.0	4.88	365979.71419096575
2737	74.0	5.08	366723.40971718275
2738	74.0	5.06	367679.10524339974
2739	74.0	5.06	368739.10524339974
2740	74.0	5.28	368951.10524339974
2741	74.0	5.52	370122.1918220507
2742	74.0	5.5	370226.4962958337
2743	74.0	5.3	370650.4962958337
2744	74.0	5.3	372134.4962958337
2745	74.0	5.54	372238.80076961673
2746	74.0	5.98	373194.4962958337
2747	74.0	5.98	375001.5828744847
2748	74.0	6.2	377865.2784007017
2749	74.0	6.42	379561.2784007017
2750	74.0	6.64	379345.8873482677
2751	74.0	6.4	380829.8873482677
2752	74.0	6.18	381253.8873482677
2753	74.0	5.94	381896.6694531358
2754	74.0	5.94	382963.4515580039
2755	74.0	6.16	384242.23366287193
2756	74.0	5.94	385214.884451259
2757	74.0	5.72	385638.884451259
2758	74.0	5.3	386062.884451259
2759	74.0	5.3	386910.884451259
2760	74.0	5.1	385635.493398825
2761	74.0	5.54	386062.884451259
2762	73.62	6.38	385786.884451259
2763	73.62	6.18	386739.188925042
2764	73.62	6.18	387691.493398825
2765	73.62	6.42	388643.797872608
2766	73.62	6.42	389808.102346391
2767	73.62	6.86	390760.406820174
2768	73.62	7.3	393529.9710299101
2769	73.62	7.12	395538.884451259
2770	73.62	6.26	397033.05760856107
2771	73.62	6.7	398735.83971342916
2772	73.62	6.92	400122.3173445142
2773	73.62	6.92	400337.7083969482
2774	73.62	6.7	400866.0128707312
2775	73.62	6.48	403514.3173445142
2776	73.62	6.04	404894.0128707312
2777	73.62	6.48	403507.53523964615
2778	73.62	6.52	404988.14418721216
2779	73.62	6.52	407535.5352396462
2780	73.62	6.72	408487.8397134292
2781	73.62	6.5	410500.1441872122
2782	73.62	7.38	411240.44866099523
2783	73.62	7.6	413784.44866099523
2784	73.62	7.38	415584.75313477824
2785	73.62	8.26	415894.2755036932
2786	73.62	8.06	417277.3620823443
2787	73.62	8.06	417920.14418721234
2788	73.62	8.3	418774.92629208043
2789	73.62	8.08	418791.8815542505
2790	73.62	8.06	420275.8815542505
2791	73.62	7.84	421123.8815542505
2792	73.62	7.64	421971.8815542505
2793	73.62	7.86	421867.5770804675
2794	73.62	7.86	421655.5770804675
2795	73.62	7.86	422291.5770804675
2796	73.62	7.86	422510.3591853356
2797	73.62	7.42	421982.0547115526
2798	73.62	7.86	420713.4457639866
2799	73.62	8.06	419868.8368164206
2800	73.62	8.28	420928.8368164206
2801	73.62	8.08	421460.53234263766
2802	73.62	8.3	423583.92339507164
2803	73.62	8.54	423896.83681642055
2804	73.62	8.76	424105.4457639865
2805	73.62	8.76	423146.3591853354
2806	73.62	8.96	422177.09944938234
2807	73.62	9.16	422496.79497559933
2808	73.62	9.82	422500.1860280333
2809	73.62	9.82	422288.1860280333
2810	73.62	10.04	422500.1860280333
2811	73.62	9.82	423139.5770804674
2812	74.0	8.56	424899.5770804674
2813	74.0	8.34	425111.5770804674
2814	74.0	8.56	425007.2726066844
2815	74.0	8.56	424690.9681329014
2816	74.0	8.78	423526.6636591184
2817	73.16	9.8	420982.3591853354
2818	73.16	9.8	419272.79497559933
2819	73.16	10.24	417364.79497559933
2820	73.16	10.68	418626.6218182973
2821	73.16	10.68	419255.8397134292
2822	73.16	10.68	419565.36208234413
2823	73.16	11.1	419669.66655612714
2824	73.16	11.54	420305.66655612714
2825	73.16	11.98	419245.66655612714
2826	73.16	11.76	420514.27550369315
2827	73.16	11.76	420938.27550369315
2828	73.16	11.1	421261.36208234413
2829	73.16	11.12	418922.5799774761
2830	73.16	10.92	418074.5799774761
2831	73.16	11.14	417334.2755036931
2832	73.16	11.36	417549.6665561271
2833	73.16	11.36	416489.6665561271
2834	73.16	11.58	415433.05760856107
2835	73.16	10.92	414901.3620823441
2836	73.16	11.14	415433.05760856107
2837	73.16	11.16	415857.05760856107
2838	73.16	10.72	416496.44866099505
2839	73.16	10.72	415951.188925042
2840	73.16	10.52	417341.05760856107
2841	73.16	10.96	418077.9710299101
2842	73.16	11.18	418713.9710299101
2843	73.16	11.4	419356.7531347781
2844	73.16	11.62	419895.2307658632
2845	73.16	11.62	420433.7083969483
2846	73.16	11.84	420743.2307658632
2847	72.32	13.56	419252.14418721216
2848	72.06	14.04	417457.0576085611
2849	72.06	14.06	417992.1441872122
2850	72.06	14.26	418426.3173445143
2851	72.06	14.7	418328.79497559933
2852	72.06	14.7	417275.5770804674
2853	72.06	14.92	416750.66365911847
2854	72.06	14.9	416754.05471155257
2855	72.06	14.68	417181.4457639866
2856	72.06	14.48	418884.2278688547
2857	72.06	14.5	418467.00997372274
2858	72.06	14.28	418366.09655237384
2859	72.06	14.06	420819.3562883269
2860	72.06	14.28	421569.833919412
2861	72.06	14.28	421253.529445629
2862	72.06	14.5	420829.529445629
2863	72.06	15.16	420405.529445629
2864	72.06	14.94	421361.224971846
2865	72.06	14.72	421889.529445629
2866	72.06	14.72	424009.529445629
2867	72.24	14.58	424333.833919412
2868	72.24	14.8	424333.833919412
2869	72.24	14.8	424226.138393195
2870	72.24	15.46	424660.311550497
2871	72.24	15.24	424566.1802340161
2872	72.24	14.58	425744.04891753517
2873	72.24	14.38	429358.22207483725
2874	72.24	13.94	430956.6997059223
2875	72.24	13.52	430320.6997059223
2876	72.24	14.18	430216.39523213933
2877	72.24	13.96	430542.87286322436
2878	72.24	14.62	430539.48181079037
2879	72.24	14.62	431925.95944187546
2880	71.6	15.92	432203.82812539453
2881	71.6	15.7	430400.13259917754
2882	71.6	15.04	429124.7415467435
2883	71.6	15.26	429239.2191778286
2884	71.6	15.04	430083.8281253946
2885	71.6	15.48	430612.13259917754
2886	71.6	15.48	430181.35049430944
2887	71.6	15.7	429538.56838944135
2888	71.6	15.92	428047.7862845733
2889	71.6	16.12	426984.39523213933
2890	71.6	16.34	426348.39523213933
2891	71.6	16.12	426042.26391565835
2892	71.6	16.12	425944.74154674343
2893	71.6	16.12	426368.74154674343
2894	71.6	15.68	426907.2191778284
2895	71.6	15.46	428081.69680891343
2896	71.6	15.24	427132.7833875644
2897	72.44	13.52	429367.5654924325
2898	72.7	12.38	430954.04312351753
2899	72.7	12.38	431381.4341759516
2900	72.7	12.18	430210.3475973005
2901	72.7	11.96	431596.82522838545
2902	72.7	11.96	431169.43417595146
2903	72.7	12.18	431906.3475973004
2904	72.7	11.98	432431.2610186493
2905	72.7	11.76	432212.4789137813
2906	72.7	11.98	433171.5654924323
2907	72.7	11.76	432108.17443999817
2908	72.7	11.76	430721.69680891314
2909	72.7	12.18	427316.1325991771
2910	72.7	11.96	426565.654968092
2911	72.7	11.96	424650.87286322395
2912	72.7	12.16	424334.56838944094
2913	72.7	11.72	423170.26391565794
2914	72.7	11.72	421258.87286322395
2915	72.7	12.16	419774.87286322395
2916	72.7	11.72	417974.56838944094
2917	73.36	10.62	420090.26391565794
2918	73.36	10.4	419134.56838944094
2919	73.36	9.74	418394.26391565794
2920	73.36	9.52	416368.39523213886
2921	73.36	9.28	415614.5265486198
2922	73.36	9.5	413800.6578651007
2923	73.36	8.84	408699.09365536465
2924	73.36	9.04	406888.6160242796
2925	73.36	9.02	407524.6160242796
2926	73.36	8.56	405401.2249718456
2927	73.36	8.34	405394.44286697754
2928	73.36	8.34	403590.74734076054
2929	73.36	7.9	401356.26970967546
2930	74.0	6.38	400866.4010261564
2931	74.0	5.72	402781.1831310245
2932	74.0	6.16	403208.57418345846
2933	74.0	5.92	401505.79207859037
2934	74.0	6.36	399809.79207859037
2935	74.0	6.36	398214.7054999394
2936	74.0	6.56	397154.7054999394
2937	74.0	5.9	395987.0099737224
2938	74.0	6.12	396511.9233950714
2939	74.0	6.14	397571.9233950714
2940	74.0	6.36	397137.75023776933
2941	74.0	6.14	396279.57708046725
2942	74.0	5.92	395105.0994493822
2943	74.0	5.9	394462.31734451413
2944	74.0	6.12	393705.05760856107
2945	74.0	6.12	392311.797872608
2946	74.0	6.12	392624.711293957
2947	74.0	6.56	391662.23366287193
2948	74.0	6.78	390911.75603178685
2949	74.0	6.78	391005.88734826783
2950	74.0	6.56	389939.1052433998
2951	74.0	7.0	390026.45445501275
2952	74.0	7.22	392775.6723501447
2953	74.0	7.0	391607.97682392766
2954	74.0	7.0	389592.28129771067
2955	74.0	7.0	389387.06340257876
2956	74.0	7.22	386085.8036666257
2957	74.0	7.22	385974.7170879747
2958	74.0	7.44	389474.4126141917
2959	74.0	7.02	390850.7170879747
2960	74.0	6.8	390746.4126141917
2961	74.0	6.8	392122.7170879747
2962	74.0	6.6	393078.4126141917
2963	74.0	6.6	392970.7170879747
2964	74.0	6.82	393401.49919284275
2965	74.0	6.38	394357.19471905974
2966	74.0	6.6	394989.80366662575
2967	74.0	6.6	395094.10814040876
2968	74.0	6.38	395730.10814040876
2969	74.0	6.6	399017.80366662575
2970	74.0	6.38	400713.80366662575
2971	74.0	6.62	400925.80366662575
2972	74.0	6.82	400397.49919284275
2973	74.0	7.48	401992.5857714938
