TS	X	Y
0	8	0
1	8.0	3.2
2	8.0	3.84
3	8.0	3.968
4	8.0	3.9936
5	8.0	3.99872
6	8.0	3.9997439999999997
7	8.0	3.9999488
8	8.0	3.99998976
9	8.0	3.999997952
10	8.0	3.9999995904
11	8.0	3.99999991808
12	8.0	3.999999983616
13	8.0	3.9999999967232
14	8.0	3.99999999934464
15	8.0	3.999999999868928
16	8.0	3.9999999999737854
17	8.0	3.999999999994757
18	8.0	3.9999999999989515
19	8.0	3.9999999999997904
20	8.0	3.9999999999999583
21	8.0	3.9999999999999916
22	8.0	3.9999999999999982
23	8.0	3.9999999999999996
24	8.0	4.0
25	8	4
26	8	4
27	8	4
28	8	4
29	8	4
30	8	4
31	8	4
32	8	4
33	8	4
34	8	4
35	8	4
36	8	4
37	8	4
38	8	4
39	8	4
40	8	4
41	8	4
42	8	4
43	8	4
44	8	4
45	8	4
46	8	4
47	8	4
48	8	4
49	8	4
50	8	4
51	8	4
52	8	4
53	8	4
54	8	4
55	8	4
56	8	4
57	8	4
58	8	4
59	8	4
60	8	4
61	8	4
62	8	4
63	8	4
64	8	4
65	8	4
66	8	4
67	8	4
68	8	4
69	8	4
70	8	4
71	8	4
72	8	4
73	8	4
74	8	4
75	8	4
76	8	4
77	8	4
78	8	4
79	8	4
80	8	4
81	8	4
82	8	4
83	8	4
84	8	4
85	8	4
86	8	4
87	8	4
88	8	4
89	8	4
90	8	4
91	8	4
92	8	4
93	8	4
94	8	4
95	8	4
96	8	4
97	8	4
98	8	4
99	8	4
100	8	4
101	8	4
102	8	4
103	8	4
104	8	4
105	8	4
106	8	4
107	8	4
108	8	4
109	8	4
110	8	4
111	8	4
112	8	4
113	8	4
114	8	4
115	8	4
116	8	4
117	8	4
118	8	4
119	8	4
120	8	4
121	8	4
122	8	4
123	8	4
124	8	4
125	8	4
126	8	4
127	8	4
128	8	4
129	8	4
130	8	4
131	8	4
132	8	4
133	8	4
134	8	4
135	8	4
136	8	4
137	8	4
138	8	4
139	8	4
140	8	4
141	8	4
142	8	4
143	8	4
144	8	4
145	8	4
146	8	4
147	8	4
148	8	4
149	8	4
150	8	4
151	8	4
152	8	4
153	8	4
154	8	4
155	8	4
156	8	4
157	8	4
158	8	4
159	8	4
160	8	4
161	8	4
162	8	4
163	8	4
164	8	4
165	8	4
166	8	4
167	8	4
168	8	4
169	8	4
170	8	4
171	8	4
172	8	4
173	8	4
174	8	4
175	8	4
176	8	4
177	8	4
178	8	4
179	8	4
180	8	4
181	8	4
182	8	4
183	8	4
184	8	4
185	8	4
186	8	4
187	8	4
188	8	4
189	8	4
190	8	4
191	8	4
192	8	4
193	8	4
194	8	4
195	8	4
196	8	4
197	8	4
198	8	4
199	8	4
200	8	4
201	8	4
202	8	4
203	8	4
204	8	4
205	8	4
206	8	4
207	8	4
208	8	4
209	8	4
210	8	4
211	8	4
212	8	4
213	8	4
214	8	4
215	8	4
216	8	4
217	8	4
218	8	4
219	8	4
220	8	4
221	8	4
222	8	4
223	8	4
224	8	4
225	8	4
226	8	4
227	8	4
228	8	4
229	8	4
230	8	4
231	8	4
232	8	4
233	8	4
234	8	4
235	8	4
236	8	4
237	8	4
238	8	4
239	8	4
240	8	4
241	8	4
242	8	4
243	8	4
244	8	4
245	8	4
246	8	4
247	8	4
248	8	4
249	8	4
250	8	4
251	8	4
252	8	4
253	8	4
254	8	4
255	8	4
256	8	4
257	8	4
258	8	4
259	8	4
260	8	4
261	8	4
262	8	4
263	8	4
264	8	4
265	8	4
266	8	4
267	8	4
268	8	4
269	8	4
270	8	4
271	8	4
272	8	4
273	8	4
274	8	4
275	8	4
276	8	4
277	8	4
278	8	4
279	8	4
280	8	4
281	8	4
282	8	4
283	8	4
284	8	4
285	8	4
286	8	4
287	8	4
288	8	4
289	8	4
290	8	4
291	8	4
292	8	4
293	8	4
294	8	4
295	8	4
296	8	4
297	8	4
298	8	4
299	8	4
300	8	4
301	8	4
302	8	4
303	8	4
304	8	4
305	8	4
306	8	4
307	8	4
308	8	4
309	8	4
310	8	4
311	8	4
312	8	4
313	8	4
314	8	4
315	8	4
316	8	4
317	8	4
318	8	4
319	8	4
320	8	4
321	8	4
322	8	4
323	8	4
324	8	4
325	8	4
326	8	4
327	8	4
328	8	4
329	8	4
330	8	4
331	8	4
332	8	4
333	8	4
334	8	4
335	8	4
336	8	4
337	8	4
338	8	4
339	8	4
340	8	4
341	8	4
342	8	4
343	8	4
344	8	4
345	8	4
346	8	4
347	8	4
348	8	4
349	8	4
350	8	4
351	8	4
352	8	4
353	8	4
354	8	4
355	8	4
356	8	4
357	8	4
358	8	4
359	8	4
360	8	4
361	8	4
362	8	4
363	8	4
364	8	4
365	8	4
366	8	4
367	8	4
368	8	4
369	8	4
370	8	4
371	8	4
372	8	4
373	8	4
374	8	4
375	8	4
376	8	4
377	8	4
378	8	4
379	8	4
380	8	4
381	8	4
382	8	4
383	8	4
384	8	4
385	8	4
386	8	4
387	8	4
388	8	4
389	8	4
390	8	4
391	8	4
392	8	4
393	8	4
394	8	4
395	8	4
396	8	4
397	8	4
398	8	4
399	8	4
400	8	4
401	8	4
402	8	4
403	8	4
404	8	4
405	8	4
406	8	4
407	8	4
408	8	4
409	8	4
410	8	4
411	8	4
412	8	4
413	8	4
414	8	4
415	8	4
416	8	4
417	8	4
418	8	4
419	8	4
420	8	4
421	8	4
422	8	4
423	8	4
424	8	4
425	8	4
426	8	4
427	8	4
428	8	4
429	8	4
430	8	4
431	8	4
432	8	4
433	8	4
434	8	4
435	8	4
436	8	4
437	8	4
438	8	4
439	8	4
440	8	4
441	8	4
442	8	4
443	8	4
444	8	4
445	8	4
446	8	4
447	8	4
448	8	4
449	8	4
450	8	4
451	8	4
452	8	4
453	8	4
454	8	4
455	8	4
456	8	4
457	8	4
458	8	4
459	8	4
460	8	4
461	8	4
462	8	4
463	8	4
464	8	4
465	8	4
466	8	4
467	8	4
468	8	4
469	8	4
470	8	4
471	8	4
472	8	4
473	8	4
474	8	4
475	8	4
476	8	4
477	8	4
478	8	4
479	8	4
480	8	4
481	8	4
482	8	4
483	8	4
484	8	4
485	8	4
486	8	4
487	8	4
488	8	4
489	8	4
490	8	4
491	8	4
492	8	4
493	8	4
494	8	4
495	8	4
496	8	4
497	8	4
498	8	4
499	8	4
500	8	4
501	8	4
502	8	4
503	8	4
504	8	4
505	8	4
506	8	4
507	8	4
508	8	4
509	8	4
510	8	4
511	8	4
512	8	4
513	8	4
514	8	4
515	8	4
516	8	4
517	8	4
518	8	4
519	8	4
520	8	4
521	8	4
522	8	4
523	8	4
524	8	4
525	8	4
526	8	4
527	8	4
528	8	4
529	8	4
530	8	4
531	8	4
532	8	4
533	8	4
534	8	4
535	8	4
536	8	4
537	8	4
538	8	4
539	8	4
540	8	4
541	8	4
542	8	4
543	8	4
544	8	4
545	8	4
546	8	4
547	8	4
548	8	4
549	8	4
550	8	4
551	8	4
552	8	4
553	8	4
554	8	4
555	8	4
556	8	4
557	8	4
558	8	4
559	8	4
560	8	4
561	8	4
562	8	4
563	8	4
564	8	4
565	8	4
566	8	4
567	8	4
568	8	4
569	8	4
570	8	4
571	8	4
572	8	4
573	8	4
574	8	4
575	8	4
576	8	4
577	8	4
578	8	4
579	8	4
580	8	4
581	8	4
582	8	4
583	8	4
584	8	4
585	8	4
586	8	4
587	8	4
588	8	4
589	8	4
590	8	4
591	8	4
592	8	4
593	8	4
594	8	4
595	8	4
596	8	4
597	8	4
598	8	4
599	8	4
600	8	4
601	8	4
602	8	4
603	8	4
604	8	4
605	8	4
606	8	4
607	8	4
608	8	4
609	8	4
610	8	4
611	8	4
612	8	4
613	8	4
614	8	4
615	8	4
616	8	4
617	8	4
618	8	4
619	8	4
620	8	4
621	8	4
622	8	4
623	8	4
624	8	4
625	8	4
626	8	4
627	8	4
628	8	4
629	8	4
630	8	4
631	8	4
632	8	4
633	8	4
634	8	4
635	8	4
636	8	4
637	8	4
638	8	4
639	8	4
640	8	4
641	8	4
642	8	4
643	8	4
644	8	4
645	8	4
646	8	4
647	8	4
648	8	4
649	8	4
650	8	4
651	8	4
652	8	4
653	8	4
654	8	4
655	8	4
656	8	4
657	8	4
658	8	4
659	8	4
660	8	4
661	8	4
662	8	4
663	8	4
664	8	4
665	8	4
666	8	4
667	8	4
668	8	4
669	8	4
670	8	4
671	8	4
672	8	4
673	8	4
674	8	4
675	8	4
676	8	4
677	8	4
678	8	4
679	8	4
680	8	4
681	8	4
682	8	4
683	8	4
684	8	4
685	8	4
686	8	4
687	8	4
688	8	4
689	8	4
690	8	4
691	8	4
692	8	4
693	8	4
694	8	4
695	8	4
696	8	4
697	8	4
698	8	4
699	8	4
700	8	4
701	8	4
702	8	4
703	8	4
704	8	4
705	8	4
706	8	4
707	8	4
708	8	4
709	8	4
710	8	4
711	8	4
712	8	4
713	8	4
714	8	4
715	8	4
716	8	4
717	8	4
718	8	4
719	8	4
720	8	4
721	8	4
722	8	4
723	8	4
724	8	4
725	8	4
726	8	4
727	8	4
728	8	4
729	8	4
730	8	4
731	8	4
732	8	4
733	8	4
734	8	4
735	8	4
736	8	4
737	8	4
738	8	4
739	8	4
740	8	4
741	8	4
742	8	4
743	8	4
744	8	4
745	8	4
746	8	4
747	8	4
748	8	4
749	8	4
750	8	4
751	8	4
752	8	4
753	8	4
754	8	4
755	8	4
756	8	4
757	8	4
758	8	4
759	8	4
760	8	4
761	8	4
762	8	4
763	8	4
764	8	4
765	8	4
766	8	4
767	8	4
768	8	4
769	8	4
770	8	4
771	8	4
772	8	4
773	8	4
774	8	4
775	8	4
776	8	4
777	8	4
778	8	4
779	8	4
780	8	4
781	8	4
782	8	4
783	8	4
784	8	4
785	8	4
786	8	4
787	8	4
788	8	4
789	8	4
790	8	4
791	8	4
792	8	4
793	8	4
794	8	4
795	8	4
796	8	4
797	8	4
798	8	4
799	8	4
800	8	4
801	8	4
802	8	4
803	8	4
804	8	4
805	8	4
806	8	4
807	8	4
808	8	4
809	8	4
