EpNum	EpSteps	Reward	ener	dist
1	7	15	364.0	0.0
2	7	15	364.0	0.0
3	7	12	364.0	0.0
4	15	4	780.0	0.0
5	7	13	364.0	0.0
6	7	16	364.0	0.0
7	15	9	780.0	0.0
8	7	13	364.0	0.0
9	7	16	364.0	0.0
10	16	7	832.0	0.0
11	7	14	364.0	0.0
12	7	14	364.0	0.0
13	7	14	364.0	0.0
14	8	15	416.0	0.0
15	16	8	832.0	0.0
16	7	14	364.0	0.0
17	7	14	364.0	0.0
18	7	15	364.0	0.0
19	7	15	364.0	0.0
20	8	14	416.0	0.0
21	16	9	832.0	0.0
22	7	13	364.0	0.0
23	7	13	364.0	0.0
24	7	13	364.0	0.0
25	7	13	364.0	0.0
26	8	14	416.0	0.0
27	8	14	416.0	0.0
28	7	13	364.0	0.0
29	14	7	728.0	0.0
30	14	9	728.0	0.0
31	8	15	416.0	0.0
32	7	14	364.0	0.0
33	7	14	364.0	0.0
34	8	17	416.0	0.0
35	16	9	832.0	0.0
36	15	6	780.0	0.0
37	7	10	364.0	0.0
38	7	10	364.0	0.0
39	13	10	676.0	0.0
40	7	15	364.0	0.0
41	14	8	728.0	0.0
42	16	8	832.0	0.0
43	7	12	364.0	0.0
44	8	10	416.0	0.0
45	8	13	416.0	0.0
46	7	17	364.0	0.0
47	7	17	364.0	0.0
48	16	8	832.0	0.0
49	7	14	364.0	0.0
50	16	9	832.0	0.0
51	7	14	364.0	0.0
52	16	6	832.0	0.0
53	7	14	364.0	0.0
54	16	9	832.0	0.0
55	7	14	364.0	0.0
56	7	15	364.0	0.0
57	7	15	364.0	0.0
58	16	8	832.0	0.0
59	8	13	416.0	0.0
60	7	16	364.0	0.0
61	15	8	780.0	0.0
62	7	15	364.0	0.0
63	15	9	780.0	0.0
64	20	4	1040.0	0.0
65	7	13	364.0	0.0
66	15	10	780.0	0.0
67	7	17	364.0	0.0
68	16	7	832.0	0.0
69	7	12	364.0	0.0
70	7	15	364.0	0.0
71	16	7	832.0	0.0
72	7	12	364.0	0.0
73	7	12	364.0	0.0
74	23	-3	1196.0	0.0
75	8	12	416.0	0.0
76	16	9	832.0	0.0
77	15	6	780.0	0.0
78	8	13	416.0	0.0
79	8	16	416.0	0.0
80	8	15	416.0	0.0
81	7	15	364.0	0.0
82	16	7	832.0	0.0
83	7	13	364.0	0.0
84	8	16	416.0	0.0
85	8	16	416.0	0.0
86	8	16	416.0	0.0
87	21	3	1092.0	0.0
88	7	15	364.0	0.0
89	7	16	364.0	0.0
90	15	6	780.0	0.0
91	16	3	832.0	0.0
92	8	13	416.0	0.0
93	16	7	832.0	0.0
94	8	13	416.0	0.0
95	16	5	832.0	0.0
96	7	11	364.0	0.0
97	15	10	780.0	0.0
98	7	14	364.0	0.0
99	8	13	416.0	0.0
100	8	16	416.0	0.0
101	8	15	416.0	0.0
102	11	13	572.0	0.0
103	8	15	416.0	0.0
104	15	9	780.0	0.0
105	7	15	364.0	0.0
106	7	15	364.0	0.0
107	16	7	832.0	0.0
108	7	13	364.0	0.0
109	15	6	780.0	0.0
110	12	10	624.0	0.0
111	14	11	728.0	0.0
112	7	10	364.0	0.0
113	12	7	624.0	0.0
114	16	6	832.0	0.0
115	7	14	364.0	0.0
116	7	13	364.0	0.0
117	14	7	728.0	0.0
118	16	4	832.0	0.0
119	7	14	364.0	0.0
120	7	11	364.0	0.0
121	7	12	364.0	0.0
122	7	14	364.0	0.0
123	7	14	364.0	0.0
124	13	9	676.0	0.0
125	8	13	416.0	0.0
126	7	13	364.0	0.0
127	7	13	364.0	0.0
128	15	6	780.0	0.0
129	8	13	416.0	0.0
130	16	8	832.0	0.0
131	7	9	364.0	0.0
132	7	12	364.0	0.0
133	7	11	364.0	0.0
134	7	10	364.0	0.0
135	7	14	364.0	0.0
136	7	14	364.0	0.0
137	7	16	364.0	0.0
138	7	13	364.0	0.0
139	7	14	364.0	0.0
140	14	6	728.0	0.0
141	7	10	364.0	0.0
142	7	12	364.0	0.0
143	16	5	832.0	0.0
144	7	11	364.0	0.0
145	16	9	832.0	0.0
146	12	9	624.0	0.0
147	16	8	832.0	0.0
148	7	14	364.0	0.0
149	7	14	364.0	0.0
150	7	13	364.0	0.0
151	7	16	364.0	0.0
152	15	8	780.0	0.0
153	7	16	364.0	0.0
154	8	11	416.0	0.0
155	7	11	364.0	0.0
156	7	13	364.0	0.0
157	16	5	832.0	0.0
158	7	10	364.0	0.0
159	7	14	364.0	0.0
160	16	6	832.0	0.0
161	7	10	364.0	0.0
162	7	14	364.0	0.0
163	15	8	780.0	0.0
164	22	2	1144.0	0.0
165	16	7	832.0	0.0
166	7	14	364.0	0.0
167	15	9	780.0	0.0
168	24	0	1248.0	0.0
169	16	8	832.0	0.0
170	7	13	364.0	0.0
171	7	16	364.0	0.0
172	7	15	364.0	0.0
173	14	9	728.0	0.0
174	7	16	364.0	0.0
175	8	17	416.0	0.0
176	16	9	832.0	0.0
177	7	13	364.0	0.0
178	7	15	364.0	0.0
179	24	-1	1248.0	0.0
180	8	15	416.0	0.0
181	8	14	416.0	0.0
182	16	5	832.0	0.0
183	8	13	416.0	0.0
184	15	6	780.0	0.0
185	14	10	728.0	0.0
186	8	14	416.0	0.0
187	16	5	832.0	0.0
188	7	13	364.0	0.0
189	13	8	676.0	0.0
190	7	17	364.0	0.0
191	7	16	364.0	0.0
192	15	10	780.0	0.0
193	7	13	364.0	0.0
194	7	14	364.0	0.0
195	7	16	364.0	0.0
196	7	17	364.0	0.0
197	7	12	364.0	0.0
198	7	12	364.0	0.0
199	7	16	364.0	0.0
200	7	16	364.0	0.0
201	15	9	780.0	0.0
202	7	13	364.0	0.0
203	13	8	676.0	0.0
204	7	17	364.0	0.0
205	14	10	728.0	0.0
206	7	14	364.0	0.0
207	7	14	364.0	0.0
208	15	8	780.0	0.0
209	13	8	676.0	0.0
210	7	16	364.0	0.0
211	16	7	832.0	0.0
212	24	-3	1248.0	0.0
213	9	12	468.0	0.0
214	21	3	1092.0	0.0
215	8	16	416.0	0.0
216	13	11	676.0	0.0
217	16	4	832.0	0.0
218	7	11	364.0	0.0
219	21	0	1092.0	0.0
220	7	12	364.0	0.0
221	7	12	364.0	0.0
222	14	8	728.0	0.0
223	7	14	364.0	0.0
224	7	12	364.0	0.0
225	15	7	780.0	0.0
226	7	15	364.0	0.0
227	7	14	364.0	0.0
228	16	7	832.0	0.0
229	7	13	364.0	0.0
230	7	13	364.0	0.0
231	21	2	1092.0	0.0
232	7	14	364.0	0.0
233	15	6	780.0	0.0
234	7	16	364.0	0.0
235	18	6	936.0	0.0
236	16	8	832.0	0.0
237	14	8	728.0	0.0
238	15	6	780.0	0.0
239	16	5	832.0	0.0
240	7	11	364.0	0.0
241	15	3	780.0	0.0
242	15	6	780.0	0.0
243	7	15	364.0	0.0
244	7	15	364.0	0.0
245	16	7	832.0	0.0
246	7	15	364.0	0.0
247	16	6	832.0	0.0
248	7	15	364.0	0.0
249	15	9	780.0	0.0
250	7	17	364.0	0.0
251	16	8	832.0	0.0
252	9	12	468.0	0.0
253	15	6	780.0	0.0
254	7	16	364.0	0.0
255	7	17	364.0	0.0
256	7	17	364.0	0.0
257	21	3	1092.0	0.0
258	7	14	364.0	0.0
259	15	8	780.0	0.0
260	16	7	832.0	0.0
261	7	13	364.0	0.0
262	16	7	832.0	0.0
263	7	13	364.0	0.0
264	8	15	416.0	0.0
265	16	7	832.0	0.0
266	16	5	832.0	0.0
267	7	11	364.0	0.0
268	7	11	364.0	0.0
269	7	11	364.0	0.0
270	7	16	364.0	0.0
271	7	17	364.0	0.0
272	7	15	364.0	0.0
273	7	14	364.0	0.0
274	15	9	780.0	0.0
275	15	8	780.0	0.0
276	15	7	780.0	0.0
277	8	15	416.0	0.0
278	8	15	416.0	0.0
279	15	7	780.0	0.0
280	8	15	416.0	0.0
281	7	13	364.0	0.0
282	7	10	364.0	0.0
283	8	13	416.0	0.0
284	11	13	572.0	0.0
285	7	13	364.0	0.0
286	15	7	780.0	0.0
287	16	7	832.0	0.0
288	8	13	416.0	0.0
289	13	9	676.0	0.0
290	7	13	364.0	0.0
291	7	13	364.0	0.0
292	13	11	676.0	0.0
293	8	16	416.0	0.0
294	7	15	364.0	0.0
295	7	15	364.0	0.0
296	7	16	364.0	0.0
297	7	17	364.0	0.0
298	16	9	832.0	0.0
299	8	11	416.0	0.0
300	8	14	416.0	0.0
301	16	8	832.0	0.0
302	7	11	364.0	0.0
303	8	13	416.0	0.0
304	7	18	364.0	0.0
305	15	10	780.0	0.0
306	16	6	832.0	0.0
307	15	7	780.0	0.0
308	16	6	832.0	0.0
309	7	13	364.0	0.0
310	7	15	364.0	0.0
311	18	6	936.0	0.0
312	7	14	364.0	0.0
313	11	9	572.0	0.0
314	15	7	780.0	0.0
315	7	13	364.0	0.0
316	8	15	416.0	0.0
317	13	11	676.0	0.0
318	7	16	364.0	0.0
319	7	16	364.0	0.0
320	7	16	364.0	0.0
321	7	15	364.0	0.0
322	7	16	364.0	0.0
323	16	8	832.0	0.0
324	7	10	364.0	0.0
325	7	9	364.0	0.0
326	7	10	364.0	0.0
327	14	8	728.0	0.0
328	7	13	364.0	0.0
329	15	6	780.0	0.0
330	7	14	364.0	0.0
331	7	15	364.0	0.0
332	16	7	832.0	0.0
333	7	11	364.0	0.0
334	7	14	364.0	0.0
335	15	6	780.0	0.0
336	15	6	780.0	0.0
337	8	13	416.0	0.0
338	13	9	676.0	0.0
339	8	13	416.0	0.0
340	7	12	364.0	0.0
341	7	10	364.0	0.0
342	7	13	364.0	0.0
343	7	16	364.0	0.0
344	7	16	364.0	0.0
345	7	16	364.0	0.0
346	12	10	624.0	0.0
347	13	11	676.0	0.0
348	16	6	832.0	0.0
349	7	13	364.0	0.0
350	7	14	364.0	0.0
351	7	12	364.0	0.0
352	7	10	364.0	0.0
353	12	8	624.0	0.0
354	7	14	364.0	0.0
355	7	13	364.0	0.0
356	7	16	364.0	0.0
357	7	16	364.0	0.0
358	22	2	1144.0	0.0
359	7	16	364.0	0.0
360	15	9	780.0	0.0
361	7	15	364.0	0.0
362	7	15	364.0	0.0
363	11	14	572.0	0.0
364	15	9	780.0	0.0
365	16	8	832.0	0.0
366	16	6	832.0	0.0
367	13	9	676.0	0.0
368	13	11	676.0	0.0
369	7	16	364.0	0.0
370	7	15	364.0	0.0
371	12	11	624.0	0.0
372	8	14	416.0	0.0
373	15	7	780.0	0.0
374	15	4	780.0	0.0
375	7	10	364.0	0.0
376	7	15	364.0	0.0
377	8	16	416.0	0.0
378	8	16	416.0	0.0
379	15	9	780.0	0.0
380	7	15	364.0	0.0
381	15	6	780.0	0.0
382	15	9	780.0	0.0
383	7	15	364.0	0.0
384	8	15	416.0	0.0
385	15	8	780.0	0.0
386	16	7	832.0	0.0
387	7	9	364.0	0.0
388	7	16	364.0	0.0
389	14	8	728.0	0.0
390	7	15	364.0	0.0
391	7	15	364.0	0.0
392	16	7	832.0	0.0
393	7	9	364.0	0.0
394	7	11	364.0	0.0
395	7	11	364.0	0.0
396	7	13	364.0	0.0
397	7	16	364.0	0.0
398	16	9	832.0	0.0
399	7	11	364.0	0.0
400	8	13	416.0	0.0
401	15	7	780.0	0.0
402	16	6	832.0	0.0
403	15	6	780.0	0.0
404	7	13	364.0	0.0
405	7	16	364.0	0.0
406	7	15	364.0	0.0
407	7	17	364.0	0.0
408	7	15	364.0	0.0
409	15	9	780.0	0.0
410	7	13	364.0	0.0
411	7	13	364.0	0.0
412	7	16	364.0	0.0
413	16	8	832.0	0.0
414	16	5	832.0	0.0
415	7	13	364.0	0.0
416	7	15	364.0	0.0
417	8	16	416.0	0.0
418	14	11	728.0	0.0
419	13	7	676.0	0.0
420	7	13	364.0	0.0
421	15	9	780.0	0.0
422	7	13	364.0	0.0
423	15	7	780.0	0.0
424	7	13	364.0	0.0
425	7	10	364.0	0.0
426	7	13	364.0	0.0
427	7	13	364.0	0.0
428	16	5	832.0	0.0
429	7	11	364.0	0.0
430	7	17	364.0	0.0
431	16	8	832.0	0.0
432	7	9	364.0	0.0
433	7	11	364.0	0.0
434	7	13	364.0	0.0
435	16	7	832.0	0.0
436	7	13	364.0	0.0
437	7	13	364.0	0.0
438	16	5	832.0	0.0
439	16	6	832.0	0.0
440	7	14	364.0	0.0
441	16	6	832.0	0.0
442	7	10	364.0	0.0
443	7	12	364.0	0.0
444	8	13	416.0	0.0
445	8	13	416.0	0.0
446	7	14	364.0	0.0
447	7	14	364.0	0.0
448	7	13	364.0	0.0
449	16	6	832.0	0.0
450	11	10	572.0	0.0
451	11	12	572.0	0.0
452	11	12	572.0	0.0
453	8	14	416.0	0.0
454	15	7	780.0	0.0
455	7	13	364.0	0.0
456	7	15	364.0	0.0
457	24	0	1248.0	0.0
458	8	16	416.0	0.0
459	8	15	416.0	0.0
460	16	8	832.0	0.0
461	8	14	416.0	0.0
462	7	14	364.0	0.0
463	15	8	780.0	0.0
464	7	16	364.0	0.0
465	16	7	832.0	0.0
466	15	6	780.0	0.0
467	7	13	364.0	0.0
468	8	16	416.0	0.0
469	16	8	832.0	0.0
470	7	15	364.0	0.0
471	7	14	364.0	0.0
472	7	15	364.0	0.0
473	7	18	364.0	0.0
474	15	6	780.0	0.0
475	7	16	364.0	0.0
476	8	15	416.0	0.0
477	11	9	572.0	0.0
478	14	7	728.0	0.0
479	8	15	416.0	0.0
480	15	7	780.0	0.0
481	16	8	832.0	0.0
482	7	12	364.0	0.0
483	8	10	416.0	0.0
484	8	12	416.0	0.0
485	8	14	416.0	0.0
486	7	14	364.0	0.0
487	7	13	364.0	0.0
488	21	0	1092.0	0.0
489	7	16	364.0	0.0
490	15	8	780.0	0.0
491	15	6	780.0	0.0
492	7	15	364.0	0.0
493	7	16	364.0	0.0
494	19	5	988.0	0.0
495	11	11	572.0	0.0
496	15	6	780.0	0.0
497	14	5	728.0	0.0
498	20	4	1040.0	0.0
499	7	17	364.0	0.0
500	16	9	832.0	0.0
501	16	6	832.0	0.0
502	7	10	364.0	0.0
503	7	14	364.0	0.0
504	13	10	676.0	0.0
505	7	16	364.0	0.0
506	8	16	416.0	0.0
507	8	14	416.0	0.0
508	17	9	884.0	0.0
509	15	5	780.0	0.0
510	7	15	364.0	0.0
511	7	15	364.0	0.0
512	7	17	364.0	0.0
513	16	9	832.0	0.0
514	8	13	416.0	0.0
515	8	12	416.0	0.0
516	15	6	780.0	0.0
517	7	13	364.0	0.0
518	7	15	364.0	0.0
519	7	17	364.0	0.0
520	7	17	364.0	0.0
521	7	16	364.0	0.0
522	11	15	572.0	0.0
523	15	6	780.0	0.0
524	15	9	780.0	0.0
525	13	8	676.0	0.0
526	8	16	416.0	0.0
527	15	9	780.0	0.0
528	7	17	364.0	0.0
529	7	17	364.0	0.0
530	7	16	364.0	0.0
531	7	15	364.0	0.0
532	16	7	832.0	0.0
533	7	12	364.0	0.0
534	7	10	364.0	0.0
535	9	11	468.0	0.0
536	16	7	832.0	0.0
537	7	15	364.0	0.0
538	7	14	364.0	0.0
539	8	13	416.0	0.0
540	15	5	780.0	0.0
541	8	15	416.0	0.0
542	11	12	572.0	0.0
543	16	9	832.0	0.0
544	7	13	364.0	0.0
545	15	8	780.0	0.0
546	8	15	416.0	0.0
547	16	9	832.0	0.0
548	15	1	780.0	0.0
549	7	12	364.0	0.0
550	8	14	416.0	0.0
551	15	10	780.0	0.0
552	12	9	624.0	0.0
553	15	9	780.0	0.0
554	12	12	624.0	0.0
555	22	3	1144.0	0.0
556	7	15	364.0	0.0
557	16	9	832.0	0.0
558	15	3	780.0	0.0
559	7	13	364.0	0.0
560	8	12	416.0	0.0
561	7	13	364.0	0.0
562	7	13	364.0	0.0
563	13	7	676.0	0.0
564	7	16	364.0	0.0
565	8	15	416.0	0.0
566	8	15	416.0	0.0
567	20	4	1040.0	0.0
568	7	14	364.0	0.0
569	7	13	364.0	0.0
570	15	9	780.0	0.0
571	7	15	364.0	0.0
572	7	13	364.0	0.0
573	7	11	364.0	0.0
574	7	13	364.0	0.0
575	7	16	364.0	0.0
576	7	16	364.0	0.0
577	8	13	416.0	0.0
578	15	7	780.0	0.0
579	7	13	364.0	0.0
580	7	14	364.0	0.0
581	7	9	364.0	0.0
582	8	11	416.0	0.0
583	16	7	832.0	0.0
584	8	11	416.0	0.0
585	16	6	832.0	0.0
586	16	3	832.0	0.0
587	7	13	364.0	0.0
588	8	14	416.0	0.0
589	8	13	416.0	0.0
590	8	13	416.0	0.0
591	7	12	364.0	0.0
592	7	13	364.0	0.0
593	7	15	364.0	0.0
594	15	10	780.0	0.0
595	10	11	520.0	0.0
596	7	14	364.0	0.0
597	15	5	780.0	0.0
598	7	15	364.0	0.0
599	8	16	416.0	0.0
600	16	8	832.0	0.0
601	7	14	364.0	0.0
602	7	14	364.0	0.0
603	8	14	416.0	0.0
604	12	13	624.0	0.0
605	7	11	364.0	0.0
606	7	12	364.0	0.0
607	8	14	416.0	0.0
608	7	14	364.0	0.0
609	15	6	780.0	0.0
610	8	13	416.0	0.0
611	16	8	832.0	0.0
612	7	14	364.0	0.0
613	7	14	364.0	0.0
614	13	7	676.0	0.0
615	7	13	364.0	0.0
616	7	12	364.0	0.0
617	11	10	572.0	0.0
618	7	11	364.0	0.0
619	7	14	364.0	0.0
620	16	5	832.0	0.0
621	7	11	364.0	0.0
622	8	12	416.0	0.0
623	7	13	364.0	0.0
624	7	13	364.0	0.0
625	7	13	364.0	0.0
626	15	6	780.0	0.0
627	16	7	832.0	0.0
628	8	13	416.0	0.0
629	7	14	364.0	0.0
630	7	13	364.0	0.0
631	7	12	364.0	0.0
632	13	8	676.0	0.0
633	14	7	728.0	0.0
634	8	12	416.0	0.0
635	7	15	364.0	0.0
636	15	8	780.0	0.0
637	7	13	364.0	0.0
638	7	13	364.0	0.0
639	15	8	780.0	0.0
640	7	10	364.0	0.0
641	16	3	832.0	0.0
642	13	9	676.0	0.0
643	15	6	780.0	0.0
644	7	13	364.0	0.0
645	7	15	364.0	0.0
646	15	7	780.0	0.0
647	15	6	780.0	0.0
648	7	13	364.0	0.0
649	7	12	364.0	0.0
650	7	16	364.0	0.0
651	10	15	520.0	0.0
652	12	12	624.0	0.0
653	8	13	416.0	0.0
654	16	4	832.0	0.0
655	7	12	364.0	0.0
656	7	13	364.0	0.0
657	7	14	364.0	0.0
658	7	14	364.0	0.0
659	7	13	364.0	0.0
660	7	16	364.0	0.0
661	7	17	364.0	0.0
662	7	16	364.0	0.0
663	14	10	728.0	0.0
664	15	8	780.0	0.0
665	7	16	364.0	0.0
666	13	11	676.0	0.0
667	16	9	832.0	0.0
668	7	14	364.0	0.0
669	8	15	416.0	0.0
670	8	16	416.0	0.0
671	14	10	728.0	0.0
672	7	15	364.0	0.0
673	12	10	624.0	0.0
674	13	9	676.0	0.0
675	7	16	364.0	0.0
676	8	14	416.0	0.0
677	7	14	364.0	0.0
678	7	13	364.0	0.0
679	16	5	832.0	0.0
680	7	11	364.0	0.0
681	7	13	364.0	0.0
682	7	15	364.0	0.0
683	15	8	780.0	0.0
684	7	14	364.0	0.0
685	16	3	832.0	0.0
686	8	10	416.0	0.0
687	15	7	780.0	0.0
688	7	17	364.0	0.0
689	7	18	364.0	0.0
690	16	7	832.0	0.0
691	7	9	364.0	0.0
692	7	13	364.0	0.0
693	8	14	416.0	0.0
694	15	6	780.0	0.0
695	16	7	832.0	0.0
696	7	11	364.0	0.0
697	7	10	364.0	0.0
698	15	8	780.0	0.0
699	7	14	364.0	0.0
700	16	5	832.0	0.0
701	7	12	364.0	0.0
702	7	13	364.0	0.0
703	7	15	364.0	0.0
704	7	16	364.0	0.0
705	7	14	364.0	0.0
706	15	6	780.0	0.0
707	7	14	364.0	0.0
708	15	6	780.0	0.0
709	7	13	364.0	0.0
710	15	6	780.0	0.0
711	13	8	676.0	0.0
712	7	14	364.0	0.0
713	15	6	780.0	0.0
714	15	5	780.0	0.0
715	7	13	364.0	0.0
716	8	16	416.0	0.0
717	16	9	832.0	0.0
718	15	5	780.0	0.0
719	7	15	364.0	0.0
720	7	15	364.0	0.0
721	16	6	832.0	0.0
722	7	14	364.0	0.0
723	15	6	780.0	0.0
724	7	13	364.0	0.0
725	7	13	364.0	0.0
726	8	14	416.0	0.0
727	11	12	572.0	0.0
728	8	11	416.0	0.0
729	8	14	416.0	0.0
730	16	7	832.0	0.0
731	7	12	364.0	0.0
732	8	12	416.0	0.0
733	7	14	364.0	0.0
734	15	8	780.0	0.0
735	7	13	364.0	0.0
736	24	1	1248.0	0.0
737	10	13	520.0	0.0
738	8	13	416.0	0.0
739	12	9	624.0	0.0
740	17	7	884.0	0.0
741	7	14	364.0	0.0
742	16	8	832.0	0.0
743	13	3	676.0	0.0
744	7	14	364.0	0.0
745	7	14	364.0	0.0
746	7	14	364.0	0.0
747	8	13	416.0	0.0
748	15	8	780.0	0.0
749	16	9	832.0	0.0
750	15	6	780.0	0.0
751	8	12	416.0	0.0
752	8	15	416.0	0.0
753	16	7	832.0	0.0
754	7	13	364.0	0.0
755	7	13	364.0	0.0
756	8	13	416.0	0.0
757	15	7	780.0	0.0
758	15	9	780.0	0.0
759	15	6	780.0	0.0
760	7	15	364.0	0.0
761	8	15	416.0	0.0
762	13	12	676.0	0.0
763	7	15	364.0	0.0
764	24	-2	1248.0	0.0
765	13	8	676.0	0.0
766	7	15	364.0	0.0
767	7	14	364.0	0.0
768	13	10	676.0	0.0
769	7	14	364.0	0.0
770	8	14	416.0	0.0
771	11	12	572.0	0.0
772	15	6	780.0	0.0
773	8	12	416.0	0.0
774	16	5	832.0	0.0
775	7	11	364.0	0.0
776	7	11	364.0	0.0
777	16	3	832.0	0.0
778	7	12	364.0	0.0
779	7	13	364.0	0.0
780	8	13	416.0	0.0
781	11	13	572.0	0.0
782	8	13	416.0	0.0
783	16	6	832.0	0.0
784	15	4	780.0	0.0
785	12	9	624.0	0.0
786	7	16	364.0	0.0
787	7	16	364.0	0.0
788	7	16	364.0	0.0
789	15	9	780.0	0.0
790	7	14	364.0	0.0
791	8	14	416.0	0.0
792	7	15	364.0	0.0
793	14	11	728.0	0.0
794	7	16	364.0	0.0
795	15	8	780.0	0.0
796	12	9	624.0	0.0
797	16	8	832.0	0.0
798	14	7	728.0	0.0
799	7	13	364.0	0.0
800	15	7	780.0	0.0
801	7	13	364.0	0.0
802	7	15	364.0	0.0
803	8	16	416.0	0.0
804	8	14	416.0	0.0
805	8	13	416.0	0.0
806	7	15	364.0	0.0
807	19	4	988.0	0.0
808	7	15	364.0	0.0
809	18	4	936.0	0.0
810	7	12	364.0	0.0
811	7	13	364.0	0.0
812	15	6	780.0	0.0
813	14	11	728.0	0.0
814	15	8	780.0	0.0
815	7	15	364.0	0.0
816	16	7	832.0	0.0
817	8	13	416.0	0.0
818	8	14	416.0	0.0
819	7	14	364.0	0.0
820	7	15	364.0	0.0
821	7	16	364.0	0.0
822	8	16	416.0	0.0
823	16	8	832.0	0.0
824	15	6	780.0	0.0
825	7	10	364.0	0.0
826	7	12	364.0	0.0
827	7	14	364.0	0.0
828	8	16	416.0	0.0
829	15	7	780.0	0.0
830	7	16	364.0	0.0
831	7	16	364.0	0.0
832	16	7	832.0	0.0
833	7	9	364.0	0.0
834	8	11	416.0	0.0
835	7	14	364.0	0.0
836	7	11	364.0	0.0
837	7	13	364.0	0.0
838	7	15	364.0	0.0
839	14	6	728.0	0.0
840	7	10	364.0	0.0
841	8	11	416.0	0.0
842	15	4	780.0	0.0
843	8	12	416.0	0.0
844	8	14	416.0	0.0
845	8	13	416.0	0.0
846	12	10	624.0	0.0
847	15	7	780.0	0.0
848	10	11	520.0	0.0
849	7	16	364.0	0.0
850	16	8	832.0	0.0
851	8	13	416.0	0.0
852	7	14	364.0	0.0
853	14	5	728.0	0.0
854	7	13	364.0	0.0
855	16	7	832.0	0.0
856	7	14	364.0	0.0
857	16	8	832.0	0.0
858	7	15	364.0	0.0
859	15	6	780.0	0.0
860	7	13	364.0	0.0
861	7	13	364.0	0.0
862	7	16	364.0	0.0
863	16	7	832.0	0.0
864	7	14	364.0	0.0
865	7	13	364.0	0.0
866	13	8	676.0	0.0
867	7	14	364.0	0.0
868	7	13	364.0	0.0
869	7	13	364.0	0.0
870	8	12	416.0	0.0
871	15	5	780.0	0.0
872	7	16	364.0	0.0
873	16	8	832.0	0.0
874	15	7	780.0	0.0
875	15	9	780.0	0.0
876	7	13	364.0	0.0
877	15	7	780.0	0.0
878	7	16	364.0	0.0
879	8	15	416.0	0.0
880	16	8	832.0	0.0
881	7	14	364.0	0.0
882	8	16	416.0	0.0
883	16	7	832.0	0.0
884	14	6	728.0	0.0
885	11	13	572.0	0.0
886	7	15	364.0	0.0
887	7	16	364.0	0.0
888	16	9	832.0	0.0
889	12	9	624.0	0.0
890	15	6	780.0	0.0
891	15	6	780.0	0.0
892	7	12	364.0	0.0
893	7	15	364.0	0.0
894	7	16	364.0	0.0
895	14	9	728.0	0.0
896	7	13	364.0	0.0
897	15	6	780.0	0.0
898	7	13	364.0	0.0
899	7	16	364.0	0.0
900	7	13	364.0	0.0
901	12	9	624.0	0.0
902	8	16	416.0	0.0
903	7	16	364.0	0.0
904	7	17	364.0	0.0
905	7	16	364.0	0.0
906	7	14	364.0	0.0
907	7	10	364.0	0.0
908	12	8	624.0	0.0
909	7	13	364.0	0.0
910	16	4	832.0	0.0
911	7	10	364.0	0.0
912	10	12	520.0	0.0
913	15	10	780.0	0.0
914	7	12	364.0	0.0
915	7	14	364.0	0.0
916	7	16	364.0	0.0
917	16	8	832.0	0.0
918	7	13	364.0	0.0
919	7	13	364.0	0.0
920	7	13	364.0	0.0
921	7	15	364.0	0.0
922	21	2	1092.0	0.0
923	7	14	364.0	0.0
924	16	7	832.0	0.0
925	7	13	364.0	0.0
926	15	6	780.0	0.0
927	7	16	364.0	0.0
928	16	5	832.0	0.0
929	16	5	832.0	0.0
930	16	6	832.0	0.0
931	15	5	780.0	0.0
932	7	12	364.0	0.0
933	7	13	364.0	0.0
934	7	16	364.0	0.0
935	16	7	832.0	0.0
936	7	13	364.0	0.0
937	7	15	364.0	0.0
938	15	9	780.0	0.0
939	7	13	364.0	0.0
940	7	16	364.0	0.0
941	7	16	364.0	0.0
942	8	16	416.0	0.0
943	7	17	364.0	0.0
944	16	7	832.0	0.0
945	7	13	364.0	0.0
946	7	13	364.0	0.0
947	7	12	364.0	0.0
948	7	14	364.0	0.0
949	16	6	832.0	0.0
950	7	13	364.0	0.0
951	7	13	364.0	0.0
952	7	13	364.0	0.0
953	7	15	364.0	0.0
954	7	15	364.0	0.0
955	15	8	780.0	0.0
956	7	13	364.0	0.0
957	7	16	364.0	0.0
958	14	9	728.0	0.0
959	7	12	364.0	0.0
960	8	13	416.0	0.0
961	7	14	364.0	0.0
962	7	16	364.0	0.0
963	15	9	780.0	0.0
964	7	13	364.0	0.0
965	7	13	364.0	0.0
966	7	13	364.0	0.0
967	11	11	572.0	0.0
968	7	14	364.0	0.0
969	16	7	832.0	0.0
970	7	10	364.0	0.0
971	8	13	416.0	0.0
972	16	5	832.0	0.0
973	12	10	624.0	0.0
974	16	8	832.0	0.0
975	7	14	364.0	0.0
976	15	9	780.0	0.0
977	7	12	364.0	0.0
978	8	13	416.0	0.0
979	16	3	832.0	0.0
980	7	12	364.0	0.0
981	7	14	364.0	0.0
982	7	16	364.0	0.0
983	8	16	416.0	0.0
984	16	8	832.0	0.0
985	8	14	416.0	0.0
986	15	9	780.0	0.0
987	7	13	364.0	0.0
988	7	13	364.0	0.0
989	7	15	364.0	0.0
990	15	8	780.0	0.0
991	7	16	364.0	0.0
992	16	7	832.0	0.0
993	7	11	364.0	0.0
994	7	13	364.0	0.0
995	7	16	364.0	0.0
996	7	16	364.0	0.0
997	16	9	832.0	0.0
998	7	12	364.0	0.0
999	15	6	780.0	0.0
1000	7	14	364.0	0.0
1001	15	10	780.0	0.0
1002	7	14	364.0	0.0
1003	15	7	780.0	0.0
1004	7	13	364.0	0.0
1005	8	13	416.0	0.0
1006	15	6	780.0	0.0
1007	16	7	832.0	0.0
1008	16	5	832.0	0.0
1009	16	6	832.0	0.0
1010	7	12	364.0	0.0
1011	12	8	624.0	0.0
1012	7	13	364.0	0.0
1013	10	11	520.0	0.0
1014	7	16	364.0	0.0
1015	7	16	364.0	0.0
1016	7	17	364.0	0.0
1017	16	8	832.0	0.0
1018	7	12	364.0	0.0
1019	16	7	832.0	0.0
1020	7	13	364.0	0.0
1021	8	14	416.0	0.0
1022	7	14	364.0	0.0
1023	7	16	364.0	0.0
1024	7	13	364.0	0.0
1025	7	13	364.0	0.0
1026	7	14	364.0	0.0
1027	8	14	416.0	0.0
1028	15	6	780.0	0.0
1029	8	12	416.0	0.0
1030	14	6	728.0	0.0
1031	7	13	364.0	0.0
1032	13	9	676.0	0.0
1033	7	15	364.0	0.0
1034	8	15	416.0	0.0
1035	20	5	1040.0	0.0
1036	7	18	364.0	0.0
1037	7	14	364.0	0.0
1038	15	6	780.0	0.0
1039	7	10	364.0	0.0
1040	7	14	364.0	0.0
1041	7	16	364.0	0.0
1042	7	13	364.0	0.0
1043	14	8	728.0	0.0
1044	16	8	832.0	0.0
1045	8	12	416.0	0.0
1046	15	8	780.0	0.0
1047	8	13	416.0	0.0
1048	7	14	364.0	0.0
1049	7	12	364.0	0.0
1050	7	10	364.0	0.0
1051	7	13	364.0	0.0
1052	7	15	364.0	0.0
1053	13	10	676.0	0.0
1054	7	14	364.0	0.0
1055	7	13	364.0	0.0
1056	7	15	364.0	0.0
1057	7	15	364.0	0.0
1058	7	13	364.0	0.0
1059	7	13	364.0	0.0
1060	12	10	624.0	0.0
1061	8	13	416.0	0.0
1062	7	16	364.0	0.0
1063	13	11	676.0	0.0
1064	16	10	832.0	0.0
1065	11	8	572.0	0.0
1066	15	8	780.0	0.0
1067	12	8	624.0	0.0
1068	7	14	364.0	0.0
1069	8	13	416.0	0.0
1070	15	6	780.0	0.0
1071	8	13	416.0	0.0
1072	8	14	416.0	0.0
1073	16	9	832.0	0.0
1074	12	4	624.0	0.0
1075	15	5	780.0	0.0
1076	8	10	416.0	0.0
1077	16	2	832.0	0.0
1078	7	11	364.0	0.0
1079	7	15	364.0	0.0
1080	7	14	364.0	0.0
1081	8	15	416.0	0.0
1082	11	12	572.0	0.0
1083	16	8	832.0	0.0
1084	7	13	364.0	0.0
1085	7	14	364.0	0.0
1086	16	7	832.0	0.0
1087	16	5	832.0	0.0
1088	7	13	364.0	0.0
1089	7	17	364.0	0.0
1090	8	16	416.0	0.0
1091	11	12	572.0	0.0
1092	15	9	780.0	0.0
1093	16	7	832.0	0.0
1094	7	13	364.0	0.0
1095	14	10	728.0	0.0
1096	7	15	364.0	0.0
1097	7	13	364.0	0.0
1098	14	5	728.0	0.0
1099	8	15	416.0	0.0
1100	16	7	832.0	0.0
1101	12	7	624.0	0.0
1102	11	11	572.0	0.0
1103	7	15	364.0	0.0
1104	16	7	832.0	0.0
1105	16	4	832.0	0.0
1106	15	4	780.0	0.0
1107	8	11	416.0	0.0
1108	7	14	364.0	0.0
1109	15	6	780.0	0.0
1110	7	13	364.0	0.0
1111	7	13	364.0	0.0
1112	7	13	364.0	0.0
1113	7	13	364.0	0.0
1114	7	15	364.0	0.0
1115	7	16	364.0	0.0
1116	15	9	780.0	0.0
1117	7	14	364.0	0.0
1118	8	14	416.0	0.0
1119	7	13	364.0	0.0
1120	7	14	364.0	0.0
1121	7	14	364.0	0.0
1122	7	14	364.0	0.0
1123	15	9	780.0	0.0
1124	7	12	364.0	0.0
1125	7	11	364.0	0.0
1126	15	3	780.0	0.0
1127	7	15	364.0	0.0
1128	16	7	832.0	0.0
1129	7	11	364.0	0.0
1130	7	11	364.0	0.0
1131	7	13	364.0	0.0
1132	7	12	364.0	0.0
1133	7	13	364.0	0.0
1134	15	6	780.0	0.0
1135	7	15	364.0	0.0
1136	7	14	364.0	0.0
1137	15	10	780.0	0.0
1138	7	13	364.0	0.0
1139	7	14	364.0	0.0
1140	7	13	364.0	0.0
1141	7	10	364.0	0.0
1142	8	12	416.0	0.0
1143	7	14	364.0	0.0
1144	7	13	364.0	0.0
1145	7	13	364.0	0.0
1146	14	8	728.0	0.0
1147	8	14	416.0	0.0
1148	16	6	832.0	0.0
1149	7	14	364.0	0.0
1150	7	16	364.0	0.0
1151	8	15	416.0	0.0
1152	8	15	416.0	0.0
1153	15	10	780.0	0.0
1154	7	14	364.0	0.0
1155	7	15	364.0	0.0
1156	8	15	416.0	0.0
1157	16	8	832.0	0.0
1158	7	11	364.0	0.0
1159	7	11	364.0	0.0
1160	7	14	364.0	0.0
1161	15	7	780.0	0.0
1162	7	13	364.0	0.0
1163	7	12	364.0	0.0
1164	7	11	364.0	0.0
1165	16	6	832.0	0.0
1166	7	11	364.0	0.0
1167	7	14	364.0	0.0
1168	13	12	676.0	0.0
1169	15	7	780.0	0.0
1170	7	14	364.0	0.0
1171	7	16	364.0	0.0
1172	16	8	832.0	0.0
1173	7	11	364.0	0.0
1174	7	13	364.0	0.0
1175	7	12	364.0	0.0
1176	7	15	364.0	0.0
1177	16	5	832.0	0.0
1178	7	13	364.0	0.0
1179	7	16	364.0	0.0
1180	16	7	832.0	0.0
1181	7	14	364.0	0.0
1182	7	15	364.0	0.0
1183	7	16	364.0	0.0
1184	7	16	364.0	0.0
1185	16	8	832.0	0.0
1186	7	15	364.0	0.0
1187	16	8	832.0	0.0
1188	7	6	364.0	0.0
1189	7	14	364.0	0.0
1190	15	7	780.0	0.0
1191	16	7	832.0	0.0
1192	7	13	364.0	0.0
1193	7	11	364.0	0.0
1194	7	11	364.0	0.0
1195	8	13	416.0	0.0
1196	15	9	780.0	0.0
1197	7	15	364.0	0.0
1198	7	15	364.0	0.0
1199	15	8	780.0	0.0
1200	7	14	364.0	0.0
1201	14	9	728.0	0.0
1202	16	5	832.0	0.0
1203	15	7	780.0	0.0
1204	7	13	364.0	0.0
1205	12	9	624.0	0.0
1206	8	16	416.0	0.0
1207	15	8	780.0	0.0
1208	7	11	364.0	0.0
1209	14	7	728.0	0.0
1210	7	16	364.0	0.0
1211	7	15	364.0	0.0
1212	7	11	364.0	0.0
1213	15	7	780.0	0.0
1214	7	16	364.0	0.0
1215	18	6	936.0	0.0
1216	7	16	364.0	0.0
1217	19	5	988.0	0.0
1218	21	2	1092.0	0.0
1219	7	13	364.0	0.0
1220	12	9	624.0	0.0
1221	15	7	780.0	0.0
1222	7	13	364.0	0.0
1223	7	15	364.0	0.0
1224	15	8	780.0	0.0
1225	16	7	832.0	0.0
1226	15	7	780.0	0.0
1227	7	16	364.0	0.0
1228	7	17	364.0	0.0
1229	8	15	416.0	0.0
1230	10	14	520.0	0.0
1231	7	16	364.0	0.0
1232	7	15	364.0	0.0
1233	7	14	364.0	0.0
1234	16	5	832.0	0.0
1235	17	3	884.0	0.0
1236	7	13	364.0	0.0
1237	7	15	364.0	0.0
1238	16	8	832.0	0.0
1239	7	11	364.0	0.0
1240	8	10	416.0	0.0
1241	8	14	416.0	0.0
1242	7	16	364.0	0.0
1243	7	16	364.0	0.0
1244	7	16	364.0	0.0
1245	15	8	780.0	0.0
1246	15	9	780.0	0.0
1247	7	16	364.0	0.0
1248	7	15	364.0	0.0
1249	8	15	416.0	0.0
1250	16	7	832.0	0.0
1251	15	6	780.0	0.0
1252	16	7	832.0	0.0
1253	15	8	780.0	0.0
1254	8	15	416.0	0.0
1255	16	8	832.0	0.0
1256	15	5	780.0	0.0
1257	16	7	832.0	0.0
1258	11	10	572.0	0.0
1259	15	8	780.0	0.0
1260	15	9	780.0	0.0
1261	16	8	832.0	0.0
1262	7	14	364.0	0.0
1263	8	16	416.0	0.0
1264	16	7	832.0	0.0
1265	7	12	364.0	0.0
1266	16	6	832.0	0.0
1267	7	12	364.0	0.0
1268	7	11	364.0	0.0
1269	7	11	364.0	0.0
1270	8	12	416.0	0.0
1271	11	10	572.0	0.0
1272	16	6	832.0	0.0
1273	14	8	728.0	0.0
1274	7	15	364.0	0.0
1275	15	5	780.0	0.0
1276	8	16	416.0	0.0
1277	7	16	364.0	0.0
1278	7	16	364.0	0.0
1279	16	6	832.0	0.0
1280	7	14	364.0	0.0
1281	8	16	416.0	0.0
1282	15	8	780.0	0.0
1283	8	16	416.0	0.0
1284	8	16	416.0	0.0
1285	21	4	1092.0	0.0
1286	12	10	624.0	0.0
1287	15	10	780.0	0.0
1288	7	12	364.0	0.0
1289	16	5	832.0	0.0
1290	7	11	364.0	0.0
1291	7	14	364.0	0.0
1292	7	13	364.0	0.0
1293	7	12	364.0	0.0
1294	7	13	364.0	0.0
1295	7	16	364.0	0.0
1296	7	16	364.0	0.0
1297	7	16	364.0	0.0
1298	8	15	416.0	0.0
1299	8	15	416.0	0.0
1300	24	-1	1248.0	0.0
1301	16	7	832.0	0.0
1302	13	10	676.0	0.0
1303	7	13	364.0	0.0
1304	7	13	364.0	0.0
1305	17	4	884.0	0.0
1306	16	7	832.0	0.0
1307	7	14	364.0	0.0
1308	7	16	364.0	0.0
1309	21	2	1092.0	0.0
1310	7	15	364.0	0.0
1311	14	9	728.0	0.0
1312	7	14	364.0	0.0
1313	7	17	364.0	0.0
1314	7	15	364.0	0.0
1315	18	6	936.0	0.0
1316	7	16	364.0	0.0
1317	7	16	364.0	0.0
1318	11	10	572.0	0.0
1319	14	8	728.0	0.0
1320	15	7	780.0	0.0
1321	7	14	364.0	0.0
1322	7	14	364.0	0.0
1323	7	14	364.0	0.0
1324	7	13	364.0	0.0
1325	7	14	364.0	0.0
1326	8	12	416.0	0.0
1327	8	15	416.0	0.0
1328	16	6	832.0	0.0
1329	16	6	832.0	0.0
1330	7	12	364.0	0.0
1331	16	7	832.0	0.0
1332	16	6	832.0	0.0
1333	7	11	364.0	0.0
1334	15	7	780.0	0.0
1335	8	12	416.0	0.0
1336	8	13	416.0	0.0
1337	12	10	624.0	0.0
1338	7	14	364.0	0.0
1339	14	11	728.0	0.0
1340	7	16	364.0	0.0
1341	15	6	780.0	0.0
1342	7	14	364.0	0.0
1343	13	9	676.0	0.0
1344	8	16	416.0	0.0
1345	16	8	832.0	0.0
1346	7	12	364.0	0.0
1347	8	13	416.0	0.0
1348	16	6	832.0	0.0
1349	22	-4	1144.0	0.0
1350	7	14	364.0	0.0
1351	15	9	780.0	0.0
1352	15	8	780.0	0.0
1353	15	8	780.0	0.0
1354	7	13	364.0	0.0
1355	7	13	364.0	0.0
1356	8	15	416.0	0.0
1357	16	7	832.0	0.0
1358	7	8	364.0	0.0
1359	7	11	364.0	0.0
1360	7	11	364.0	0.0
1361	7	13	364.0	0.0
1362	7	15	364.0	0.0
1363	7	15	364.0	0.0
1364	8	14	416.0	0.0
1365	8	14	416.0	0.0
1366	8	16	416.0	0.0
1367	21	2	1092.0	0.0
1368	8	16	416.0	0.0
1369	16	8	832.0	0.0
1370	7	10	364.0	0.0
1371	7	12	364.0	0.0
1372	14	7	728.0	0.0
1373	7	11	364.0	0.0
1374	7	17	364.0	0.0
1375	16	9	832.0	0.0
1376	7	14	364.0	0.0
1377	7	14	364.0	0.0
1378	15	8	780.0	0.0
1379	16	5	832.0	0.0
1380	7	15	364.0	0.0
1381	7	14	364.0	0.0
1382	8	13	416.0	0.0
1383	7	13	364.0	0.0
1384	7	14	364.0	0.0
1385	7	14	364.0	0.0
1386	7	14	364.0	0.0
1387	7	15	364.0	0.0
1388	7	13	364.0	0.0
1389	15	8	780.0	0.0
1390	7	13	364.0	0.0
1391	7	14	364.0	0.0
1392	15	6	780.0	0.0
1393	15	8	780.0	0.0
1394	7	14	364.0	0.0
1395	7	14	364.0	0.0
1396	7	16	364.0	0.0
1397	16	8	832.0	0.0
1398	7	14	364.0	0.0
1399	7	13	364.0	0.0
1400	16	5	832.0	0.0
1401	12	8	624.0	0.0
1402	14	9	728.0	0.0
1403	7	14	364.0	0.0
1404	8	13	416.0	0.0
1405	15	7	780.0	0.0
1406	7	13	364.0	0.0
1407	15	9	780.0	0.0
1408	16	4	832.0	0.0
1409	7	10	364.0	0.0
1410	8	12	416.0	0.0
1411	8	13	416.0	0.0
1412	15	9	780.0	0.0
1413	7	11	364.0	0.0
1414	7	10	364.0	0.0
1415	8	14	416.0	0.0
1416	16	7	832.0	0.0
1417	14	4	728.0	0.0
1418	16	4	832.0	0.0
1419	7	13	364.0	0.0
1420	7	15	364.0	0.0
1421	16	8	832.0	0.0
1422	15	4	780.0	0.0
1423	7	15	364.0	0.0
1424	8	15	416.0	0.0
1425	15	9	780.0	0.0
1426	14	10	728.0	0.0
1427	8	14	416.0	0.0
1428	12	11	624.0	0.0
1429	7	16	364.0	0.0
1430	16	10	832.0	0.0
1431	15	5	780.0	0.0
1432	16	7	832.0	0.0
1433	7	14	364.0	0.0
1434	7	13	364.0	0.0
1435	7	13	364.0	0.0
1436	7	13	364.0	0.0
1437	7	13	364.0	0.0
1438	15	6	780.0	0.0
1439	7	15	364.0	0.0
1440	7	15	364.0	0.0
1441	7	16	364.0	0.0
1442	16	8	832.0	0.0
1443	7	12	364.0	0.0
1444	7	14	364.0	0.0
1445	14	7	728.0	0.0
1446	7	13	364.0	0.0
1447	7	13	364.0	0.0
1448	7	16	364.0	0.0
1449	8	13	416.0	0.0
1450	16	6	832.0	0.0
1451	7	11	364.0	0.0
1452	14	5	728.0	0.0
1453	7	13	364.0	0.0
1454	7	14	364.0	0.0
1455	15	6	780.0	0.0
1456	7	13	364.0	0.0
1457	11	12	572.0	0.0
1458	7	16	364.0	0.0
1459	15	8	780.0	0.0
1460	7	13	364.0	0.0
1461	7	13	364.0	0.0
1462	8	12	416.0	0.0
1463	8	13	416.0	0.0
1464	7	14	364.0	0.0
1465	7	17	364.0	0.0
1466	17	6	884.0	0.0
1467	7	17	364.0	0.0
1468	7	17	364.0	0.0
1469	7	16	364.0	0.0
1470	7	16	364.0	0.0
1471	8	15	416.0	0.0
1472	8	16	416.0	0.0
1473	7	17	364.0	0.0
1474	17	8	884.0	0.0
1475	7	13	364.0	0.0
1476	7	13	364.0	0.0
1477	7	15	364.0	0.0
1478	16	9	832.0	0.0
1479	7	11	364.0	0.0
1480	7	13	364.0	0.0
1481	7	13	364.0	0.0
1482	16	5	832.0	0.0
1483	7	11	364.0	0.0
1484	8	14	416.0	0.0
1485	16	9	832.0	0.0
1486	7	13	364.0	0.0
1487	7	16	364.0	0.0
1488	16	8	832.0	0.0
1489	7	13	364.0	0.0
1490	7	13	364.0	0.0
1491	7	14	364.0	0.0
1492	7	16	364.0	0.0
1493	16	9	832.0	0.0
1494	7	13	364.0	0.0
1495	7	11	364.0	0.0
1496	7	12	364.0	0.0
1497	7	12	364.0	0.0
1498	7	17	364.0	0.0
1499	11	13	572.0	0.0
1500	7	14	364.0	0.0
1501	7	13	364.0	0.0
1502	7	15	364.0	0.0
1503	15	8	780.0	0.0
1504	8	13	416.0	0.0
1505	15	10	780.0	0.0
1506	7	11	364.0	0.0
1507	16	5	832.0	0.0
1508	7	12	364.0	0.0
1509	15	7	780.0	0.0
1510	15	6	780.0	0.0
1511	7	17	364.0	0.0
1512	16	8	832.0	0.0
1513	16	5	832.0	0.0
1514	16	4	832.0	0.0
1515	7	14	364.0	0.0
1516	8	15	416.0	0.0
1517	15	9	780.0	0.0
1518	23	-3	1196.0	0.0
1519	16	7	832.0	0.0
1520	7	13	364.0	0.0
1521	15	9	780.0	0.0
1522	7	15	364.0	0.0
1523	14	8	728.0	0.0
1524	7	16	364.0	0.0
1525	8	16	416.0	0.0
1526	14	9	728.0	0.0
1527	7	15	364.0	0.0
1528	7	15	364.0	0.0
1529	7	13	364.0	0.0
1530	7	14	364.0	0.0
1531	17	7	884.0	0.0
1532	7	15	364.0	0.0
1533	8	13	416.0	0.0
1534	16	6	832.0	0.0
1535	7	12	364.0	0.0
1536	7	17	364.0	0.0
1537	7	17	364.0	0.0
1538	15	6	780.0	0.0
1539	12	8	624.0	0.0
1540	15	7	780.0	0.0
1541	7	14	364.0	0.0
1542	7	12	364.0	0.0
1543	7	15	364.0	0.0
1544	7	15	364.0	0.0
1545	16	7	832.0	0.0
1546	7	13	364.0	0.0
1547	7	14	364.0	0.0
1548	16	6	832.0	0.0
1549	7	13	364.0	0.0
1550	7	15	364.0	0.0
1551	7	14	364.0	0.0
1552	7	14	364.0	0.0
1553	16	8	832.0	0.0
1554	16	6	832.0	0.0
1555	8	11	416.0	0.0
1556	8	15	416.0	0.0
1557	8	16	416.0	0.0
1558	16	8	832.0	0.0
1559	8	15	416.0	0.0
1560	7	14	364.0	0.0
1561	7	14	364.0	0.0
1562	7	16	364.0	0.0
1563	7	15	364.0	0.0
1564	15	9	780.0	0.0
1565	7	15	364.0	0.0
1566	8	15	416.0	0.0
1567	16	7	832.0	0.0
1568	8	13	416.0	0.0
1569	15	5	780.0	0.0
1570	14	7	728.0	0.0
1571	7	11	364.0	0.0
1572	15	5	780.0	0.0
1573	7	13	364.0	0.0
1574	7	12	364.0	0.0
1575	7	11	364.0	0.0
1576	12	9	624.0	0.0
1577	7	12	364.0	0.0
1578	15	7	780.0	0.0
1579	7	15	364.0	0.0
1580	8	12	416.0	0.0
1581	8	13	416.0	0.0
1582	7	14	364.0	0.0
1583	8	14	416.0	0.0
1584	15	8	780.0	0.0
1585	13	10	676.0	0.0
1586	7	16	364.0	0.0
1587	16	7	832.0	0.0
1588	7	13	364.0	0.0
1589	7	14	364.0	0.0
1590	7	15	364.0	0.0
1591	7	14	364.0	0.0
1592	7	13	364.0	0.0
1593	7	13	364.0	0.0
1594	7	13	364.0	0.0
1595	12	9	624.0	0.0
1596	7	17	364.0	0.0
1597	16	7	832.0	0.0
1598	23	-3	1196.0	0.0
1599	7	12	364.0	0.0
1600	16	6	832.0	0.0
1601	7	10	364.0	0.0
1602	7	12	364.0	0.0
1603	17	6	884.0	0.0
1604	7	13	364.0	0.0
1605	12	9	624.0	0.0
1606	15	8	780.0	0.0
1607	15	7	780.0	0.0
1608	7	14	364.0	0.0
1609	16	6	832.0	0.0
1610	7	12	364.0	0.0
1611	15	6	780.0	0.0
1612	7	15	364.0	0.0
1613	8	16	416.0	0.0
1614	16	7	832.0	0.0
1615	16	6	832.0	0.0
1616	7	8	364.0	0.0
1617	15	8	780.0	0.0
1618	15	7	780.0	0.0
1619	7	16	364.0	0.0
1620	16	5	832.0	0.0
1621	7	11	364.0	0.0
1622	7	16	364.0	0.0
1623	13	12	676.0	0.0
1624	7	16	364.0	0.0
1625	7	16	364.0	0.0
1626	11	12	572.0	0.0
1627	7	16	364.0	0.0
1628	7	17	364.0	0.0
1629	7	16	364.0	0.0
1630	15	8	780.0	0.0
1631	7	15	364.0	0.0
1632	7	12	364.0	0.0
1633	7	12	364.0	0.0
1634	7	15	364.0	0.0
1635	16	8	832.0	0.0
1636	7	13	364.0	0.0
1637	7	16	364.0	0.0
1638	8	15	416.0	0.0
1639	7	16	364.0	0.0
1640	7	13	364.0	0.0
