EpNum	EpSteps	Reward	ener	dist
1	27	483	1404.0	0.0
2	27	483	1404.0	0.0
3	27	483	1404.0	0.0
4	27	483	1404.0	0.0
5	27	483	1404.0	0.0
6	27	483	1404.0	0.0
7	27	483	1404.0	0.0
8	27	483	1404.0	0.0
9	27	483	1404.0	0.0
10	27	483	1404.0	0.0
11	27	483	1404.0	0.0
12	27	483	1404.0	0.0
13	27	483	1404.0	0.0
14	27	483	1404.0	0.0
15	27	483	1404.0	0.0
16	27	483	1404.0	0.0
17	27	483	1404.0	0.0
18	27	483	1404.0	0.0
19	27	483	1404.0	0.0
20	27	483	1404.0	0.0
21	27	483	1404.0	0.0
22	27	483	1404.0	0.0
23	27	483	1404.0	0.0
24	27	483	1404.0	0.0
25	27	483	1404.0	0.0
26	27	483	1404.0	0.0
27	27	483	1404.0	0.0
28	27	483	1404.0	0.0
29	27	483	1404.0	0.0
30	27	483	1404.0	0.0
31	27	483	1404.0	0.0
32	27	483	1404.0	0.0
33	27	483	1404.0	0.0
34	27	483	1404.0	0.0
35	27	483	1404.0	0.0
36	27	483	1404.0	0.0
37	27	483	1404.0	0.0
38	27	483	1404.0	0.0
39	27	483	1404.0	0.0
40	27	483	1404.0	0.0
41	27	483	1404.0	0.0
42	27	483	1404.0	0.0
43	27	483	1404.0	0.0
44	27	483	1404.0	0.0
45	27	483	1404.0	0.0
46	27	483	1404.0	0.0
47	27	483	1404.0	0.0
48	27	483	1404.0	0.0
49	27	483	1404.0	0.0
50	27	483	1404.0	0.0
51	27	483	1404.0	0.0
52	27	483	1404.0	0.0
53	27	483	1404.0	0.0
54	27	483	1404.0	0.0
55	27	483	1404.0	0.0
56	27	483	1404.0	0.0
57	27	483	1404.0	0.0
58	27	483	1404.0	0.0
59	27	483	1404.0	0.0
60	27	483	1404.0	0.0
61	27	483	1404.0	0.0
62	27	483	1404.0	0.0
63	27	483	1404.0	0.0
64	27	483	1404.0	0.0
65	27	483	1404.0	0.0
66	27	483	1404.0	0.0
67	27	483	1404.0	0.0
68	27	483	1404.0	0.0
69	27	483	1404.0	0.0
70	27	483	1404.0	0.0
71	27	483	1404.0	0.0
72	27	483	1404.0	0.0
73	27	483	1404.0	0.0
74	27	483	1404.0	0.0
75	27	483	1404.0	0.0
76	27	483	1404.0	0.0
77	27	483	1404.0	0.0
78	27	483	1404.0	0.0
79	27	483	1404.0	0.0
80	27	483	1404.0	0.0
81	27	483	1404.0	0.0
82	27	483	1404.0	0.0
83	27	483	1404.0	0.0
84	27	483	1404.0	0.0
85	27	483	1404.0	0.0
86	27	483	1404.0	0.0
87	27	483	1404.0	0.0
88	27	483	1404.0	0.0
89	27	483	1404.0	0.0
90	27	483	1404.0	0.0
91	27	483	1404.0	0.0
92	27	483	1404.0	0.0
93	27	483	1404.0	0.0
94	27	483	1404.0	0.0
95	27	483	1404.0	0.0
96	27	483	1404.0	0.0
97	27	483	1404.0	0.0
98	27	483	1404.0	0.0
99	27	483	1404.0	0.0
100	27	483	1404.0	0.0
101	160	350	6383.16420973604	0.0
102	239	270	10290.693788011675	0.0
103	131	379	6084.581525466245	0.0
104	133	375	6146.859735953039	0.0
105	158	351	7643.424525090854	0.0
106	80	428	3723.2776310850227	0.0
107	192	317	8817.824525090864	0.0
108	149	360	6407.477051683246	0.0
109	53	455	2591.147473407613	0.0
110	248	261	9481.268104117271	0.0
111	110	399	5417.259735953045	0.0
112	386	124	17224.745155800498	0.0
113	60	448	3021.7994205982213	0.0
114	136	373	6303.537946439845	0.0
115	24	485	1207.6346314604057	0.0
116	54	455	2624.3212101114186	0.0
117	191	319	7316.76420973604	0.0
118	74	434	3944.329578275633	0.0
119	59	450	3053.92121011142	0.0
120	31	478	1447.1474734076128	0.0
121	33	475	1485.8519471906081	0.0
122	138	372	6427.72063070965	0.0
123	128	381	4949.312262545425	0.0
124	175	334	7740.650788387055	0.0
125	82	428	4405.44242022284	0.0
126	166	342	7376.955262170046	0.0
127	227	282	8771.546314604077	0.0
128	147	361	6151.346894005839	0.0
129	95	414	4826.364209736037	0.0
130	69	440	3045.616736328423	0.0
131	48	460	2268.5647891378158	0.0
132	29	481	1534.286578651014	0.0
133	51	457	1874.0429996246166	0.0
134	53	456	2402.7212101114196	0.0
135	83	427	3987.65136778883	0.0
136	120	388	5426.425104492637	0.0
137	91	418	4555.1033149794375	0.0
138	69	440	3322.234052058627	0.0
139	69	440	2682.8429996246164	0.0
140	60	449	2979.3994205982212	0.0
141	113	396	4210.355841571825	0.0
142	133	377	5974.54689400584	0.0
143	172	336	7983.720630709642	0.0
144	79	430	3163.1558415718246	0.0
145	199	310	8609.763630334257	0.0
146	54	455	2836.999420598222	0.0
147	105	404	4368.451367788831	0.0
148	59	449	2162.842999624615	0.0
149	25	483	1388.8692629208115	0.0
150	71	438	2892.503894381217	0.0
151	221	287	8629.824525090877	0.0
152	197	313	6971.225104492657	0.0
153	28	479	1438.5301576774102	0.0
154	43	466	2476.9994205982216	0.0
155	18	490	1065.9128419472077	0.0
156	31	477	1467.3301576774097	0.0
157	247	261	9133.146314604066	0.0
158	31	477	1829.4256838944145	0.0
159	194	316	5602.416736328417	0.0
160	40	469	2471.094946815226	0.0
161	39	469	1993.0603153548202	0.0
162	34	475	1582.2865786510142	0.0
163	42	468	1807.825683894414	0.0
164	44	465	1571.9474734076116	0.0
165	55	454	2145.982104868016	0.0
166	66	443	2932.694946815225	0.0
167	80	430	3258.912262545427	0.0
168	82	426	3277.4340520586243	0.0
169	127	383	3899.89494681522	0.0
170	23	486	1135.4519471906085	0.0
171	297	213	8697.816156926674	0.0
172	23	486	1284.8692629208113	0.0
173	52	456	2179.0865786510126	0.0
174	23	487	1455.147473407613	0.0
175	52	457	2138.0429996246157	0.0
176	43	466	1519.9474734076118	0.0
177	169	341	5558.303314979438	0.0
178	37	472	1674.3474734076124	0.0
179	23	485	1348.1301576774106	0.0
180	70	440	2184.3212101114173	0.0
181	92	418	2328.8692629208067	0.0
182	83	426	2136.8083681642097	0.0
183	22	485	1231.5128419472076	0.0
184	20	489	1255.3910524340095	0.0
185	78	432	2428.0083681642086	0.0
186	92	416	2754.2256838944113	0.0
187	121	388	2671.208368164208	0.0
188	179	331	4290.042999624608	0.0
189	165	345	3965.1821048680113	0.0
190	18	492	918.5301576774107	0.0
191	199	311	4293.616736328413	0.0
192	48	462	1504.0083681642107	0.0
193	87	423	1814.4692629208078	0.0
194	76	434	2303.8256838944117	0.0
195	26	484	973.7910524340099	0.0
196	71	439	2339.2692629208086	0.0
197	119	391	3224.0692629208074	0.0
198	49	461	1896.564789137816	0.0
199	134	375	4497.434052058623	0.0
200	37	473	1568.0083681642125	0.0
201	93	417	3446.294946815223	0.0
202	30	480	1288.8083681642124	0.0
203	70	440	2694.477631085022	0.0
204	33	477	1529.6083681642122	0.0
205	67	443	2555.2692629208104	0.0
206	29	481	1470.3474734076133	0.0
207	82	428	2531.0256838944124	0.0
208	84	425	2873.3122625454266	0.0
209	69	440	2789.8603153548197	0.0
210	56	454	2409.9821048680183	0.0
211	31	479	1979.521210111419	0.0
212	70	440	3477.8603153548215	0.0
213	78	431	3448.999420598221	0.0
214	52	458	2349.3647891378146	0.0
215	48	462	2905.2429996246174	0.0
216	61	449	2562.286578651012	0.0
217	85	424	3643.3994205982203	0.0
218	44	465	2166.9038943812157	0.0
219	78	431	4188.6256838944155	0.0
220	72	438	4071.1558415718255	0.0
221	73	437	3422.5385258416204	0.0
222	150	360	4161.060315354813	0.0
223	93	417	3780.06926292081	0.0
224	205	304	7089.068683519048	0.0
225	79	430	3560.8692629208103	0.0
226	90	420	2605.7910524340055	0.0
227	89	420	3128.5647891378126	0.0
228	210	300	5902.042999624618	0.0
229	52	457	1772.5564209736017	0.0
230	15	493	802.2173157302028	0.0
231	15	494	888.3737367038068	0.0
232	16	493	897.9737367038067	0.0
233	15	494	888.3737367038067	0.0
234	15	494	888.3737367038067	0.0
235	238	272	5388.138525841625	0.0
236	14	493	814.1564209736039	0.0
237	12	495	710.1564209736039	0.0
238	12	495	710.1564209736039	0.0
239	11	496	658.1564209736039	0.0
240	11	496	658.1564209736039	0.0
241	13	494	762.1564209736039	0.0
242	12	495	710.1564209736039	0.0
243	12	495	710.1564209736039	0.0
244	12	495	710.1564209736039	0.0
245	50	458	1691.4519471906062	0.0
246	11	496	658.1564209736039	0.0
247	41	467	1456.312841947206	0.0
248	12	495	689.2955262170047	0.0
249	14	493	814.1564209736039	0.0
250	15	492	802.8955262170048	0.0
251	11	496	658.1564209736039	0.0
252	11	496	658.1564209736039	0.0
253	12	495	731.6955262170048	0.0
254	12	495	710.1564209736039	0.0
255	11	496	679.6955262170047	0.0
256	70	438	1436.556420973604	0.0
257	11	496	658.1564209736039	0.0
258	12	495	710.1564209736039	0.0
259	11	496	658.1564209736039	0.0
260	11	496	658.1564209736039	0.0
261	12	495	710.1564209736039	0.0
262	99	408	2521.9128419472054	0.0
263	11	496	658.1564209736039	0.0
264	11	496	658.1564209736039	0.0
265	54	455	2726.591052434009	0.0
266	11	496	658.1564209736039	0.0
267	12	495	710.1564209736039	0.0
268	12	495	710.1564209736039	0.0
269	63	446	2197.851947190606	0.0
270	11	497	658.1564209736039	0.0
271	11	497	658.1564209736039	0.0
272	11	497	658.1564209736039	0.0
273	12	496	710.1564209736039	0.0
274	12	496	710.1564209736039	0.0
275	24	485	1187.4519471906085	0.0
276	13	495	762.1564209736039	0.0
277	12	496	667.7564209736038	0.0
278	11	497	658.1564209736039	0.0
279	11	497	658.1564209736039	0.0
280	11	497	658.1564209736039	0.0
281	11	497	658.1564209736039	0.0
282	11	497	658.1564209736039	0.0
283	11	497	658.1564209736039	0.0
284	11	497	658.1564209736039	0.0
285	11	497	658.1564209736039	0.0
286	11	497	658.1564209736039	0.0
287	13	495	762.1564209736039	0.0
288	11	497	658.1564209736039	0.0
289	11	497	658.1564209736039	0.0
290	11	497	658.1564209736039	0.0
291	12	496	667.7564209736038	0.0
292	15	493	887.6955262170048	0.0
293	11	497	658.1564209736039	0.0
294	11	497	658.1564209736039	0.0
295	46	463	1738.5301576774086	0.0
296	173	336	3848.1301576774017	0.0
297	11	497	658.1564209736039	0.0
298	11	497	658.1564209736039	0.0
299	11	497	658.1564209736039	0.0
300	12	496	710.1564209736039	0.0
301	12	496	710.1564209736039	0.0
302	11	497	658.1564209736039	0.0
303	12	496	710.1564209736039	0.0
304	12	496	710.1564209736039	0.0
305	11	497	658.1564209736039	0.0
306	11	497	658.1564209736039	0.0
307	11	497	658.1564209736039	0.0
308	11	497	658.1564209736039	0.0
309	11	497	658.1564209736039	0.0
310	11	497	658.1564209736039	0.0
311	11	497	658.1564209736039	0.0
312	12	496	710.1564209736039	0.0
313	12	496	710.1564209736039	0.0
314	12	496	710.1564209736039	0.0
315	12	496	710.1564209736039	0.0
316	13	495	719.7564209736039	0.0
317	12	496	710.1564209736039	0.0
318	12	496	710.1564209736039	0.0
319	12	496	710.1564209736039	0.0
320	11	497	658.1564209736039	0.0
321	11	497	658.1564209736039	0.0
322	11	497	658.1564209736039	0.0
323	24	484	995.6346314604059	0.0
324	189	320	3959.3301576773997	0.0
325	51	458	2591.451947190608	0.0
326	102	407	3846.964789137813	0.0
327	11	497	658.1564209736039	0.0
328	11	497	658.1564209736039	0.0
329	11	497	658.1564209736039	0.0
330	14	494	835.6955262170047	0.0
331	12	496	710.1564209736039	0.0
332	12	496	710.1564209736039	0.0
333	12	496	710.1564209736039	0.0
334	11	497	658.1564209736039	0.0
335	11	497	658.1564209736039	0.0
336	11	497	658.1564209736039	0.0
337	11	497	658.1564209736039	0.0
338	11	497	658.1564209736039	0.0
339	11	497	658.1564209736039	0.0
340	11	497	658.1564209736039	0.0
341	11	497	658.1564209736039	0.0
342	96	413	2578.5910524340034	0.0
343	61	448	2708.9910524340085	0.0
344	14	494	835.6955262170048	0.0
345	12	496	710.1564209736039	0.0
346	13	495	719.7564209736039	0.0
347	94	415	2645.5474734076083	0.0
348	16	492	961.2346314604058	0.0
349	13	495	719.7564209736039	0.0
350	141	369	4627.216736328429	0.0
351	39	471	1776.9910524340085	0.0
352	16	492	748.556420973604	0.0
353	20	488	957.2346314604059	0.0
354	182	327	6652.877631085034	0.0
355	61	449	2074.34747340761	0.0
356	12	496	667.7564209736039	0.0
357	52	458	1901.7910524340084	0.0
358	67	443	2660.251947190607	0.0
359	45	464	1834.591052434008	0.0
360	13	495	719.7564209736039	0.0
361	40	469	1828.3128419472068	0.0
362	49	460	2190.651947190607	0.0
363	83	426	3982.9038943812166	0.0
364	45	464	2555.39105243401	0.0
365	93	416	3590.2865786510115	0.0
366	57	453	2034.5910524340065	0.0
367	40	469	2230.7737367038067	0.0
368	20	489	1190.7737367038067	0.0
369	48	461	2372.1910524340087	0.0
370	22	487	1294.7737367038067	0.0
371	38	471	2021.7910524340089	0.0
372	35	474	1632.251947190608	0.0
373	32	477	1814.7737367038067	0.0
374	24	485	1398.7737367038067	0.0
375	48	462	1927.3301576774084	0.0
376	46	463	1567.5737367038055	0.0
377	54	455	3133.799420598222	0.0
378	61	448	2818.0429996246166	0.0
379	26	483	1502.7737367038064	0.0
380	20	489	1190.7737367038067	0.0
381	62	447	2888.86926292081	0.0
382	196	313	6470.973157302032	0.0
383	20	490	1190.7737367038067	0.0
384	11	497	658.1564209736039	0.0
385	30	479	1753.8519471906086	0.0
386	79	430	2498.8346314604028	0.0
387	31	478	1381.1737367038065	0.0
388	11	496	679.6955262170047	0.0
389	27	482	1406.7128419472076	0.0
390	11	497	658.1564209736039	0.0
391	11	496	658.1564209736039	0.0
392	11	497	658.1564209736039	0.0
393	48	462	1841.8519471906068	0.0
394	42	467	1614.6519471906067	0.0
395	54	455	1687.451947190606	0.0
396	11	497	658.1564209736039	0.0
397	61	448	2009.0519471906055	0.0
398	11	497	722.7737367038067	0.0
399	21	487	1030.7737367038067	0.0
400	44	464	1081.2955262170053	0.0
401	35	474	1568.3128419472075	0.0
402	47	461	1322.7737367038058	0.0
403	30	477	1244.3737367038063	0.0
404	23	485	1220.2519471906085	0.0
405	11	497	679.6955262170048	0.0
406	11	497	658.1564209736039	0.0
407	23	485	1220.2519471906085	0.0
408	11	497	658.1564209736039	0.0
409	13	495	805.2346314604057	0.0
410	11	497	658.1564209736039	0.0
411	11	497	658.1564209736039	0.0
412	11	497	658.1564209736039	0.0
413	11	497	658.1564209736039	0.0
414	11	497	658.1564209736039	0.0
415	11	497	658.1564209736039	0.0
416	11	497	658.1564209736039	0.0
417	11	497	658.1564209736039	0.0
418	11	497	658.1564209736039	0.0
419	12	496	710.1564209736039	0.0
420	11	497	658.1564209736039	0.0
421	12	496	710.1564209736039	0.0
422	12	496	710.1564209736039	0.0
423	11	497	658.1564209736039	0.0
424	47	462	1960.8083681642104	0.0
425	11	497	658.1564209736039	0.0
426	12	496	753.2346314604058	0.0
427	39	470	1542.7737367038053	0.0
428	13	495	805.2346314604057	0.0
429	13	495	805.2346314604057	0.0
430	14	494	835.6955262170047	0.0
431	11	497	658.1564209736039	0.0
432	11	497	658.1564209736039	0.0
433	11	497	679.6955262170048	0.0
434	11	497	679.6955262170048	0.0
435	11	497	658.1564209736039	0.0
436	11	497	679.6955262170048	0.0
437	11	497	679.6955262170047	0.0
438	11	497	658.1564209736039	0.0
439	11	497	658.1564209736039	0.0
440	11	497	658.1564209736039	0.0
441	12	496	689.2955262170047	0.0
442	11	497	679.6955262170048	0.0
443	11	497	679.6955262170048	0.0
444	11	497	658.1564209736039	0.0
445	11	497	658.1564209736039	0.0
446	11	497	658.1564209736039	0.0
447	11	497	679.6955262170048	0.0
448	11	497	679.6955262170048	0.0
449	11	497	679.6955262170048	0.0
450	11	497	658.1564209736039	0.0
451	11	497	658.1564209736039	0.0
452	11	497	658.1564209736039	0.0
453	11	497	658.1564209736039	0.0
454	11	497	658.1564209736039	0.0
455	38	471	1576.2519471906087	0.0
456	11	497	658.1564209736039	0.0
457	11	497	701.2346314604057	0.0
458	11	497	658.1564209736039	0.0
459	11	497	658.1564209736039	0.0
460	13	495	805.2346314604058	0.0
461	11	497	658.1564209736039	0.0
462	11	497	658.1564209736039	0.0
463	65	444	1792.3737367038038	0.0
464	11	497	658.1564209736039	0.0
465	13	495	805.2346314604057	0.0
466	13	495	805.2346314604057	0.0
467	14	494	729.3564209736039	0.0
468	12	496	710.1564209736039	0.0
469	11	497	658.1564209736039	0.0
470	11	497	658.1564209736039	0.0
471	11	497	658.1564209736039	0.0
472	12	496	667.7564209736038	0.0
473	11	497	658.1564209736039	0.0
474	11	497	658.1564209736039	0.0
475	11	497	658.1564209736039	0.0
476	11	497	658.1564209736039	0.0
477	36	473	1557.051947190608	0.0
478	11	496	658.1564209736039	0.0
479	11	497	679.6955262170048	0.0
480	11	497	679.6955262170048	0.0
481	11	497	679.6955262170048	0.0
482	13	495	826.7737367038067	0.0
483	14	494	857.2346314604057	0.0
484	11	497	679.6955262170048	0.0
485	11	497	679.6955262170048	0.0
486	13	495	783.6955262170048	0.0
487	37	472	1757.791052434009	0.0
488	14	494	814.8346314604057	0.0
489	13	496	805.2346314604058	0.0
490	13	496	826.7737367038068	0.0
491	13	496	805.2346314604058	0.0
492	13	496	805.2346314604058	0.0
493	13	496	805.2346314604058	0.0
494	26	484	1567.3910524340092	0.0
495	14	495	814.8346314604058	0.0
496	15	494	909.2346314604058	0.0
497	30	479	1435.5128419472073	0.0
498	13	495	677.3564209736039	0.0
499	11	497	658.1564209736039	0.0
500	12	496	710.1564209736039	0.0
501	11	497	658.1564209736039	0.0
502	11	497	658.1564209736039	0.0
503	17	492	992.3737367038068	0.0
504	13	496	805.2346314604058	0.0
505	13	496	805.2346314604058	0.0
506	13	496	805.2346314604058	0.0
507	13	496	805.2346314604058	0.0
508	13	496	805.2346314604058	0.0
509	13	496	805.2346314604058	0.0
510	13	496	826.7737367038068	0.0
511	13	496	805.2346314604058	0.0
512	13	496	826.7737367038068	0.0
513	33	476	1443.4519471906085	0.0
514	28	481	1394.7737367038067	0.0
515	13	496	805.2346314604058	0.0
516	32	477	1475.5737367038066	0.0
517	15	494	845.2955262170049	0.0
518	14	495	857.2346314604058	0.0
519	32	477	1454.7128419472076	0.0
520	14	495	835.6955262170048	0.0
521	13	496	805.2346314604058	0.0
522	25	484	1387.5128419472076	0.0
523	13	496	826.7737367038068	0.0
524	13	496	805.2346314604058	0.0
525	13	496	805.2346314604058	0.0
526	15	494	973.8519471906087	0.0
527	13	496	826.7737367038068	0.0
528	13	496	826.7737367038068	0.0
529	13	496	805.2346314604058	0.0
530	13	496	805.2346314604058	0.0
531	11	497	658.1564209736039	0.0
532	13	496	805.2346314604058	0.0
533	12	495	667.7564209736038	0.0
534	13	496	805.2346314604058	0.0
535	12	495	667.7564209736038	0.0
536	13	496	826.7737367038068	0.0
537	13	496	826.7737367038068	0.0
538	14	495	835.6955262170048	0.0
539	14	495	835.6955262170048	0.0
540	13	496	805.2346314604058	0.0
541	13	495	762.1564209736039	0.0
542	13	496	805.2346314604058	0.0
543	15	494	952.3128419472077	0.0
544	13	496	805.2346314604058	0.0
545	13	496	805.2346314604058	0.0
546	13	496	826.7737367038068	0.0
547	12	496	688.6173157302029	0.0
548	13	496	805.2346314604058	0.0
549	13	496	805.2346314604058	0.0
550	14	495	814.8346314604058	0.0
551	13	496	805.2346314604058	0.0
552	13	496	805.2346314604058	0.0
553	14	496	835.6955262170048	0.0
554	13	496	805.2346314604058	0.0
555	15	494	930.7737367038068	0.0
556	11	496	658.1564209736039	0.0
557	14	493	835.6955262170048	0.0
558	13	496	805.2346314604058	0.0
559	13	496	805.2346314604058	0.0
560	13	496	805.2346314604058	0.0
561	13	496	805.2346314604058	0.0
562	13	496	826.7737367038068	0.0
563	13	496	805.2346314604058	0.0
564	14	495	814.8346314604058	0.0
565	13	496	805.2346314604058	0.0
566	13	496	805.2346314604058	0.0
567	13	496	805.2346314604058	0.0
568	13	496	805.2346314604058	0.0
569	13	496	805.2346314604058	0.0
570	13	496	805.2346314604058	0.0
571	14	493	835.6955262170048	0.0
572	13	496	805.2346314604058	0.0
573	14	495	814.8346314604058	0.0
574	14	495	814.8346314604058	0.0
575	13	496	805.2346314604058	0.0
576	13	494	762.1564209736039	0.0
577	13	496	805.2346314604058	0.0
578	13	496	805.2346314604058	0.0
579	13	496	805.2346314604058	0.0
580	13	496	805.2346314604058	0.0
581	13	496	805.2346314604058	0.0
582	15	495	930.7737367038068	0.0
583	12	496	731.6955262170048	0.0
584	13	495	762.1564209736039	0.0
585	14	495	814.8346314604058	0.0
586	13	496	805.2346314604058	0.0
587	13	496	805.2346314604058	0.0
588	13	496	805.2346314604058	0.0
589	13	496	805.2346314604058	0.0
590	13	496	805.2346314604058	0.0
591	13	496	805.2346314604058	0.0
592	12	497	774.7737367038068	0.0
593	12	497	774.7737367038068	0.0
594	12	497	774.7737367038068	0.0
595	12	497	774.7737367038068	0.0
596	226	283	4359.6429996246125	0.0
597	14	495	836.3737367038068	0.0
598	13	496	784.3737367038068	0.0
599	12	497	796.3128419472077	0.0
600	13	496	826.7737367038068	0.0
601	12	497	774.7737367038068	0.0
602	13	496	805.2346314604058	0.0
603	44	466	1378.773736703805	0.0
604	12	497	796.3128419472077	0.0
605	14	495	814.8346314604058	0.0
606	12	497	774.7737367038068	0.0
607	12	497	774.7737367038068	0.0
608	12	497	796.3128419472077	0.0
609	12	497	796.3128419472077	0.0
610	12	497	796.3128419472077	0.0
611	12	497	796.3128419472077	0.0
612	12	497	796.3128419472077	0.0
613	12	497	796.3128419472077	0.0
614	12	497	796.3128419472077	0.0
615	12	497	796.3128419472077	0.0
616	13	496	805.9128419472078	0.0
617	10	498	627.6955262170047	0.0
618	10	497	649.2346314604057	0.0
619	12	497	796.3128419472077	0.0
620	14	495	879.4519471906087	0.0
621	10	498	649.2346314604057	0.0
622	10	498	649.2346314604057	0.0
623	10	497	649.2346314604057	0.0
624	10	498	649.2346314604057	0.0
625	10	498	649.2346314604057	0.0
626	10	498	649.2346314604057	0.0
627	10	497	649.2346314604057	0.0
628	25	483	1134.4692629208116	0.0
629	12	497	796.3128419472077	0.0
630	12	497	796.3128419472077	0.0
631	11	497	637.2955262170047	0.0
632	12	497	796.3128419472077	0.0
633	10	498	649.2346314604057	0.0
634	12	496	796.3128419472076	0.0
635	11	497	637.2955262170047	0.0
636	12	496	731.6955262170047	0.0
637	10	498	627.6955262170047	0.0
638	10	497	627.6955262170047	0.0
639	10	497	627.6955262170047	0.0
640	12	497	796.3128419472077	0.0
641	12	497	796.3128419472077	0.0
642	13	495	783.6955262170047	0.0
643	12	497	774.7737367038068	0.0
644	12	497	796.3128419472077	0.0
645	12	497	796.3128419472077	0.0
646	12	497	796.3128419472077	0.0
647	13	496	826.7737367038068	0.0
648	13	496	826.7737367038068	0.0
649	13	496	826.7737367038068	0.0
650	129	381	4509.982104868015	0.0
651	13	496	826.7737367038068	0.0
652	14	495	857.2346314604058	0.0
653	13	496	805.2346314604058	0.0
654	10	498	627.6955262170047	0.0
655	14	495	793.9737367038068	0.0
656	42	468	1466.591052434008	0.0
657	10	498	649.2346314604057	0.0
658	10	498	649.2346314604057	0.0
659	12	497	796.3128419472077	0.0
660	12	497	774.7737367038068	0.0
661	12	497	796.3128419472077	0.0
662	68	442	2226.34747340761	0.0
663	10	498	627.6955262170047	0.0
664	156	353	6740.442999624624	0.0
665	11	497	722.7737367038067	0.0
666	10	498	649.2346314604057	0.0
667	10	497	627.6955262170047	0.0
668	13	496	805.9128419472078	0.0
669	12	497	796.3128419472077	0.0
670	12	497	796.3128419472077	0.0
671	1150	-641	21858.782104867514	0.0
672	12	497	796.3128419472077	0.0
673	12	497	796.3128419472077	0.0
674	12	497	796.3128419472077	0.0
675	12	497	796.3128419472077	0.0
676	68	442	1971.947473407609	0.0
677	12	497	774.7737367038068	0.0
678	12	497	774.7737367038068	0.0
679	12	497	774.7737367038067	0.0
680	12	497	774.7737367038067	0.0
681	12	497	796.3128419472076	0.0
682	23	486	1243.1474734076132	0.0
683	12	497	774.7737367038067	0.0
684	12	497	774.7737367038067	0.0
685	10	498	627.6955262170047	0.0
686	12	497	774.7737367038067	0.0
687	12	497	774.7737367038067	0.0
688	12	497	774.7737367038067	0.0
689	12	497	774.7737367038068	0.0
690	12	497	774.7737367038067	0.0
691	54	455	2834.286578651014	0.0
692	12	497	796.3128419472076	0.0
693	11	497	722.7737367038067	0.0
694	466	43	14360.26031535489	0.0
695	12	497	774.7737367038067	0.0
696	12	497	774.7737367038067	0.0
697	12	497	774.7737367038067	0.0
698	166	343	2998.2256838944027	0.0
699	12	497	796.3128419472076	0.0
700	1539	-1030	31232.38210486717	0.0
701	21	488	1244.1301576774104	0.0
702	25	484	1282.53015767741	0.0
703	28	480	1227.2083681642125	0.0
704	30	479	1309.6692629208117	0.0
705	28	481	1418.3474734076128	0.0
706	12	497	774.7737367038068	0.0
707	13	496	784.3737367038067	0.0
708	12	497	774.7737367038067	0.0
709	12	497	796.3128419472076	0.0
710	12	497	796.3128419472076	0.0
711	12	497	796.3128419472076	0.0
712	12	497	796.3128419472076	0.0
713	16	493	1025.8519471906086	0.0
714	13	496	805.9128419472077	0.0
715	12	497	774.7737367038068	0.0
716	12	497	774.7737367038068	0.0
717	14	495	814.8346314604058	0.0
718	22	487	1125.8519471906081	0.0
719	82	426	1914.5301576774066	0.0
720	12	497	774.7737367038067	0.0
721	12	497	774.7737367038067	0.0
722	13	496	826.7737367038068	0.0
723	12	497	796.3128419472076	0.0
724	182	327	8493.547473407623	0.0
725	14	494	900.3128419472076	0.0
726	14	494	943.3910524340097	0.0
727	12	496	796.3128419472076	0.0
728	12	496	796.3128419472076	0.0
729	12	496	774.7737367038067	0.0
730	12	496	774.7737367038067	0.0
731	13	496	784.3737367038068	0.0
732	13	496	805.2346314604058	0.0
733	12	497	774.7737367038067	0.0
734	12	495	774.7737367038067	0.0
735	13	496	805.9128419472077	0.0
736	14	494	836.3737367038068	0.0
737	12	496	796.3128419472076	0.0
738	13	496	826.7737367038068	0.0
739	12	497	796.3128419472077	0.0
740	13	496	826.7737367038068	0.0
741	13	496	805.2346314604058	0.0
742	12	496	774.7737367038067	0.0
743	13	496	805.2346314604058	0.0
744	12	497	774.7737367038068	0.0
745	14	495	878.7737367038068	0.0
746	12	495	774.7737367038067	0.0
747	12	496	774.7737367038067	0.0
748	13	495	826.7737367038067	0.0
749	13	496	826.7737367038068	0.0
750	13	496	805.2346314604058	0.0
751	12	497	796.3128419472076	0.0
752	13	496	826.7737367038068	0.0
753	12	497	796.3128419472076	0.0
754	12	497	796.3128419472076	0.0
755	12	497	796.3128419472076	0.0
756	12	497	796.3128419472076	0.0
757	12	497	796.3128419472076	0.0
758	10	498	649.2346314604057	0.0
759	12	497	796.3128419472076	0.0
760	12	497	796.3128419472076	0.0
761	12	496	796.3128419472076	0.0
762	12	497	796.3128419472076	0.0
763	13	495	826.7737367038067	0.0
764	13	495	826.7737367038067	0.0
765	13	494	826.7737367038067	0.0
766	12	497	796.3128419472076	0.0
767	12	497	796.3128419472076	0.0
768	12	497	774.7737367038067	0.0
769	12	497	774.7737367038067	0.0
770	12	497	774.7737367038067	0.0
771	12	496	796.3128419472076	0.0
772	13	496	869.8519471906086	0.0
773	14	495	878.7737367038067	0.0
774	13	495	826.7737367038067	0.0
775	11	497	658.8346314604057	0.0
776	12	496	796.3128419472076	0.0
777	14	494	836.3737367038067	0.0
778	12	497	796.3128419472076	0.0
779	12	497	796.3128419472076	0.0
780	12	497	796.3128419472076	0.0
781	10	498	649.2346314604057	0.0
782	12	496	796.3128419472077	0.0
783	10	498	627.6955262170047	0.0
784	13	495	826.7737367038067	0.0
785	11	497	722.7737367038067	0.0
786	13	495	826.7737367038067	0.0
787	13	495	826.7737367038067	0.0
788	12	496	753.2346314604057	0.0
789	14	494	857.2346314604057	0.0
790	10	497	627.6955262170047	0.0
791	13	496	826.7737367038068	0.0
792	13	496	826.7737367038068	0.0
793	10	497	627.6955262170047	0.0
794	12	496	796.3128419472076	0.0
795	14	494	900.3128419472076	0.0
796	12	496	796.3128419472076	0.0
797	12	496	796.3128419472076	0.0
798	12	496	774.7737367038067	0.0
799	12	496	774.7737367038067	0.0
800	12	496	774.7737367038067	0.0
801	105	404	3617.295526217001	0.0
802	10	497	627.6955262170047	0.0
803	13	494	826.7737367038067	0.0
804	10	497	627.6955262170047	0.0
805	12	497	796.3128419472076	0.0
806	13	495	826.7737367038067	0.0
807	13	494	805.2346314604057	0.0
808	13	494	805.2346314604057	0.0
809	13	495	826.7737367038068	0.0
810	10	497	627.6955262170047	0.0
811	13	496	826.7737367038068	0.0
812	12	496	667.7564209736038	0.0
813	12	496	689.2955262170047	0.0
814	13	495	826.7737367038067	0.0
815	15	493	866.8346314604057	0.0
816	14	494	857.2346314604057	0.0
817	12	496	753.2346314604057	0.0
818	15	492	866.8346314604057	0.0
819	15	493	866.8346314604057	0.0
820	13	494	805.2346314604057	0.0
821	10	497	627.6955262170047	0.0
822	14	494	857.2346314604057	0.0
823	14	493	857.2346314604057	0.0
824	13	494	826.7737367038067	0.0
825	13	494	805.2346314604057	0.0
826	13	494	826.7737367038067	0.0
827	13	494	805.2346314604057	0.0
828	14	494	814.8346314604057	0.0
829	13	494	826.7737367038067	0.0
830	13	494	762.8346314604057	0.0
831	14	493	857.2346314604057	0.0
832	13	494	762.8346314604057	0.0
833	13	494	805.2346314604057	0.0
834	13	494	826.7737367038067	0.0
835	15	493	866.8346314604057	0.0
836	13	494	826.7737367038067	0.0
837	13	495	826.7737367038067	0.0
838	13	494	826.7737367038067	0.0
839	13	495	826.7737367038067	0.0
840	13	494	762.8346314604057	0.0
841	13	495	762.8346314604057	0.0
842	13	494	826.7737367038067	0.0
843	13	494	826.7737367038067	0.0
844	13	494	762.8346314604057	0.0
845	13	495	826.7737367038067	0.0
846	13	494	826.7737367038067	0.0
847	13	495	826.7737367038067	0.0
848	13	494	826.7737367038067	0.0
849	13	495	826.7737367038067	0.0
850	13	494	826.7737367038067	0.0
851	13	494	826.7737367038067	0.0
852	15	492	866.8346314604057	0.0
853	13	495	826.7737367038067	0.0
854	13	495	826.7737367038067	0.0
855	13	494	826.7737367038067	0.0
856	13	495	826.7737367038067	0.0
857	14	494	836.3737367038068	0.0
858	15	493	866.8346314604057	0.0
859	13	495	826.7737367038067	0.0
860	13	494	826.7737367038067	0.0
861	13	495	826.7737367038067	0.0
862	13	495	826.7737367038067	0.0
863	13	495	826.7737367038067	0.0
864	14	495	857.2346314604057	0.0
865	13	495	826.7737367038067	0.0
866	13	495	826.7737367038067	0.0
867	13	495	826.7737367038067	0.0
868	13	495	826.7737367038067	0.0
869	13	495	826.7737367038067	0.0
870	12	496	667.7564209736038	0.0
871	14	495	900.3128419472076	0.0
872	13	495	805.2346314604057	0.0
873	14	495	857.2346314604057	0.0
874	13	495	826.7737367038067	0.0
875	13	495	826.7737367038067	0.0
876	13	495	826.7737367038067	0.0
877	13	495	826.7737367038067	0.0
878	15	493	930.7737367038067	0.0
879	14	495	900.3128419472076	0.0
880	14	494	793.2955262170047	0.0
881	13	495	826.7737367038067	0.0
882	13	495	826.7737367038067	0.0
883	13	495	826.7737367038067	0.0
884	13	494	826.7737367038067	0.0
885	13	495	826.7737367038067	0.0
886	13	495	826.7737367038067	0.0
887	13	494	826.7737367038067	0.0
888	14	494	857.2346314604057	0.0
889	13	495	826.7737367038067	0.0
890	13	495	826.7737367038067	0.0
891	14	495	857.2346314604057	0.0
892	13	496	826.7737367038067	0.0
893	13	495	826.7737367038067	0.0
894	13	495	826.7737367038067	0.0
895	13	495	826.7737367038067	0.0
896	14	494	857.2346314604057	0.0
897	13	495	826.7737367038067	0.0
898	13	495	826.7737367038067	0.0
899	13	494	826.7737367038067	0.0
900	17	490	906.8955262170048	0.0
901	13	494	826.7737367038067	0.0
902	13	494	826.7737367038067	0.0
903	24	485	1186.7737367038067	0.0
904	13	494	826.7737367038067	0.0
905	13	494	826.7737367038067	0.0
906	13	494	826.7737367038067	0.0
907	13	494	826.7737367038067	0.0
908	13	494	826.7737367038067	0.0
909	13	494	826.7737367038067	0.0
910	14	493	857.2346314604057	0.0
911	13	494	826.7737367038067	0.0
912	13	494	826.7737367038067	0.0
913	14	493	836.3737367038067	0.0
914	13	494	805.2346314604057	0.0
915	13	494	826.7737367038067	0.0
916	14	493	857.2346314604057	0.0
917	13	494	826.7737367038067	0.0
918	14	493	857.2346314604057	0.0
919	14	493	857.2346314604057	0.0
920	14	494	835.6955262170047	0.0
921	14	494	835.6955262170047	0.0
922	15	494	866.8346314604057	0.0
923	13	494	826.7737367038067	0.0
924	13	495	826.7737367038067	0.0
925	16	492	876.4346314604057	0.0
926	14	493	836.3737367038067	0.0
927	14	493	836.3737367038067	0.0
928	14	493	836.3737367038067	0.0
929	14	494	836.3737367038067	0.0
930	13	494	826.7737367038067	0.0
931	14	494	836.3737367038067	0.0
932	13	495	826.7737367038067	0.0
933	13	495	826.7737367038067	0.0
934	224	285	5037.669262920831	0.0
935	13	495	826.7737367038067	0.0
936	25	484	1347.147473407613	0.0
937	13	496	826.7737367038067	0.0
938	13	496	826.7737367038068	0.0
939	15	494	889.0519471906086	0.0
940	151	359	7558.754682768275	0.0
941	13	495	826.7737367038067	0.0
942	111	397	3720.6865786510098	0.0
943	16	491	919.5128419472077	0.0
944	13	494	826.7737367038067	0.0
945	13	495	826.7737367038067	0.0
946	431	76	9802.408368164297	0.0
947	508	-1	9925.791052434148	0.0
948	49	459	2618.042999624617	0.0
949	23	485	1241.7910524340095	0.0
950	25	483	1069.1737367038068	0.0
951	1096	-588	14725.30389438155	0.0
952	12	496	796.3128419472076	0.0
953	12	496	796.3128419472076	0.0
954	13	495	826.7737367038067	0.0
955	14	494	857.2346314604057	0.0
956	14	494	857.2346314604057	0.0
957	13	495	826.7737367038067	0.0
958	14	494	943.3910524340096	0.0
959	250	258	7702.712841947247	0.0
960	13	495	826.7737367038067	0.0
961	1784	-1276	21438.477631084683	0.0
962	25	483	1240.1301576774106	0.0
963	12	496	796.3128419472076	0.0
964	12	496	796.3128419472077	0.0
965	28	480	1567.7647891378158	0.0
966	12	495	796.3128419472076	0.0
967	12	496	817.8519471906086	0.0
968	12	496	817.8519471906086	0.0
969	12	496	796.3128419472076	0.0
970	12	496	796.3128419472076	0.0
971	12	496	796.3128419472076	0.0
972	12	496	796.3128419472076	0.0
973	12	496	796.3128419472076	0.0
974	12	496	796.3128419472076	0.0
975	14	495	900.3128419472077	0.0
976	12	495	796.3128419472076	0.0
977	12	496	796.3128419472076	0.0
978	12	496	796.3128419472076	0.0
979	12	496	796.3128419472076	0.0
980	12	496	796.3128419472076	0.0
981	111	397	2213.1128419472	0.0
982	12	496	796.3128419472076	0.0
983	12	496	796.3128419472076	0.0
984	11	497	679.6955262170048	0.0
985	13	495	826.7737367038067	0.0
986	12	496	817.8519471906086	0.0
987	12	496	817.8519471906086	0.0
988	12	496	796.3128419472076	0.0
989	12	496	796.3128419472076	0.0
990	12	496	796.3128419472076	0.0
991	12	496	796.3128419472076	0.0
992	13	495	805.9128419472077	0.0
993	12	496	796.3128419472076	0.0
994	12	496	796.3128419472076	0.0
995	13	496	826.7737367038068	0.0
996	12	496	796.3128419472076	0.0
997	12	496	796.3128419472076	0.0
998	12	496	796.3128419472076	0.0
999	13	494	826.7737367038067	0.0
1000	12	496	796.3128419472076	0.0
1001	12	496	796.3128419472076	0.0
1002	12	496	796.3128419472076	0.0
1003	12	496	796.3128419472076	0.0
1004	12	496	796.3128419472076	0.0
1005	12	496	796.3128419472076	0.0
1006	5003	-4495	56416.70331497433	0.0
1007	281	226	6063.477051683254	0.0
1008	433	75	10463.197682392953	0.0
1009	212	296	5975.850788387087	0.0
1010	468	40	8518.250788387164	0.0
1011	12	496	689.2955262170047	0.0
1012	12	496	732.3737367038067	0.0
1013	12	496	732.3737367038067	0.0
1014	12	496	732.3737367038067	0.0
1015	11	496	722.7737367038067	0.0
1016	11	496	722.7737367038067	0.0
1017	11	496	722.7737367038067	0.0
1018	12	495	817.8519471906086	0.0
1019	12	495	796.3128419472076	0.0
1020	12	496	817.8519471906087	0.0
1021	12	495	817.8519471906086	0.0
1022	12	495	817.8519471906086	0.0
1023	12	495	817.8519471906086	0.0
1024	12	495	817.8519471906086	0.0
1025	12	495	817.8519471906086	0.0
1026	12	495	817.8519471906086	0.0
1027	63	444	1668.8692629208085	0.0
1028	12	497	796.3128419472076	0.0
1029	13	496	826.7737367038068	0.0
1030	781	-274	9731.399420598378	0.0
1031	77	431	2312.74747340761	0.0
1032	74	434	3236.93015767741	0.0
1033	11	496	658.8346314604057	0.0
1034	6670	-6162	72639.36363033162	0.0
1035	14	495	900.3128419472076	0.0
1036	11	497	637.2955262170047	0.0
1037	14	495	900.3128419472076	0.0
1038	14	495	900.3128419472076	0.0
1039	14	495	900.3128419472076	0.0
1040	14	495	900.3128419472076	0.0
1041	11	497	658.8346314604057	0.0
1042	11	496	658.8346314604057	0.0
1043	11	497	658.8346314604057	0.0
1044	14	495	900.3128419472076	0.0
1045	14	495	900.3128419472076	0.0
1046	14	495	900.3128419472076	0.0
1047	14	495	900.3128419472076	0.0
1048	11	496	658.8346314604057	0.0
1049	11	497	658.8346314604057	0.0
1050	11	496	658.8346314604057	0.0
1051	11	497	658.8346314604057	0.0
1052	11	497	658.8346314604057	0.0
1053	11	496	658.8346314604057	0.0
1054	11	496	658.8346314604057	0.0
1055	11	496	658.8346314604057	0.0
1056	11	497	658.8346314604057	0.0
1057	11	497	637.2955262170047	0.0
1058	11	497	658.8346314604057	0.0
1059	11	496	637.2955262170047	0.0
1060	12	496	710.8346314604057	0.0
1061	12	495	646.8955262170048	0.0
1062	1671	-1164	19039.955841571875	0.0
1063	11	497	658.1564209736039	0.0
1064	11	497	658.1564209736039	0.0
1065	11	497	658.1564209736039	0.0
1066	11	497	658.1564209736039	0.0
1067	11	497	637.2955262170047	0.0
1068	11	497	658.1564209736039	0.0
1069	11	497	701.2346314604058	0.0
1070	11	497	658.1564209736039	0.0
1071	11	497	658.1564209736039	0.0
1072	11	497	658.1564209736039	0.0
1073	11	497	658.1564209736039	0.0
1074	11	497	658.1564209736039	0.0
1075	13	495	783.6955262170048	0.0
1076	11	497	658.1564209736039	0.0
1077	11	497	658.1564209736039	0.0
1078	11	497	594.2173157302029	0.0
1079	11	497	594.2173157302029	0.0
1080	11	497	637.2955262170047	0.0
1081	11	497	701.2346314604058	0.0
1082	11	497	701.2346314604058	0.0
1083	12	496	732.3737367038068	0.0
1084	11	497	701.2346314604058	0.0
1085	11	497	722.7737367038068	0.0
1086	11	497	701.2346314604058	0.0
1087	11	497	701.2346314604058	0.0
1088	11	497	701.2346314604058	0.0
1089	12	496	710.8346314604058	0.0
1090	13	496	698.8955262170049	0.0
1091	46	463	1270.0955262170046	0.0
1092	12	496	646.2173157302029	0.0
1093	11	497	615.7564209736039	0.0
1094	30	478	1010.1564209736042	0.0
1095	11	497	615.7564209736039	0.0
1096	12	496	646.2173157302029	0.0
1097	12	496	646.2173157302029	0.0
1098	12	496	689.2955262170049	0.0
1099	34	475	1261.234631460406	0.0
1100	11	497	658.1564209736039	0.0
1101	12	496	774.7737367038068	0.0
1102	11	497	658.1564209736039	0.0
1103	11	497	658.1564209736039	0.0
1104	12	496	646.2173157302029	0.0
1105	11	497	722.7737367038068	0.0
1106	12	496	689.2955262170049	0.0
1107	11	497	722.7737367038068	0.0
1108	12	496	689.2955262170047	0.0
1109	11	497	658.8346314604057	0.0
1110	11	497	658.1564209736039	0.0
1111	11	497	658.1564209736039	0.0
1112	11	497	679.6955262170048	0.0
1113	11	497	701.2346314604058	0.0
1114	11	497	594.2173157302029	0.0
1115	11	497	594.2173157302029	0.0
1116	11	497	615.7564209736039	0.0
1117	12	496	689.2955262170049	0.0
1118	16	493	1047.3910524340095	0.0
1119	16	493	1047.3910524340095	0.0
1120	16	493	1047.3910524340095	0.0
1121	16	493	1047.3910524340095	0.0
1122	16	493	1047.3910524340095	0.0
1123	16	493	1047.3910524340095	0.0
1124	16	493	1047.3910524340095	0.0
1125	16	493	1047.3910524340095	0.0
1126	13	495	826.7737367038067	0.0
1127	12	496	753.2346314604058	0.0
1128	12	496	753.2346314604058	0.0
1129	12	496	753.2346314604058	0.0
1130	12	496	753.2346314604058	0.0
1131	12	496	753.2346314604058	0.0
1132	12	496	753.2346314604058	0.0
1133	12	496	753.2346314604058	0.0
1134	14	494	857.2346314604058	0.0
1135	12	496	753.2346314604058	0.0
1136	12	496	753.2346314604058	0.0
1137	11	496	722.7737367038067	0.0
1138	12	496	753.2346314604058	0.0
1139	14	494	900.3128419472077	0.0
1140	12	496	753.2346314604058	0.0
1141	14	495	900.3128419472076	0.0
1142	12	496	753.2346314604058	0.0
1143	12	496	753.2346314604058	0.0
1144	12	496	753.2346314604058	0.0
1145	12	496	710.1564209736039	0.0
1146	12	496	774.7737367038068	0.0
1147	15	493	930.7737367038067	0.0
1148	14	494	857.2346314604058	0.0
1149	12	496	753.2346314604058	0.0
1150	11	497	679.6955262170048	0.0
1151	12	496	796.3128419472077	0.0
1152	11	497	679.6955262170048	0.0
1153	11	497	722.7737367038068	0.0
1154	11	497	679.6955262170048	0.0
1155	11	497	658.1564209736039	0.0
1156	14	495	900.3128419472076	0.0
1157	14	495	900.3128419472076	0.0
1158	11	497	701.2346314604058	0.0
1159	11	497	701.2346314604058	0.0
1160	13	495	826.7737367038068	0.0
1161	11	497	701.2346314604058	0.0
1162	11	497	701.2346314604058	0.0
1163	11	497	701.2346314604058	0.0
1164	11	497	701.2346314604058	0.0
1165	11	497	701.2346314604058	0.0
1166	11	497	701.2346314604058	0.0
1167	11	497	658.1564209736039	0.0
1168	11	497	701.2346314604058	0.0
1169	11	497	701.2346314604058	0.0
1170	11	497	658.1564209736039	0.0
1171	13	495	805.9128419472077	0.0
1172	11	497	658.1564209736039	0.0
1173	11	497	679.6955262170048	0.0
1174	11	497	701.2346314604058	0.0
1175	11	497	701.2346314604058	0.0
1176	11	497	658.1564209736039	0.0
1177	11	497	658.1564209736039	0.0
1178	11	497	658.1564209736039	0.0
1179	11	497	701.2346314604058	0.0
1180	11	497	722.7737367038068	0.0
1181	11	497	658.1564209736039	0.0
1182	11	497	658.1564209736039	0.0
1183	11	497	658.1564209736039	0.0
1184	12	496	710.1564209736039	0.0
1185	11	497	658.1564209736039	0.0
1186	11	497	658.1564209736039	0.0
1187	11	497	658.1564209736039	0.0
1188	11	497	658.1564209736039	0.0
1189	12	497	731.6955262170048	0.0
1190	11	497	658.1564209736039	0.0
1191	11	497	701.2346314604058	0.0
1192	11	497	701.2346314604058	0.0
1193	11	497	701.2346314604058	0.0
1194	11	497	701.2346314604058	0.0
1195	11	497	701.2346314604058	0.0
1196	11	497	701.2346314604058	0.0
1197	11	497	701.2346314604058	0.0
1198	11	497	658.1564209736039	0.0
1199	10	498	584.6173157302029	0.0
1200	11	497	701.2346314604058	0.0
1201	13	495	762.1564209736039	0.0
1202	11	497	701.2346314604058	0.0
1203	11	497	701.2346314604058	0.0
1204	11	497	701.2346314604058	0.0
1205	11	497	701.2346314604058	0.0
1206	11	497	701.2346314604058	0.0
1207	11	497	701.2346314604058	0.0
1208	11	497	744.3128419472076	0.0
1209	12	497	731.6955262170048	0.0
1210	18	491	980.4346314604059	0.0
1211	20	489	1127.5128419472078	0.0
1212	19	490	1010.8955262170049	0.0
1213	11	497	701.2346314604058	0.0
1214	11	497	701.2346314604058	0.0
1215	11	497	701.2346314604058	0.0
1216	11	497	701.2346314604058	0.0
1217	11	497	701.2346314604058	0.0
1218	11	497	701.2346314604058	0.0
1219	11	497	701.2346314604058	0.0
1220	11	497	701.2346314604058	0.0
1221	11	497	701.2346314604058	0.0
1222	11	497	637.2955262170047	0.0
1223	11	497	701.2346314604058	0.0
1224	11	497	701.2346314604058	0.0
1225	11	497	701.2346314604058	0.0
1226	11	497	701.2346314604058	0.0
1227	11	497	701.2346314604058	0.0
1228	11	497	701.2346314604058	0.0
1229	12	496	710.8346314604057	0.0
1230	11	497	701.2346314604058	0.0
1231	11	497	701.2346314604058	0.0
1232	11	497	701.2346314604058	0.0
1233	11	497	701.2346314604058	0.0
1234	11	497	701.2346314604058	0.0
1235	11	497	658.1564209736039	0.0
1236	11	497	701.2346314604058	0.0
1237	11	497	701.2346314604058	0.0
1238	11	497	701.2346314604058	0.0
1239	11	497	701.2346314604058	0.0
1240	11	497	701.2346314604058	0.0
1241	11	497	701.2346314604058	0.0
1242	12	496	796.3128419472077	0.0
1243	11	497	701.2346314604058	0.0
1244	11	497	701.2346314604058	0.0
1245	12	497	731.6955262170047	0.0
1246	11	497	701.2346314604058	0.0
1247	11	497	701.2346314604058	0.0
1248	11	497	701.2346314604058	0.0
1249	11	497	701.2346314604058	0.0
1250	11	497	701.2346314604058	0.0
1251	11	497	701.2346314604058	0.0
1252	11	497	701.2346314604058	0.0
1253	12	497	731.6955262170048	0.0
1254	12	496	796.3128419472077	0.0
1255	11	497	701.2346314604058	0.0
1256	11	497	701.2346314604058	0.0
1257	11	497	701.2346314604058	0.0
1258	11	497	701.2346314604058	0.0
1259	11	497	658.1564209736039	0.0
1260	11	497	701.2346314604058	0.0
1261	11	497	658.1564209736039	0.0
1262	11	497	658.1564209736039	0.0
1263	11	497	701.2346314604058	0.0
1264	11	497	658.1564209736039	0.0
1265	11	497	701.2346314604058	0.0
1266	11	497	701.2346314604058	0.0
1267	11	497	701.2346314604058	0.0
1268	11	497	701.2346314604058	0.0
1269	11	497	658.1564209736039	0.0
1270	11	497	701.2346314604058	0.0
1271	11	497	658.1564209736039	0.0
1272	11	497	701.2346314604057	0.0
1273	11	497	744.3128419472076	0.0
1274	11	497	701.2346314604058	0.0
1275	11	497	701.2346314604058	0.0
1276	11	497	701.2346314604058	0.0
1277	12	496	731.6955262170048	0.0
1278	11	497	637.2955262170047	0.0
1279	11	497	658.1564209736039	0.0
1280	14	495	900.3128419472077	0.0
1281	11	497	701.2346314604058	0.0
1282	11	497	701.2346314604058	0.0
1283	11	497	701.2346314604058	0.0
1284	15	494	889.0519471906086	0.0
1285	11	497	701.2346314604058	0.0
1286	11	497	701.2346314604057	0.0
1287	11	497	658.1564209736039	0.0
1288	12	496	710.8346314604057	0.0
1289	11	497	658.1564209736039	0.0
1290	15	494	909.9128419472077	0.0
1291	13	496	826.7737367038067	0.0
1292	11	497	701.2346314604057	0.0
1293	10	498	584.6173157302029	0.0
1294	10	498	627.6955262170047	0.0
1295	15	494	845.9737367038067	0.0
1296	12	496	774.7737367038068	0.0
1297	15	493	931.4519471906086	0.0
1298	12	496	774.7737367038068	0.0
1299	12	496	774.7737367038068	0.0
1300	15	494	973.8519471906086	0.0
1301	12	496	774.7737367038068	0.0
1302	11	497	658.1564209736039	0.0
1303	11	497	615.0782104868019	0.0
1304	12	496	774.7737367038068	0.0
1305	12	496	774.7737367038068	0.0
1306	11	498	701.2346314604057	0.0
1307	11	497	744.3128419472076	0.0
1308	11	497	658.1564209736039	0.0
1309	11	497	658.1564209736039	0.0
1310	11	497	701.2346314604058	0.0
1311	12	496	688.6173157302029	0.0
1312	12	496	774.7737367038068	0.0
1313	12	496	710.8346314604057	0.0
1314	13	495	784.3737367038067	0.0
1315	11	497	637.2955262170047	0.0
1316	12	496	796.3128419472076	0.0
1317	11	496	701.2346314604057	0.0
1318	10	497	627.6955262170047	0.0
1319	10	498	627.6955262170047	0.0
1320	12	496	753.2346314604058	0.0
1321	12	497	731.6955262170047	0.0
1322	11	497	744.3128419472076	0.0
1323	11	497	701.2346314604057	0.0
1324	11	497	658.1564209736039	0.0
1325	11	497	701.2346314604058	0.0
1326	11	497	744.3128419472076	0.0
1327	11	497	701.2346314604058	0.0
1328	11	497	744.3128419472076	0.0
1329	12	497	774.7737367038067	0.0
1330	13	496	741.2955262170047	0.0
1331	11	497	744.3128419472076	0.0
1332	11	498	701.2346314604057	0.0
1333	12	496	710.8346314604057	0.0
1334	15	494	973.8519471906087	0.0
1335	11	497	701.2346314604057	0.0
1336	11	497	658.1564209736039	0.0
1337	11	497	637.2955262170047	0.0
1338	11	498	658.1564209736039	0.0
1339	11	498	658.1564209736039	0.0
1340	12	496	646.8955262170048	0.0
1341	12	496	774.7737367038068	0.0
1342	12	496	753.9128419472077	0.0
1343	12	496	710.8346314604057	0.0
1344	12	496	710.8346314604058	0.0
1345	12	496	710.8346314604058	0.0
1346	12	497	774.7737367038067	0.0
1347	12	496	774.7737367038068	0.0
1348	12	496	774.7737367038068	0.0
1349	12	496	774.7737367038068	0.0
1350	12	497	731.6955262170048	0.0
1351	11	497	637.2955262170047	0.0
1352	12	496	646.8955262170048	0.0
1353	11	497	594.2173157302029	0.0
1354	11	497	594.2173157302029	0.0
1355	11	497	637.2955262170047	0.0
1356	12	497	731.6955262170048	0.0
1357	13	496	762.8346314604058	0.0
1358	12	497	731.6955262170048	0.0
1359	11	497	637.2955262170047	0.0
1360	11	497	594.2173157302029	0.0
1361	11	497	594.2173157302029	0.0
1362	11	497	594.2173157302029	0.0
1363	11	497	594.2173157302029	0.0
1364	11	497	637.2955262170047	0.0
1365	11	497	637.2955262170047	0.0
1366	11	497	594.2173157302029	0.0
1367	11	497	594.2173157302029	0.0
1368	11	497	594.2173157302029	0.0
1369	12	497	796.3128419472076	0.0
1370	12	496	774.7737367038068	0.0
1371	13	495	762.8346314604058	0.0
1372	11	497	594.2173157302029	0.0
1373	12	496	667.7564209736038	0.0
1374	12	496	667.7564209736039	0.0
1375	12	496	624.678210486802	0.0
1376	14	494	836.3737367038067	0.0
1377	12	496	732.3737367038067	0.0
1378	12	496	689.2955262170047	0.0
1379	12	497	753.2346314604057	0.0
1380	12	496	732.3737367038067	0.0
1381	12	496	732.3737367038067	0.0
1382	12	496	732.3737367038067	0.0
1383	12	496	710.8346314604057	0.0
1384	12	496	732.3737367038067	0.0
1385	12	496	710.8346314604057	0.0
1386	11	497	701.2346314604057	0.0
1387	12	496	710.8346314604057	0.0
1388	12	497	731.6955262170047	0.0
1389	12	496	667.7564209736039	0.0
1390	12	497	731.6955262170047	0.0
1391	15	493	973.8519471906087	0.0
1392	13	495	784.3737367038067	0.0
1393	12	496	710.8346314604057	0.0
1394	12	496	732.3737367038067	0.0
1395	12	496	710.8346314604057	0.0
1396	12	496	732.3737367038067	0.0
1397	12	496	710.8346314604057	0.0
1398	12	496	774.7737367038068	0.0
1399	12	496	732.3737367038067	0.0
1400	12	497	796.3128419472076	0.0
1401	12	497	796.3128419472076	0.0
1402	12	497	753.2346314604057	0.0
1403	11	497	637.2955262170047	0.0
1404	11	497	637.2955262170047	0.0
1405	12	497	796.3128419472076	0.0
1406	12	496	732.3737367038067	0.0
1407	12	496	732.3737367038067	0.0
1408	12	496	710.8346314604057	0.0
1409	12	496	732.3737367038067	0.0
1410	11	497	637.2955262170047	0.0
1411	11	497	658.1564209736039	0.0
1412	14	494	900.3128419472076	0.0
1413	12	496	710.8346314604057	0.0
1414	10	498	627.6955262170047	0.0
1415	12	498	731.6955262170048	0.0
1416	12	498	731.6955262170048	0.0
1417	12	498	731.6955262170048	0.0
1418	12	498	731.6955262170048	0.0
1419	12	497	667.7564209736039	0.0
1420	15	494	973.8519471906086	0.0
1421	11	498	701.2346314604057	0.0
1422	12	496	710.8346314604057	0.0
1423	12	496	710.8346314604057	0.0
1424	12	497	731.6955262170047	0.0
1425	12	497	731.6955262170047	0.0
1426	12	497	753.2346314604057	0.0
1427	12	497	731.6955262170047	0.0
1428	12	497	731.6955262170047	0.0
1429	11	498	701.2346314604057	0.0
1430	12	497	731.6955262170047	0.0
1431	12	497	731.6955262170047	0.0
1432	12	496	710.8346314604057	0.0
1433	12	497	731.6955262170047	0.0
1434	13	496	783.6955262170047	0.0
1435	12	497	753.2346314604057	0.0
1436	11	498	658.1564209736038	0.0
1437	11	498	658.1564209736038	0.0
1438	11	498	658.1564209736038	0.0
1439	11	498	658.1564209736038	0.0
1440	13	497	826.7737367038067	0.0
1441	11	498	658.1564209736038	0.0
1442	11	498	701.2346314604057	0.0
1443	11	498	701.2346314604057	0.0
1444	11	498	658.1564209736038	0.0
1445	11	498	658.1564209736038	0.0
1446	11	498	658.1564209736038	0.0
1447	11	498	658.1564209736038	0.0
1448	11	498	658.1564209736038	0.0
1449	11	498	658.1564209736038	0.0
1450	12	497	731.6955262170048	0.0
1451	11	498	658.1564209736038	0.0
1452	11	498	658.1564209736038	0.0
1453	11	497	637.2955262170047	0.0
1454	11	498	658.1564209736038	0.0
1455	13	497	869.8519471906086	0.0
1456	12	497	753.2346314604057	0.0
1457	13	496	826.7737367038067	0.0
1458	14	495	900.3128419472076	0.0
1459	12	497	731.6955262170047	0.0
1460	11	498	701.2346314604057	0.0
1461	11	498	658.1564209736038	0.0
1462	12	497	731.6955262170047	0.0
1463	14	495	857.2346314604058	0.0
1464	14	495	900.3128419472076	0.0
1465	12	497	731.6955262170047	0.0
1466	11	498	701.2346314604057	0.0
1467	11	498	701.2346314604057	0.0
1468	12	497	731.6955262170047	0.0
1469	12	497	731.6955262170047	0.0
1470	12	496	710.8346314604057	0.0
1471	11	498	658.1564209736038	0.0
1472	13	497	869.8519471906086	0.0
1473	11	498	701.2346314604057	0.0
1474	11	498	701.2346314604057	0.0
1475	11	498	658.1564209736038	0.0
1476	11	498	658.1564209736038	0.0
1477	13	497	869.8519471906086	0.0
1478	11	498	658.1564209736038	0.0
1479	11	498	658.1564209736038	0.0
1480	12	497	731.6955262170047	0.0
1481	12	497	731.6955262170047	0.0
1482	13	496	762.8346314604057	0.0
1483	12	497	753.2346314604057	0.0
1484	11	498	701.2346314604057	0.0
1485	12	497	731.6955262170047	0.0
1486	12	497	731.6955262170047	0.0
1487	12	497	731.6955262170047	0.0
1488	12	497	731.6955262170047	0.0
1489	12	497	753.2346314604057	0.0
1490	13	496	826.7737367038068	0.0
1491	12	497	731.6955262170047	0.0
1492	12	497	731.6955262170047	0.0
1493	12	497	753.2346314604057	0.0
1494	12	497	753.2346314604057	0.0
1495	14	494	815.5128419472077	0.0
1496	12	497	753.2346314604057	0.0
1497	13	496	826.7737367038067	0.0
1498	12	497	753.2346314604057	0.0
1499	12	497	753.2346314604057	0.0
1500	13	496	783.6955262170047	0.0
1501	11	497	744.3128419472076	0.0
1502	11	497	744.3128419472076	0.0
1503	11	497	701.2346314604057	0.0
1504	11	497	701.2346314604057	0.0
1505	12	497	731.6955262170047	0.0
1506	12	497	688.6173157302028	0.0
1507	12	497	731.6955262170047	0.0
1508	12	497	731.6955262170047	0.0
1509	639	-131	7686.40836816431	0.0
1510	11	497	637.2955262170047	0.0
1511	11	497	637.2955262170047	0.0
1512	11	497	637.2955262170047	0.0
1513	11	497	637.2955262170047	0.0
1514	11	497	637.2955262170047	0.0
1515	12	497	731.6955262170048	0.0
1516	11	497	637.2955262170047	0.0
1517	11	497	637.2955262170047	0.0
1518	11	497	637.2955262170047	0.0
1519	12	497	731.6955262170047	0.0
1520	13	495	805.9128419472077	0.0
1521	11	497	637.2955262170047	0.0
1522	11	497	637.2955262170047	0.0
1523	11	497	637.2955262170047	0.0
1524	11	497	637.2955262170047	0.0
1525	11	497	637.2955262170047	0.0
1526	11	497	637.2955262170047	0.0
1527	11	497	637.2955262170047	0.0
1528	11	497	637.2955262170047	0.0
1529	11	497	637.2955262170047	0.0
1530	11	497	637.2955262170047	0.0
1531	11	497	637.2955262170047	0.0
1532	11	497	637.2955262170047	0.0
1533	13	495	741.2955262170047	0.0
1534	11	497	637.2955262170047	0.0
1535	11	497	637.2955262170047	0.0
1536	15	494	909.9128419472077	0.0
1537	11	497	637.2955262170047	0.0
1538	11	497	637.2955262170047	0.0
1539	11	497	637.2955262170047	0.0
1540	14	495	900.3128419472076	0.0
1541	11	497	637.2955262170047	0.0
1542	11	497	637.2955262170047	0.0
1543	13	496	805.9128419472077	0.0
1544	11	497	637.2955262170047	0.0
1545	12	497	731.6955262170047	0.0
1546	12	496	774.7737367038068	0.0
1547	13	495	784.3737367038068	0.0
1548	12	496	774.7737367038068	0.0
1549	15	494	845.9737367038067	0.0
1550	16	493	855.5737367038067	0.0
1551	16	493	855.5737367038067	0.0
1552	16	493	855.5737367038067	0.0
1553	16	493	855.5737367038067	0.0
1554	17	492	865.1737367038068	0.0
1555	16	493	855.5737367038067	0.0
1556	16	493	855.5737367038067	0.0
1557	16	493	855.5737367038067	0.0
1558	16	493	855.5737367038067	0.0
1559	16	493	855.5737367038067	0.0
1560	17	492	886.0346314604058	0.0
1561	16	493	855.5737367038067	0.0
1562	16	493	855.5737367038067	0.0
1563	17	492	865.1737367038068	0.0
1564	12	496	774.7737367038068	0.0
1565	12	496	667.7564209736038	0.0
1566	12	496	774.7737367038068	0.0
1567	12	496	774.7737367038068	0.0
1568	12	496	774.7737367038068	0.0
1569	14	494	900.3128419472077	0.0
1570	13	495	826.7737367038068	0.0
1571	13	495	826.7737367038068	0.0
1572	12	496	796.3128419472077	0.0
1573	11	497	637.2955262170047	0.0
1574	12	496	796.3128419472077	0.0
1575	16	493	855.5737367038067	0.0
1576	12	496	796.3128419472077	0.0
1577	12	496	796.3128419472077	0.0
1578	12	496	796.3128419472077	0.0
1579	12	496	796.3128419472077	0.0
1580	12	496	796.3128419472077	0.0
1581	13	495	805.9128419472077	0.0
1582	11	497	658.8346314604057	0.0
1583	12	496	796.3128419472077	0.0
1584	12	496	796.3128419472077	0.0
1585	12	496	796.3128419472077	0.0
1586	12	496	796.3128419472077	0.0
1587	12	496	796.3128419472077	0.0
1588	12	496	796.3128419472077	0.0
1589	12	496	796.3128419472077	0.0
1590	12	496	796.3128419472077	0.0
1591	12	496	796.3128419472077	0.0
1592	12	496	796.3128419472077	0.0
1593	14	495	900.3128419472076	0.0
1594	14	494	943.3910524340097	0.0
1595	12	496	796.3128419472077	0.0
1596	12	496	796.3128419472077	0.0
1597	12	496	796.3128419472077	0.0
1598	12	496	796.3128419472077	0.0
1599	12	496	796.3128419472077	0.0
1600	12	496	774.7737367038068	0.0
1601	12	496	774.7737367038068	0.0
1602	12	496	774.7737367038068	0.0
1603	12	496	774.7737367038068	0.0
1604	12	496	774.7737367038068	0.0
1605	12	496	774.7737367038068	0.0
1606	12	496	796.3128419472077	0.0
1607	17	492	929.1128419472077	0.0
1608	16	493	855.5737367038067	0.0
1609	12	496	796.3128419472077	0.0
1610	11	497	701.2346314604057	0.0
1611	11	497	701.2346314604057	0.0
1612	11	497	658.1564209736039	0.0
1613	11	497	658.1564209736039	0.0
1614	11	497	658.1564209736039	0.0
1615	11	497	658.1564209736039	0.0
1616	11	497	701.2346314604057	0.0
1617	11	497	658.1564209736039	0.0
1618	11	497	658.1564209736039	0.0
1619	12	497	796.3128419472076	0.0
1620	14	495	900.3128419472076	0.0
1621	11	497	658.1564209736039	0.0
1622	11	497	701.2346314604058	0.0
1623	11	498	658.1564209736039	0.0
1624	11	498	658.1564209736039	0.0
1625	12	496	667.7564209736039	0.0
1626	11	498	658.1564209736039	0.0
1627	12	496	689.2955262170049	0.0
1628	12	497	731.6955262170047	0.0
1629	12	497	753.2346314604057	0.0
1630	12	497	731.6955262170047	0.0
1631	11	498	658.1564209736039	0.0
1632	10	498	584.6173157302029	0.0
1633	12	497	667.7564209736039	0.0
1634	11	498	658.1564209736039	0.0
1635	11	497	658.1564209736039	0.0
1636	12	496	796.3128419472077	0.0
1637	10	498	584.6173157302029	0.0
1638	10	498	584.6173157302029	0.0
1639	10	498	584.6173157302029	0.0
1640	12	496	667.7564209736039	0.0
1641	11	497	658.1564209736039	0.0
1642	11	497	701.2346314604057	0.0
1643	10	498	584.6173157302029	0.0
1644	11	498	701.2346314604057	0.0
1645	1472	-964	15574.834631460782	0.0
1646	11	498	701.2346314604057	0.0
1647	12	497	753.2346314604057	0.0
1648	12	497	753.2346314604058	0.0
1649	11	498	701.2346314604057	0.0
1650	12	497	753.2346314604058	0.0
1651	12	497	753.2346314604057	0.0
1652	12	496	732.3737367038067	0.0
1653	12	497	731.6955262170047	0.0
1654	13	496	826.7737367038067	0.0
1655	12	497	753.2346314604057	0.0
1656	12	497	710.8346314604058	0.0
1657	14	495	900.3128419472076	0.0
1658	14	495	900.3128419472076	0.0
1659	11	498	658.1564209736039	0.0
1660	10	498	584.6173157302029	0.0
1661	10	498	584.6173157302029	0.0
1662	10	498	584.6173157302029	0.0
1663	12	497	731.6955262170047	0.0
1664	12	497	667.7564209736039	0.0
1665	12	498	731.6955262170048	0.0
1666	12	497	667.7564209736039	0.0
1667	12	496	731.6955262170048	0.0
1668	12	496	731.6955262170048	0.0
1669	12	496	731.6955262170048	0.0
1670	12	496	710.1564209736039	0.0
1671	13	495	783.6955262170048	0.0
1672	12	496	753.2346314604058	0.0
1673	12	496	753.2346314604058	0.0
1674	12	497	731.6955262170047	0.0
1675	1533	-1025	16373.112841947603	0.0
1676	12	497	796.3128419472076	0.0
1677	11	497	637.2955262170047	0.0
1678	12	496	774.7737367038068	0.0
1679	12	497	796.3128419472076	0.0
1680	12	497	796.3128419472076	0.0
1681	10	498	627.6955262170047	0.0
1682	11	497	701.2346314604057	0.0
1683	12	497	731.6955262170048	0.0
1684	12	496	731.6955262170048	0.0
1685	12	496	774.7737367038067	0.0
1686	10	498	584.6173157302029	0.0
1687	10	498	627.6955262170047	0.0
1688	12	497	796.3128419472076	0.0
1689	12	497	753.2346314604058	0.0
1690	13	496	762.8346314604058	0.0
1691	12	496	774.7737367038067	0.0
1692	10	498	627.6955262170047	0.0
1693	10	498	627.6955262170047	0.0
1694	12	496	731.6955262170048	0.0
1695	11	498	701.2346314604057	0.0
1696	12	496	732.3737367038067	0.0
1697	12	497	796.3128419472076	0.0
1698	12	496	710.8346314604057	0.0
1699	12	496	753.9128419472077	0.0
1700	12	497	710.8346314604058	0.0
1701	13	495	826.7737367038068	0.0
1702	12	497	774.7737367038067	0.0
1703	12	496	774.7737367038067	0.0
1704	12	497	774.7737367038067	0.0
1705	12	497	774.7737367038067	0.0
1706	12	497	774.7737367038067	0.0
1707	12	497	774.7737367038067	0.0
1708	12	497	731.6955262170048	0.0
1709	12	497	774.7737367038067	0.0
1710	12	497	774.7737367038067	0.0
1711	13	496	826.7737367038067	0.0
1712	14	495	943.3910524340096	0.0
1713	11	497	701.2346314604057	0.0
1714	12	496	624.678210486802	0.0
1715	10	498	584.6173157302029	0.0
1716	11	497	637.2955262170047	0.0
1717	10	498	627.6955262170047	0.0
1718	10	498	627.6955262170047	0.0
1719	10	498	627.6955262170047	0.0
1720	11	497	658.1564209736039	0.0
1721	10	498	584.6173157302029	0.0
1722	12	496	710.8346314604057	0.0
1723	11	497	744.3128419472076	0.0
1724	11	497	744.3128419472076	0.0
1725	12	497	753.2346314604058	0.0
1726	12	497	753.2346314604058	0.0
1727	12	497	774.7737367038067	0.0
1728	10	498	627.6955262170047	0.0
1729	12	497	774.7737367038067	0.0
1730	12	497	731.6955262170048	0.0
1731	13	496	869.8519471906087	0.0
1732	12	497	774.7737367038067	0.0
1733	14	495	943.3910524340096	0.0
1734	12	497	796.3128419472076	0.0
1735	14	495	900.3128419472076	0.0
1736	11	497	701.2346314604057	0.0
1737	10	498	627.6955262170047	0.0
1738	12	496	731.6955262170048	0.0
1739	11	497	637.2955262170047	0.0
1740	12	497	731.6955262170048	0.0
1741	12	497	731.6955262170048	0.0
1742	12	497	774.7737367038067	0.0
1743	12	497	731.6955262170048	0.0
1744	12	496	710.8346314604057	0.0
1745	12	497	710.8346314604058	0.0
1746	13	496	783.6955262170048	0.0
1747	10	498	627.6955262170048	0.0
1748	12	497	774.7737367038067	0.0
1749	12	496	710.8346314604057	0.0
1750	12	496	710.8346314604057	0.0
1751	16	493	919.5128419472077	0.0
1752	12	496	710.8346314604057	0.0
1753	13	495	720.4346314604059	0.0
1754	18	491	1151.3910524340095	0.0
1755	13	495	677.3564209736039	0.0
1756	13	495	698.8955262170049	0.0
1757	11030	-10573	117044.11110376385	0.0
1758	12	496	753.2346314604058	0.0
1759	13	496	826.7737367038067	0.0
1760	12	497	753.2346314604057	0.0
1761	12	497	753.2346314604057	0.0
1762	12	497	731.6955262170047	0.0
1763	12	497	753.2346314604057	0.0
1764	13	496	826.7737367038067	0.0
1765	13	495	762.8346314604057	0.0
1766	12	498	731.6955262170048	0.0
1767	13	496	762.8346314604057	0.0
1768	12	496	710.8346314604057	0.0
1769	12	497	753.2346314604057	0.0
1770	12	497	731.6955262170047	0.0
1771	16	493	940.3737367038067	0.0
1772	14	495	857.2346314604057	0.0
1773	14	495	857.2346314604057	0.0
1774	13	496	805.9128419472077	0.0
1775	13	496	805.2346314604057	0.0
1776	12	497	731.6955262170047	0.0
1777	12	498	731.6955262170048	0.0
1778	12	497	753.2346314604057	0.0
1779	14	495	857.2346314604057	0.0
1780	14	495	857.2346314604057	0.0
1781	14	495	857.2346314604057	0.0
1782	14	495	900.3128419472076	0.0
1783	16	493	1004.3128419472076	0.0
1784	12	497	753.2346314604057	0.0
1785	12	496	731.6955262170048	0.0
1786	14	495	900.3128419472076	0.0
1787	14	495	857.2346314604057	0.0
1788	14	495	900.3128419472076	0.0
1789	12	498	731.6955262170048	0.0
1790	12	497	774.7737367038067	0.0
1791	14	495	900.3128419472076	0.0
1792	11	498	701.2346314604057	0.0
1793	13	496	762.8346314604057	0.0
1794	11	498	701.2346314604057	0.0
1795	14	495	900.3128419472076	0.0
1796	12	498	731.6955262170048	0.0
1797	12	497	753.2346314604057	0.0
1798	12	497	753.2346314604057	0.0
1799	16	493	1047.3910524340095	0.0
1800	12	497	753.2346314604057	0.0
1801	12	497	753.2346314604057	0.0
1802	12	497	753.2346314604057	0.0
1803	12	497	753.2346314604057	0.0
1804	12	498	753.2346314604058	0.0
1805	12	498	753.2346314604058	0.0
1806	14	495	857.2346314604057	0.0
1807	14	495	857.2346314604057	0.0
1808	12	498	753.2346314604058	0.0
1809	12	498	753.2346314604058	0.0
1810	12	498	753.2346314604058	0.0
1811	12	496	710.1564209736039	0.0
1812	12	498	753.2346314604058	0.0
1813	13	497	826.7737367038068	0.0
1814	12	498	753.2346314604058	0.0
1815	12	497	796.3128419472076	0.0
1816	12	498	753.2346314604058	0.0
1817	12	497	753.2346314604057	0.0
1818	11	498	722.7737367038067	0.0
1819	16	492	876.4346314604057	0.0
1820	12	496	731.6955262170048	0.0
1821	12	496	710.1564209736039	0.0
1822	14	494	900.3128419472076	0.0
1823	12	496	774.7737367038067	0.0
1824	13	496	826.7737367038067	0.0
1825	12	497	774.7737367038067	0.0
1826	12	497	774.7737367038067	0.0
1827	12	497	796.3128419472076	0.0
1828	12	496	774.7737367038067	0.0
1829	11	497	679.6955262170048	0.0
1830	13	496	826.7737367038068	0.0
1831	12	497	753.2346314604058	0.0
1832	12	496	753.2346314604057	0.0
1833	12	497	774.7737367038067	0.0
1834	12	496	753.2346314604058	0.0
1835	12	496	710.1564209736039	0.0
1836	12	496	753.2346314604058	0.0
1837	11	497	658.1564209736039	0.0
1838	12	496	731.6955262170048	0.0
1839	11	497	637.2955262170047	0.0
1840	12	496	796.3128419472076	0.0
1841	12	496	774.7737367038067	0.0
1842	12	495	710.8346314604057	0.0
1843	13	496	826.7737367038067	0.0
1844	16	492	812.4955262170048	0.0
1845	16	492	769.417315730203	0.0
1846	12	496	731.6955262170048	0.0
1847	12	496	774.7737367038067	0.0
1848	12	496	774.7737367038067	0.0
1849	11	497	658.1564209736039	0.0
1850	11	497	701.2346314604057	0.0
1851	11	497	658.1564209736039	0.0
1852	12	496	796.3128419472076	0.0
1853	12	496	731.6955262170048	0.0
1854	11	497	679.6955262170048	0.0
1855	10	498	584.6173157302029	0.0
1856	10	498	584.6173157302029	0.0
1857	10	498	627.6955262170047	0.0
1858	15	493	802.8955262170048	0.0
1859	13	494	721.1128419472077	0.0
1860	12	495	689.9737367038067	0.0
1861	12	497	710.8346314604058	0.0
1862	12	497	710.8346314604058	0.0
1863	12	497	732.3737367038068	0.0
1864	12	497	667.7564209736039	0.0
1865	16	492	769.417315730203	0.0
1866	12	496	710.1564209736039	0.0
1867	16	492	812.4955262170048	0.0
1868	16	492	769.417315730203	0.0
1869	12	496	710.1564209736039	0.0
1870	15	493	759.817315730203	0.0
1871	15	493	759.817315730203	0.0
1872	15	493	759.817315730203	0.0
1873	15	493	759.817315730203	0.0
1874	15	493	759.817315730203	0.0
1875	12	496	731.6955262170048	0.0
1876	12	496	753.2346314604057	0.0
1877	12	496	753.2346314604058	0.0
1878	12	496	753.2346314604058	0.0
1879	12	496	753.2346314604058	0.0
1880	12	496	753.2346314604058	0.0
1881	11	497	658.1564209736039	0.0
1882	12	496	731.6955262170048	0.0
1883	15	493	759.817315730203	0.0
1884	12	496	731.6955262170048	0.0
1885	11	497	615.0782104868019	0.0
1886	15	493	802.8955262170048	0.0
1887	11	497	658.1564209736039	0.0
1888	15	493	759.817315730203	0.0
1889	15	493	759.817315730203	0.0
1890	15	493	759.817315730203	0.0
1891	12	496	731.6955262170048	0.0
1892	12	496	731.6955262170048	0.0
1893	15	493	759.817315730203	0.0
1894	12	496	731.6955262170048	0.0
1895	12	496	731.6955262170048	0.0
1896	11	497	722.7737367038067	0.0
1897	12	495	774.7737367038067	0.0
1898	10	497	627.6955262170047	0.0
1899	12	495	732.3737367038067	0.0
1900	11	497	658.1564209736039	0.0
1901	12	497	689.2955262170049	0.0
1902	11	497	679.6955262170048	0.0
1903	10	498	584.6173157302029	0.0
1904	12	496	753.2346314604058	0.0
1905	23	487	1519.0865786510142	0.0
1906	11	497	722.7737367038067	0.0
1907	11	497	722.7737367038067	0.0
1908	14	495	857.2346314604058	0.0
1909	12	496	689.2955262170049	0.0
1910	11	497	658.1564209736039	0.0
1911	11	497	679.6955262170048	0.0
1912	11	497	679.6955262170048	0.0
1913	11	497	679.6955262170048	0.0
1914	11	497	679.6955262170048	0.0
1915	11	496	722.7737367038067	0.0
1916	11	497	658.1564209736039	0.0
1917	10	498	584.6173157302029	0.0
1918	11	497	679.6955262170048	0.0
1919	12	496	753.2346314604058	0.0
1920	11	497	658.1564209736039	0.0
1921	12	496	753.2346314604058	0.0
1922	11	497	679.6955262170048	0.0
1923	11	496	658.8346314604057	0.0
1924	12	496	753.2346314604058	0.0
1925	12	496	753.2346314604058	0.0
1926	11	497	722.7737367038067	0.0
1927	11	497	679.6955262170048	0.0
1928	11	497	679.6955262170048	0.0
1929	10	498	584.6173157302029	0.0
1930	10	498	584.6173157302029	0.0
1931	13	496	826.7737367038067	0.0
1932	11	497	679.6955262170048	0.0
1933	11	497	679.6955262170048	0.0
1934	11	497	679.6955262170048	0.0
1935	10	498	584.6173157302029	0.0
1936	12	496	753.2346314604058	0.0
1937	12	497	796.3128419472076	0.0
1938	12	496	796.3128419472076	0.0
1939	10	498	627.6955262170047	0.0
1940	10	498	627.6955262170047	0.0
1941	12	497	753.2346314604058	0.0
1942	14	494	943.3910524340096	0.0
1943	12	497	689.2955262170049	0.0
1944	13	495	783.6955262170048	0.0
1945	12	497	753.2346314604058	0.0
1946	12	496	796.3128419472076	0.0
1947	11	498	701.2346314604057	0.0
1948	12	497	753.2346314604058	0.0
1949	12	496	774.7737367038068	0.0
1950	12	496	732.3737367038068	0.0
1951	11	498	701.2346314604057	0.0
1952	13	495	805.9128419472077	0.0
1953	11	498	658.1564209736039	0.0
1954	11	498	701.2346314604057	0.0
1955	11	498	701.2346314604057	0.0
1956	12	496	817.8519471906086	0.0
1957	12	496	796.3128419472076	0.0
1958	12	496	689.2955262170049	0.0
1959	12	496	796.3128419472076	0.0
1960	12	496	796.3128419472076	0.0
1961	11	497	637.2955262170047	0.0
1962	12	496	796.3128419472076	0.0
1963	12	496	796.3128419472076	0.0
1964	12	496	753.2346314604058	0.0
1965	12	496	753.2346314604058	0.0
1966	12	496	753.2346314604058	0.0
1967	12	496	796.3128419472076	0.0
1968	12	496	796.3128419472076	0.0
1969	12	496	796.3128419472076	0.0
1970	12	496	796.3128419472076	0.0
1971	15	493	930.7737367038068	0.0
1972	12	496	774.7737367038067	0.0
1973	12	496	710.1564209736039	0.0
1974	12	496	688.6173157302029	0.0
1975	12	496	688.6173157302029	0.0
1976	13	495	719.7564209736039	0.0
1977	13	495	783.6955262170048	0.0
1978	13	495	740.6173157302029	0.0
1979	15	493	887.6955262170048	0.0
1980	13	495	740.6173157302029	0.0
1981	12	497	710.8346314604058	0.0
1982	12	497	710.1564209736039	0.0
1983	13	495	762.8346314604058	0.0
1984	12	497	732.3737367038068	0.0
1985	12	497	796.3128419472076	0.0
1986	11	498	701.2346314604057	0.0
1987	12	497	710.8346314604058	0.0
1988	11	498	701.2346314604057	0.0
1989	12	496	732.3737367038067	0.0
1990	15	494	889.0519471906086	0.0
1991	12	496	731.6955262170047	0.0
1992	12	496	710.1564209736039	0.0
1993	14	494	900.3128419472076	0.0
1994	12	497	732.3737367038068	0.0
1995	12	496	732.3737367038067	0.0
1996	12	496	732.3737367038067	0.0
1997	12	497	732.3737367038068	0.0
1998	12	496	732.3737367038067	0.0
1999	11	498	722.7737367038067	0.0
2000	12	496	732.3737367038068	0.0
2001	12	496	732.3737367038067	0.0
2002	11	498	701.2346314604057	0.0
2003	11	496	658.8346314604057	0.0
2004	10	498	584.6173157302029	0.0
2005	12	496	732.3737367038067	0.0
2006	12	496	710.1564209736039	0.0
2007	11	498	679.6955262170048	0.0
2008	12	496	710.1564209736039	0.0
2009	14	494	793.2955262170047	0.0
2010	12	496	732.3737367038067	0.0
2011	11	498	722.7737367038067	0.0
2012	12	497	753.2346314604057	0.0
2013	13	495	826.7737367038068	0.0
2014	12	496	753.2346314604057	0.0
2015	11	498	722.7737367038067	0.0
2016	12	497	732.3737367038067	0.0
2017	12	496	732.3737367038067	0.0
2018	12	496	689.2955262170049	0.0
2019	12	496	732.3737367038067	0.0
2020	11	498	679.6955262170048	0.0
2021	10	498	627.6955262170047	0.0
2022	11	497	658.1564209736039	0.0
2023	11	498	701.2346314604057	0.0
2024	11	498	701.2346314604057	0.0
2025	11	498	658.1564209736039	0.0
2026	12	497	732.3737367038068	0.0
2027	11	498	701.2346314604057	0.0
2028	12	496	753.2346314604058	0.0
2029	12	496	753.2346314604057	0.0
2030	22	488	1381.6083681642122	0.0
2031	12	496	731.6955262170048	0.0
2032	13	495	826.7737367038068	0.0
2033	12	496	753.2346314604058	0.0
2034	12	496	731.6955262170048	0.0
2035	11	498	701.2346314604057	0.0
2036	11	498	658.1564209736039	0.0
2037	11	498	701.2346314604057	0.0
2038	18	492	1151.3910524340095	0.0
2039	12	497	753.2346314604057	0.0
2040	11	498	701.2346314604057	0.0
2041	11	498	701.2346314604057	0.0
2042	12	496	753.2346314604058	0.0
2043	11	497	658.1564209736039	0.0
2044	10	498	627.6955262170047	0.0
2045	10	498	627.6955262170047	0.0
2046	10	497	627.6955262170047	0.0
2047	11	498	701.2346314604057	0.0
2048	11	498	701.2346314604057	0.0
2049	11	497	637.2955262170047	0.0
2050	11	498	701.2346314604057	0.0
2051	12	496	753.2346314604058	0.0
2052	13	495	783.6955262170048	0.0
2053	15	493	866.8346314604057	0.0
2054	15	493	866.8346314604057	0.0
2055	16	492	876.4346314604057	0.0
2056	16	492	876.4346314604057	0.0
2057	11	497	701.2346314604057	0.0
2058	11	497	701.2346314604057	0.0
2059	11	498	701.2346314604057	0.0
2060	16	492	876.4346314604057	0.0
2061	15	493	802.8955262170048	0.0
2062	12	496	731.6955262170048	0.0
2063	11	497	615.0782104868019	0.0
2064	13	495	783.6955262170048	0.0
2065	12	496	710.1564209736039	0.0
2066	11	498	658.1564209736039	0.0
2067	12	497	710.1564209736039	0.0
2068	12	496	710.1564209736039	0.0
2069	11	497	658.1564209736039	0.0
2070	15	494	909.2346314604057	0.0
2071	11	497	615.0782104868019	0.0
2072	12	496	688.6173157302029	0.0
2073	13	495	740.6173157302029	0.0
2074	11	497	615.0782104868019	0.0
2075	11	497	701.2346314604057	0.0
2076	12	496	753.2346314604058	0.0
2077	12	496	710.1564209736039	0.0
2078	11	497	615.0782104868019	0.0
2079	12	497	710.1564209736039	0.0
2080	12	497	731.6955262170047	0.0
2081	13	496	762.8346314604058	0.0
2082	11	498	701.2346314604057	0.0
2083	15	493	759.817315730203	0.0
2084	11	498	658.1564209736039	0.0
2085	13	496	869.8519471906087	0.0
2086	12	496	710.1564209736039	0.0
2087	15	494	887.6955262170048	0.0
2088	15	493	887.6955262170047	0.0
2089	14	494	750.2173157302029	0.0
2090	12	497	667.7564209736039	0.0
2091	14	494	750.2173157302029	0.0
2092	11	497	701.2346314604057	0.0
2093	13	496	826.7737367038067	0.0
2094	14	494	750.2173157302029	0.0
2095	15	493	887.6955262170048	0.0
2096	11	497	658.1564209736039	0.0
2097	12	497	731.6955262170048	0.0
2098	11	497	701.2346314604057	0.0
2099	11	497	615.0782104868019	0.0
2100	12	496	796.3128419472076	0.0
2101	14	494	814.1564209736039	0.0
2102	11	498	658.1564209736039	0.0
2103	16	493	1047.3910524340095	0.0
2104	12	497	753.2346314604058	0.0
2105	12	497	731.6955262170048	0.0
2106	15	494	887.6955262170048	0.0
2107	11	498	658.1564209736039	0.0
2108	10	498	584.6173157302029	0.0
2109	12	497	753.2346314604058	0.0
2110	10	498	584.6173157302029	0.0
2111	12	496	731.6955262170048	0.0
2112	12	495	710.8346314604057	0.0
2113	12	497	710.1564209736039	0.0
2114	12	497	796.3128419472076	0.0
2115	12	496	774.7737367038067	0.0
2116	11	497	615.0782104868019	0.0
2117	12	497	689.2955262170049	0.0
2118	12	497	753.2346314604058	0.0
2119	10	498	584.6173157302029	0.0
2120	11	498	701.2346314604057	0.0
2121	11	498	658.1564209736039	0.0
2122	11	497	679.6955262170048	0.0
2123	11	497	594.2173157302029	0.0
2124	12	496	753.2346314604058	0.0
2125	13	495	783.6955262170048	0.0
2126	11	498	658.1564209736039	0.0
2127	11	498	658.1564209736039	0.0
2128	11	498	658.1564209736039	0.0
2129	13	495	740.6173157302029	0.0
2130	14	494	750.2173157302029	0.0
2131	14	494	793.2955262170047	0.0
2132	10	498	584.6173157302029	0.0
2133	10	498	584.6173157302029	0.0
2134	10	498	627.6955262170048	0.0
2135	10	498	584.6173157302029	0.0
2136	14	494	814.1564209736039	0.0
2137	10	498	584.6173157302029	0.0
2138	10	498	584.6173157302029	0.0
2139	10	498	584.6173157302029	0.0
2140	14	494	814.1564209736039	0.0
2141	11	497	679.6955262170048	0.0
2142	10	498	584.6173157302029	0.0
2143	15	493	844.6173157302029	0.0
2144	11	498	722.7737367038067	0.0
2145	13	495	891.3910524340096	0.0
2146	11	497	679.6955262170048	0.0
2147	14	494	900.3128419472076	0.0
2148	11	497	679.6955262170048	0.0
2149	12	497	753.2346314604058	0.0
2150	11	497	679.6955262170048	0.0
2151	11	497	679.6955262170048	0.0
2152	12	495	689.2955262170047	0.0
2153	10	498	670.7737367038067	0.0
2154	11	498	701.2346314604057	0.0
2155	11	497	658.1564209736039	0.0
2156	13	495	826.7737367038067	0.0
2157	13	495	783.6955262170048	0.0
2158	13	495	783.6955262170048	0.0
2159	13	495	783.6955262170048	0.0
2160	11	498	722.7737367038067	0.0
2161	11	498	679.6955262170048	0.0
2162	11	498	679.6955262170048	0.0
2163	11	498	658.1564209736039	0.0
2164	12	497	710.1564209736039	0.0
2165	13	495	826.7737367038067	0.0
2166	11	498	722.7737367038067	0.0
2167	11	498	679.6955262170048	0.0
2168	12	497	753.2346314604057	0.0
2169	13	495	826.7737367038068	0.0
2170	13	494	826.7737367038067	0.0
2171	13	494	826.7737367038067	0.0
2172	14	494	836.3737367038068	0.0
2173	12	496	689.2955262170049	0.0
2174	13	495	826.7737367038068	0.0
2175	13	495	698.8955262170049	0.0
2176	12	496	731.6955262170048	0.0
2177	12	496	753.2346314604058	0.0
2178	13	495	783.6955262170048	0.0
2179	12	496	753.2346314604058	0.0
2180	12	496	753.2346314604058	0.0
2181	11	497	658.1564209736039	0.0
2182	11	497	679.6955262170048	0.0
2183	11	497	679.6955262170048	0.0
2184	12	495	689.2955262170047	0.0
2185	15	493	887.6955262170048	0.0
2186	12	495	731.6955262170047	0.0
2187	11	498	701.2346314604057	0.0
2188	11	496	637.2955262170047	0.0
2189	10	498	627.6955262170048	0.0
2190	10	498	584.6173157302029	0.0
2191	12	496	753.2346314604058	0.0
2192	12	496	753.2346314604058	0.0
2193	12	496	753.2346314604058	0.0
2194	13	495	826.7737367038068	0.0
2195	13	495	783.6955262170048	0.0
2196	11	497	637.2955262170049	0.0
2197	10	498	627.6955262170048	0.0
2198	14	494	900.3128419472077	0.0
2199	12	496	731.6955262170048	0.0
2200	10	498	627.6955262170048	0.0
2201	10	498	627.6955262170048	0.0
2202	13	496	826.7737367038068	0.0
2203	11	497	679.6955262170048	0.0
2204	11	497	658.1564209736039	0.0
2205	11	497	658.1564209736039	0.0
2206	11	497	680.3737367038067	0.0
2207	11	497	637.2955262170047	0.0
2208	12	496	753.2346314604058	0.0
2209	11	497	594.2173157302029	0.0
2210	10	498	627.6955262170048	0.0
2211	11	496	637.2955262170047	0.0
2212	12	496	667.7564209736039	0.0
2213	11	496	680.3737367038067	0.0
2214	11	496	680.3737367038067	0.0
2215	11	497	680.3737367038067	0.0
2216	11	496	680.3737367038067	0.0
2217	12	497	753.2346314604058	0.0
2218	12	497	753.2346314604058	0.0
2219	11	497	701.2346314604057	0.0
2220	10	498	627.6955262170048	0.0
2221	12	497	753.2346314604058	0.0
2222	10	498	627.6955262170048	0.0
2223	10	498	627.6955262170048	0.0
2224	11	497	701.2346314604057	0.0
2225	11	497	701.2346314604057	0.0
2226	11	497	658.1564209736039	0.0
2227	12	497	753.2346314604058	0.0
2228	12	497	753.2346314604058	0.0
2229	11	497	658.1564209736039	0.0
2230	10	498	670.7737367038067	0.0
2231	10	498	670.7737367038067	0.0
2232	11	497	658.1564209736039	0.0
2233	13	496	826.7737367038067	0.0
2234	11	497	658.1564209736039	0.0
2235	12	496	796.3128419472077	0.0
2236	13	496	826.7737367038067	0.0
2237	10	498	627.6955262170048	0.0
2238	10	498	584.6173157302029	0.0
2239	12	497	753.2346314604058	0.0
2240	12	497	796.3128419472076	0.0
2241	11	497	658.1564209736039	0.0
2242	11	498	679.6955262170048	0.0
2243	11	498	701.2346314604057	0.0
2244	11	498	701.2346314604057	0.0
2245	10	498	670.7737367038067	0.0
2246	10	498	627.6955262170048	0.0
2247	10	498	670.7737367038067	0.0
2248	11	497	765.8519471906086	0.0
2249	10	498	670.7737367038067	0.0
2250	11	497	658.1564209736039	0.0
2251	12	496	774.7737367038067	0.0
2252	11	497	658.1564209736039	0.0
2253	10	498	584.6173157302029	0.0
2254	11	497	658.1564209736039	0.0
2255	14	494	836.3737367038067	0.0
2256	13	496	762.8346314604057	0.0
2257	12	496	710.8346314604057	0.0
2258	12	496	774.7737367038067	0.0
2259	13	495	826.7737367038067	0.0
2260	13	495	826.7737367038067	0.0
2261	12	496	689.2955262170049	0.0
2262	13	495	783.6955262170048	0.0
2263	11	497	658.1564209736039	0.0
2264	12	496	667.7564209736038	0.0
2265	13	495	783.6955262170048	0.0
2266	10	498	627.6955262170047	0.0
2267	12	497	732.3737367038068	0.0
2268	20	488	914.8346314604058	0.0
2269	13	496	805.2346314604057	0.0
2270	17	492	1077.8519471906086	0.0
2271	15	493	887.6955262170047	0.0
2272	16	493	940.3737367038068	0.0
2273	14	495	836.3737367038068	0.0
2274	11	497	658.1564209736039	0.0
2275	11	497	658.1564209736039	0.0
2276	15	493	802.8955262170048	0.0
2277	11	497	679.6955262170048	0.0
2278	11	497	701.2346314604057	0.0
2279	14	496	836.3737367038067	0.0
2280	10	498	670.7737367038067	0.0
2281	10	498	670.7737367038067	0.0
2282	11	497	744.3128419472076	0.0
2283	14	494	836.3737367038067	0.0
2284	13	496	805.2346314604057	0.0
2285	13	496	805.2346314604057	0.0
2286	13	496	826.7737367038067	0.0
2287	14	494	857.2346314604057	0.0
2288	14	495	836.3737367038068	0.0
2289	14	494	900.3128419472077	0.0
2290	12	496	731.6955262170047	0.0
2291	11	497	701.2346314604057	0.0
2292	16	493	983.4519471906086	0.0
2293	11	497	701.2346314604057	0.0
2294	10	498	627.6955262170047	0.0
2295	11	497	701.2346314604057	0.0
2296	10	498	627.6955262170047	0.0
2297	10	498	670.7737367038067	0.0
2298	10	498	670.7737367038067	0.0
2299	10	498	627.6955262170047	0.0
2300	10	498	670.7737367038067	0.0
2301	10	498	670.7737367038067	0.0
2302	10	498	670.7737367038067	0.0
2303	10	498	670.7737367038067	0.0
2304	11	497	744.3128419472076	0.0
2305	11	497	744.3128419472076	0.0
2306	11	497	744.3128419472076	0.0
2307	10	498	670.7737367038067	0.0
2308	14	495	943.3910524340096	0.0
2309	15	494	909.9128419472077	0.0
2310	11	497	744.3128419472076	0.0
2311	11	498	744.3128419472076	0.0
2312	11	498	701.2346314604057	0.0
2313	11	498	701.2346314604057	0.0
2314	11	498	658.1564209736039	0.0
2315	12	497	753.2346314604057	0.0
2316	11	497	658.1564209736039	0.0
2317	13	495	826.7737367038068	0.0
2318	10	498	627.6955262170048	0.0
2319	11	497	658.1564209736039	0.0
2320	10	498	584.6173157302029	0.0
2321	11	497	658.1564209736039	0.0
2322	10	498	627.6955262170048	0.0
2323	13	495	848.3128419472077	0.0
2324	10	498	627.6955262170047	0.0
2325	11	497	701.2346314604057	0.0
2326	11	497	701.2346314604057	0.0
2327	10	498	670.7737367038067	0.0
2328	12	497	796.3128419472076	0.0
2329	10	498	670.7737367038067	0.0
2330	12	496	753.9128419472077	0.0
2331	10	498	627.6955262170047	0.0
2332	10	498	627.6955262170047	0.0
2333	11	497	679.6955262170048	0.0
2334	11	497	679.6955262170048	0.0
2335	11	497	679.6955262170048	0.0
2336	11	497	679.6955262170048	0.0
2337	10	498	627.6955262170048	0.0
2338	10	498	627.6955262170048	0.0
2339	12	496	753.2346314604058	0.0
2340	11	497	765.8519471906086	0.0
2341	11	497	701.2346314604058	0.0
2342	14	495	900.3128419472076	0.0
2343	11	497	744.3128419472076	0.0
2344	15	493	973.8519471906087	0.0
2345	11	497	679.6955262170048	0.0
2346	10	498	627.6955262170048	0.0
2347	10	498	627.6955262170048	0.0
2348	11	497	744.3128419472076	0.0
2349	12	496	753.2346314604058	0.0
2350	11	497	701.2346314604058	0.0
2351	13	496	826.7737367038068	0.0
2352	15	493	973.8519471906086	0.0
2353	12	496	753.2346314604058	0.0
2354	14	494	857.2346314604058	0.0
2355	15	493	973.8519471906086	0.0
2356	12	496	753.2346314604058	0.0
2357	12	496	753.2346314604058	0.0
2358	12	496	753.2346314604058	0.0
2359	10	498	584.6173157302029	0.0
2360	11	498	701.2346314604057	0.0
2361	12	496	732.3737367038068	0.0
2362	14	494	814.1564209736039	0.0
2363	13	495	826.7737367038068	0.0
2364	62	447	2510.6603153548176	0.0
2365	15	493	952.9910524340096	0.0
2366	17	491	1100.0692629208115	0.0
2367	14	494	943.3910524340096	0.0
2368	12	496	774.7737367038067	0.0
2369	13	495	869.8519471906086	0.0
2370	15	493	973.8519471906086	0.0
2371	12	496	774.7737367038067	0.0
2372	13	496	869.8519471906086	0.0
2373	13	496	869.8519471906086	0.0
2374	13	496	869.8519471906086	0.0
2375	17	491	1120.9301576774105	0.0
2376	17	491	1164.0083681642125	0.0
2377	12	496	796.3128419472076	0.0
2378	12	496	796.3128419472076	0.0
2379	12	496	796.3128419472076	0.0
2380	12	496	796.3128419472076	0.0
2381	17	491	1164.0083681642122	0.0
2382	11	498	701.2346314604057	0.0
2383	13	496	826.7737367038068	0.0
2384	12	496	796.3128419472076	0.0
2385	13	495	912.9301576774105	0.0
2386	11	497	744.3128419472076	0.0
2387	13	495	826.7737367038067	0.0
2388	15	493	1016.9301576774105	0.0
2389	13	495	869.8519471906086	0.0
2390	10	498	670.7737367038067	0.0
2391	11	497	744.3128419472076	0.0
2392	13	495	869.8519471906086	0.0
2393	12	497	753.2346314604057	0.0
2394	11	497	658.1564209736039	0.0
2395	11	497	679.6955262170048	0.0
2396	11	497	637.2955262170047	0.0
2397	13	495	826.7737367038067	0.0
2398	13	495	826.7737367038067	0.0
2399	12	497	753.2346314604057	0.0
2400	14	495	878.7737367038068	0.0
2401	13	495	783.6955262170048	0.0
2402	10	498	584.6173157302029	0.0
2403	12	496	774.7737367038067	0.0
2404	10	498	627.6955262170047	0.0
2405	10	497	627.6955262170047	0.0
2406	11	498	658.1564209736039	0.0
2407	11	498	701.2346314604058	0.0
2408	12	496	732.3737367038068	0.0
2409	11	498	701.2346314604058	0.0
2410	12	496	796.3128419472077	0.0
2411	12	496	710.1564209736039	0.0
2412	12	496	753.2346314604058	0.0
2413	11	498	701.2346314604057	0.0
2414	10	497	670.7737367038067	0.0
2415	10	498	584.6173157302029	0.0
2416	10	498	584.6173157302029	0.0
2417	10	498	627.6955262170047	0.0
2418	10	498	627.6955262170048	0.0
2419	12	496	796.3128419472077	0.0
2420	12	496	710.1564209736039	0.0
2421	12	496	753.2346314604058	0.0
2422	11	497	615.0782104868019	0.0
2423	12	497	710.1564209736039	0.0
2424	13	495	783.6955262170048	0.0
2425	10	498	584.6173157302029	0.0
2426	12	496	796.3128419472076	0.0
2427	12	496	796.3128419472076	0.0
2428	12	496	796.3128419472076	0.0
2429	12	496	796.3128419472076	0.0
2430	10	498	584.6173157302029	0.0
2431	10	498	584.6173157302029	0.0
2432	10	498	584.6173157302029	0.0
2433	12	496	796.3128419472076	0.0
2434	10	498	627.6955262170047	0.0
2435	19	489	1053.973736703807	0.0
2436	16	493	1047.3910524340095	0.0
2437	12	495	689.2955262170047	0.0
2438	13	496	826.7737367038068	0.0
2439	11115	-10709	117006.68541986827	0.0
2440	25	483	1110.2173157302032	0.0
2441	27	481	1002.8955262170051	0.0
2442	27	481	938.9564209736042	0.0
2443	21	487	838.2782104868021	0.0
2444	20	488	828.6782104868021	0.0
2445	24	484	994.956420973604	0.0
2446	19	489	967.817315730203	0.0
2447	26	482	971.0782104868022	0.0
2448	25	483	1046.278210486802	0.0
2449	24	484	1143.695526217005	0.0
2450	23	485	985.356420973604	0.0
2451	19	489	967.817315730203	0.0
2452	24	484	1015.8173157302031	0.0
2453	24	484	974.095526217005	0.0
2454	30	478	1180.434631460405	0.0
2455	30	478	1052.5564209736042	0.0
2456	31	477	998.2173157302033	0.0
2457	16	493	748.556420973604	0.0
2458	17	491	906.8955262170049	0.0
2459	17	492	863.817315730203	0.0
2460	16	492	919.5128419472077	0.0
2461	16	492	812.4955262170048	0.0
2462	14	494	665.417315730203	0.0
2463	15	494	738.9564209736039	0.0
2464	13	495	826.7737367038067	0.0
2465	29	479	1022.0955262170052	0.0
2466	12	497	710.1564209736039	0.0
2467	13	495	655.817315730203	0.0
2468	11	497	636.6173157302029	0.0
2469	11	497	636.6173157302029	0.0
2470	26	482	1121.173736703807	0.0
2471	25	483	962.834631460406	0.0
2472	18	490	852.556420973604	0.0
2473	15	493	718.0955262170048	0.0
2474	11	497	679.6955262170047	0.0
2475	11	497	679.6955262170047	0.0
2476	11	497	636.6173157302029	0.0
2477	15	493	845.9737367038067	0.0
2478	16	492	727.695526217005	0.0
2479	16	492	791.6346314604058	0.0
2480	15	493	738.9564209736039	0.0
2481	16	492	684.617315730203	0.0
2482	11	497	679.6955262170047	0.0
2483	15	493	759.817315730203	0.0
2484	15	493	718.0955262170048	0.0
2485	15	493	759.817315730203	0.0
2486	13	495	719.7564209736039	0.0
2487	14	494	729.3564209736039	0.0
2488	15	493	759.817315730203	0.0
2489	13	495	783.6955262170047	0.0
2490	13	495	826.7737367038067	0.0
2491	11	497	722.7737367038067	0.0
2492	12	496	796.3128419472076	0.0
2493	13	495	826.7737367038067	0.0
2494	13	495	826.7737367038067	0.0
2495	13	495	719.7564209736039	0.0
2496	13	495	826.7737367038067	0.0
2497	13	495	826.7737367038067	0.0
2498	13	495	826.7737367038067	0.0
2499	13	495	783.6955262170047	0.0
2500	13	495	826.7737367038067	0.0
2501	1635	-1126	17883.330157677614	0.0
2502	12	496	796.3128419472077	0.0
2503	12	496	817.8519471906087	0.0
2504	12	496	753.2346314604058	0.0
2505	15	493	930.7737367038068	0.0
2506	15	493	973.8519471906087	0.0
2507	15	493	973.8519471906087	0.0
2508	13	495	869.8519471906087	0.0
2509	13	495	869.8519471906087	0.0
2510	11	497	701.9128419472077	0.0
2511	11	497	701.9128419472077	0.0
2512	10	498	670.7737367038067	0.0
2513	11	498	722.7737367038067	0.0
2514	10	498	627.6955262170047	0.0
2515	13	495	869.8519471906087	0.0
2516	10	498	627.6955262170048	0.0
2517	10	498	584.6173157302029	0.0
2518	11	497	679.6955262170048	0.0
2519	11	498	658.1564209736039	0.0
2520	13	495	783.6955262170048	0.0
