Episode_Group	numSteps	Reward	Energy
1	40.0	48.0	1473.0
2	41.0	47.0	1482.0
3	33.0	53.0	1309.0
4	39.0	46.0	1399.0
5	30.0	65.0	1202.0
6	32.0	60.0	1281.0
7	37.0	54.0	1451.0
8	35.0	60.0	1362.0
9	33.0	61.0	1180.0
10	31.0	61.0	1158.0
11	33.0	57.0	1394.0
12	38.0	54.0	1477.0
13	37.0	55.0	1366.0
14	31.0	62.0	1117.0
15	25.0	70.0	946.0
16	30.0	64.0	1108.0
17	28.0	68.0	1183.0
18	26.0	69.0	1094.0
19	22.0	74.0	934.0
20	18.0	78.0	760.0
21	18.0	78.0	896.0
22	21.0	74.0	858.0
23	17.0	80.0	785.0
24	18.0	77.0	717.0
25	18.0	78.0	805.0
26	22.0	72.0	851.0
27	18.0	78.0	774.0
28	15.0	82.0	712.0
29	20.0	76.0	895.0
30	16.0	80.0	823.0
31	12.0	84.0	643.0
32	17.0	78.0	710.0
33	12.0	84.0	616.0
34	14.0	82.0	727.0
35	12.0	84.0	645.0
36	12.0	84.0	666.0
37	10.0	86.0	562.0
38	12.0	84.0	637.0
39	12.0	84.0	635.0
40	16.0	77.0	648.0
41	8.0	88.0	456.0
42	8.0	88.0	461.0
43	7.0	89.0	423.0
44	8.0	88.0	443.0
45	7.0	89.0	400.0
46	7.0	89.0	387.0
47	12.0	83.0	506.0
48	9.0	87.0	488.0
49	9.0	87.0	479.0
50	10.0	86.0	503.0
51	11.0	85.0	542.0
52	13.0	82.0	563.0
53	21.0	72.0	773.0
54	11.0	85.0	651.0
55	9.0	87.0	507.0
56	8.0	88.0	499.0
57	7.0	89.0	421.0
58	8.0	88.0	471.0
59	7.0	89.0	390.0
60	7.0	89.0	386.0
61	7.0	90.0	385.0
62	7.0	89.0	387.0
63	7.0	89.0	397.0
64	7.0	89.0	386.0
65	7.0	89.0	404.0
66	7.0	89.0	413.0
67	7.0	90.0	385.0
68	7.0	90.0	385.0
69	7.0	90.0	385.0
70	7.0	90.0	385.0
71	7.0	89.0	388.0
72	7.0	89.0	387.0
73	7.0	89.0	386.0
74	7.0	89.0	388.0
75	7.0	89.0	389.0
76	7.0	89.0	406.0
77	7.0	89.0	396.0
78	7.0	89.0	386.0
79	8.0	89.0	439.0
80	7.0	89.0	392.0
81	7.0	89.0	403.0
82	7.0	89.0	387.0
83	7.0	89.0	386.0
84	7.0	90.0	385.0
85	7.0	89.0	396.0
86	7.0	89.0	410.0
87	8.0	88.0	416.0
88	7.0	89.0	392.0
89	7.0	89.0	407.0
90	7.0	89.0	406.0
91	7.0	89.0	416.0
92	9.0	87.0	487.0
93	8.0	88.0	460.0
94	8.0	88.0	458.0
95	8.0	88.0	462.0
96	8.0	89.0	459.0
97	8.0	88.0	463.0
98	8.0	89.0	459.0
99	8.0	88.0	466.0
100	8.0	88.0	481.0
101	8.0	88.0	443.0
102	10.0	87.0	543.0
103	7.0	89.0	438.0
104	7.0	89.0	424.0
105	7.0	89.0	409.0
106	7.0	89.0	402.0
107	7.0	89.0	389.0
108	7.0	89.0	392.0
109	7.0	89.0	396.0
110	7.0	89.0	386.0
111	7.0	89.0	387.0
112	7.0	89.0	389.0
113	7.0	89.0	397.0
114	7.0	89.0	387.0
115	7.0	89.0	396.0
116	7.0	89.0	390.0
117	7.0	89.0	411.0
118	7.0	89.0	407.0
119	7.0	89.0	400.0
120	7.0	89.0	392.0
121	7.0	89.0	392.0
122	7.0	89.0	386.0
123	7.0	89.0	386.0
124	7.0	90.0	385.0
125	7.0	89.0	391.0
126	7.0	89.0	396.0
127	7.0	89.0	386.0
128	7.0	89.0	405.0
129	7.0	89.0	389.0
130	7.0	89.0	403.0
131	8.0	89.0	435.0
132	7.0	89.0	408.0
133	7.0	89.0	400.0
134	8.0	88.0	416.0
135	7.0	89.0	395.0
136	7.0	89.0	387.0
137	7.0	89.0	404.0
138	7.0	89.0	406.0
139	7.0	89.0	392.0
140	7.0	89.0	395.0
141	7.0	89.0	441.0
142	7.0	89.0	406.0
143	7.0	89.0	398.0
144	8.0	88.0	464.0
145	7.0	89.0	403.0
146	7.0	90.0	385.0
147	7.0	89.0	386.0
148	7.0	89.0	417.0
149	7.0	89.0	387.0
150	8.0	88.0	435.0
151	7.0	89.0	389.0
152	7.0	89.0	386.0
153	7.0	89.0	386.0
154	7.0	89.0	394.0
155	7.0	89.0	392.0
156	7.0	89.0	387.0
157	7.0	89.0	387.0
158	7.0	89.0	387.0
159	7.0	89.0	421.0
160	7.0	90.0	385.0
161	7.0	89.0	402.0
162	7.0	90.0	385.0
163	7.0	89.0	400.0
164	7.0	89.0	386.0
165	7.0	89.0	404.0
166	7.0	90.0	385.0
167	7.0	89.0	386.0
168	7.0	89.0	395.0
169	7.0	89.0	393.0
170	7.0	89.0	408.0
171	8.0	88.0	407.0
172	7.0	89.0	387.0
173	7.0	89.0	399.0
174	7.0	90.0	385.0
175	7.0	90.0	385.0
176	7.0	90.0	385.0
177	7.0	89.0	402.0
178	7.0	90.0	385.0
179	7.0	89.0	393.0
180	7.0	90.0	385.0
181	7.0	89.0	386.0
182	7.0	89.0	400.0
183	7.0	89.0	401.0
184	7.0	89.0	417.0
185	7.0	90.0	385.0
186	7.0	89.0	396.0
187	7.0	90.0	385.0
188	7.0	89.0	401.0
189	7.0	90.0	385.0
190	7.0	89.0	386.0
191	7.0	89.0	386.0
192	7.0	90.0	385.0
193	7.0	90.0	385.0
194	7.0	89.0	386.0
195	7.0	89.0	386.0
196	7.0	89.0	389.0
197	7.0	90.0	385.0
198	7.0	89.0	397.0
199	7.0	89.0	387.0
200	7.0	89.0	405.0
201	7.0	89.0	394.0
202	7.0	89.0	392.0
203	7.0	89.0	423.0
204	7.0	89.0	395.0
205	7.0	90.0	385.0
206	7.0	89.0	405.0
207	7.0	89.0	386.0
208	7.0	89.0	386.0
209	7.0	89.0	393.0
210	7.0	89.0	405.0
211	7.0	89.0	388.0
212	7.0	90.0	385.0
213	7.0	90.0	385.0
214	7.0	89.0	419.0
215	7.0	89.0	404.0
216	7.0	89.0	408.0
217	7.0	89.0	430.0
218	7.0	89.0	412.0
219	8.0	89.0	463.0
220	10.0	86.0	596.0
221	7.0	89.0	445.0
222	8.0	89.0	485.0
223	7.0	89.0	430.0
224	7.0	89.0	426.0
225	8.0	88.0	493.0
226	7.0	89.0	435.0
227	9.0	87.0	512.0
228	7.0	89.0	421.0
229	9.0	87.0	525.0
230	7.0	90.0	407.0
231	9.0	87.0	545.0
232	7.0	89.0	408.0
233	7.0	89.0	425.0
234	7.0	89.0	408.0
235	7.0	90.0	407.0
236	7.0	90.0	407.0
237	7.0	89.0	408.0
238	10.0	86.0	569.0
239	7.0	90.0	404.0
240	7.0	89.0	414.0
241	7.0	89.0	432.0
242	7.0	89.0	408.0
243	7.0	89.0	416.0
244	7.0	89.0	408.0
245	7.0	89.0	408.0
246	7.0	89.0	408.0
247	7.0	89.0	410.0
248	7.0	90.0	407.0
249	7.0	89.0	414.0
250	7.0	89.0	416.0
251	7.0	89.0	408.0
252	7.0	90.0	407.0
253	7.0	89.0	406.0
254	7.0	89.0	436.0
255	7.0	90.0	404.0
256	7.0	89.0	410.0
257	7.0	89.0	434.0
258	7.0	89.0	414.0
259	7.0	90.0	407.0
260	7.0	89.0	423.0
261	7.0	90.0	407.0
262	7.0	89.0	408.0
263	7.0	89.0	408.0
264	8.0	88.0	505.0
265	7.0	89.0	408.0
266	7.0	89.0	410.0
267	7.0	89.0	416.0
268	7.0	90.0	385.0
269	7.0	90.0	389.0
270	7.0	89.0	390.0
271	7.0	89.0	387.0
272	7.0	90.0	385.0
273	7.0	89.0	390.0
274	7.0	89.0	395.0
275	7.0	90.0	407.0
276	7.0	89.0	426.0
277	7.0	90.0	402.0
278	7.0	89.0	411.0
279	7.0	89.0	401.0
280	7.0	89.0	408.0
281	7.0	90.0	396.0
282	7.0	89.0	403.0
283	7.0	89.0	392.0
284	7.0	89.0	403.0
285	7.0	90.0	396.0
286	7.0	89.0	398.0
287	7.0	90.0	392.0
288	7.0	89.0	401.0
289	7.0	89.0	403.0
290	7.0	89.0	410.0
291	7.0	90.0	404.0
292	7.0	89.0	422.0
293	7.0	90.0	404.0
294	7.0	89.0	434.0
295	7.0	90.0	407.0
296	7.0	89.0	395.0
297	7.0	89.0	387.0
298	7.0	89.0	402.0
299	7.0	89.0	434.0
300	10.0	86.0	528.0
301	7.0	89.0	402.0
302	8.0	88.0	501.0
303	7.0	89.0	411.0
304	7.0	89.0	401.0
305	7.0	89.0	388.0
306	7.0	90.0	385.0
307	7.0	90.0	385.0
308	7.0	89.0	392.0
309	7.0	89.0	397.0
310	7.0	89.0	386.0
311	7.0	89.0	392.0
312	7.0	89.0	386.0
313	7.0	89.0	386.0
314	8.0	88.0	415.0
315	7.0	89.0	411.0
316	7.0	90.0	385.0
317	7.0	89.0	420.0
318	7.0	89.0	386.0
319	7.0	89.0	405.0
320	7.0	89.0	408.0
321	7.0	89.0	404.0
322	7.0	89.0	435.0
323	7.0	89.0	451.0
324	7.0	89.0	422.0
325	7.0	89.0	414.0
326	7.0	89.0	428.0
327	7.0	89.0	412.0
328	7.0	89.0	423.0
329	7.0	89.0	405.0
330	7.0	89.0	411.0
331	7.0	89.0	446.0
332	7.0	89.0	436.0
333	7.0	90.0	400.0
334	7.0	90.0	402.0
335	7.0	89.0	433.0
336	7.0	90.0	407.0
337	7.0	89.0	432.0
338	7.0	89.0	408.0
339	7.0	89.0	408.0
340	7.0	89.0	408.0
341	7.0	89.0	426.0
342	7.0	90.0	402.0
343	7.0	90.0	385.0
344	7.0	89.0	387.0
345	7.0	89.0	393.0
346	7.0	89.0	387.0
347	7.0	89.0	410.0
348	7.0	89.0	401.0
349	7.0	90.0	392.0
350	8.0	88.0	476.0
351	7.0	89.0	408.0
352	7.0	89.0	405.0
353	7.0	89.0	404.0
354	7.0	90.0	404.0
355	7.0	89.0	403.0
356	7.0	90.0	407.0
357	7.0	89.0	408.0
358	7.0	90.0	407.0
359	7.0	89.0	405.0
360	7.0	89.0	408.0
361	7.0	89.0	414.0
362	7.0	89.0	414.0
363	7.0	89.0	436.0
364	7.0	89.0	396.0
365	7.0	89.0	386.0
366	7.0	90.0	385.0
367	7.0	89.0	392.0
368	7.0	89.0	409.0
369	7.0	90.0	385.0
370	7.0	89.0	386.0
371	7.0	89.0	393.0
372	7.0	89.0	410.0
373	7.0	89.0	390.0
374	7.0	90.0	385.0
375	7.0	90.0	385.0
376	7.0	89.0	413.0
377	8.0	88.0	495.0
378	7.0	89.0	408.0
379	7.0	89.0	422.0
380	7.0	89.0	408.0
381	7.0	89.0	408.0
382	8.0	88.0	474.0
383	7.0	90.0	407.0
384	7.0	89.0	416.0
385	7.0	90.0	407.0
386	7.0	89.0	406.0
387	7.0	89.0	405.0
388	8.0	88.0	482.0
389	7.0	90.0	407.0
390	7.0	89.0	429.0
391	7.0	89.0	396.0
392	7.0	89.0	404.0
393	7.0	89.0	403.0
394	7.0	90.0	385.0
395	7.0	89.0	387.0
396	7.0	90.0	385.0
397	7.0	90.0	385.0
398	7.0	89.0	386.0
399	7.0	90.0	385.0
400	7.0	90.0	385.0
401	7.0	90.0	385.0
402	7.0	90.0	385.0
403	7.0	89.0	389.0
404	7.0	89.0	392.0
405	7.0	90.0	398.0
406	7.0	90.0	400.0
407	7.0	90.0	396.0
408	7.0	89.0	409.0
409	7.0	89.0	399.0
410	7.0	90.0	407.0
411	7.0	89.0	408.0
412	7.0	89.0	411.0
413	7.0	89.0	408.0
414	7.0	89.0	411.0
415	7.0	90.0	402.0
416	7.0	89.0	406.0
417	7.0	90.0	407.0
418	7.0	89.0	403.0
419	7.0	89.0	403.0
420	7.0	89.0	409.0
421	7.0	90.0	385.0
422	7.0	89.0	388.0
423	7.0	89.0	392.0
424	7.0	89.0	408.0
425	7.0	89.0	406.0
426	7.0	89.0	386.0
427	7.0	89.0	407.0
428	7.0	89.0	396.0
429	7.0	90.0	385.0
430	7.0	89.0	386.0
431	7.0	89.0	386.0
432	7.0	89.0	390.0
433	7.0	89.0	416.0
434	7.0	89.0	443.0
435	7.0	89.0	408.0
436	7.0	89.0	408.0
437	7.0	89.0	437.0
438	7.0	89.0	424.0
439	7.0	89.0	400.0
440	7.0	89.0	389.0
441	7.0	89.0	386.0
442	7.0	89.0	387.0
443	7.0	89.0	387.0
444	7.0	89.0	386.0
445	7.0	89.0	386.0
446	7.0	90.0	394.0
447	7.0	90.0	407.0
448	7.0	90.0	407.0
449	7.0	89.0	423.0
450	7.0	90.0	407.0
451	7.0	89.0	420.0
452	7.0	89.0	430.0
453	7.0	89.0	406.0
454	7.0	89.0	390.0
455	8.0	88.0	449.0
456	7.0	89.0	400.0
457	7.0	89.0	390.0
458	7.0	90.0	385.0
459	7.0	89.0	390.0
460	7.0	89.0	404.0
461	7.0	90.0	407.0
462	7.0	89.0	408.0
463	7.0	89.0	448.0
464	7.0	89.0	408.0
465	7.0	89.0	424.0
466	7.0	89.0	415.0
467	7.0	90.0	407.0
468	7.0	89.0	408.0
469	8.0	88.0	443.0
470	7.0	90.0	407.0
471	7.0	89.0	425.0
472	7.0	90.0	407.0
473	7.0	89.0	408.0
474	7.0	90.0	392.0
475	7.0	89.0	407.0
476	7.0	90.0	389.0
477	7.0	89.0	386.0
478	7.0	90.0	385.0
479	7.0	89.0	398.0
480	7.0	89.0	388.0
481	8.0	88.0	428.0
482	7.0	89.0	409.0
483	7.0	90.0	385.0
484	7.0	89.0	394.0
485	7.0	90.0	385.0
486	7.0	89.0	403.0
487	7.0	89.0	402.0
488	12.0	84.0	542.0
489	10.0	86.0	526.0
490	10.0	86.0	526.0
491	9.0	87.0	491.0
492	9.0	87.0	519.0
493	9.0	87.0	450.0
494	7.0	89.0	435.0
495	7.0	89.0	386.0
496	7.0	90.0	385.0
497	7.0	89.0	392.0
498	7.0	89.0	388.0
499	7.0	89.0	387.0
500	7.0	89.0	388.0
501	7.0	89.0	408.0
502	7.0	90.0	385.0
503	7.0	89.0	386.0
504	7.0	90.0	385.0
505	7.0	90.0	385.0
506	7.0	89.0	387.0
507	7.0	89.0	422.0
508	7.0	89.0	451.0
509	7.0	89.0	417.0
510	8.0	88.0	447.0
511	8.0	88.0	458.0
512	7.0	89.0	441.0
513	7.0	89.0	425.0
514	7.0	89.0	424.0
515	7.0	90.0	400.0
516	7.0	89.0	409.0
517	7.0	90.0	400.0
518	7.0	90.0	407.0
519	7.0	89.0	414.0
520	7.0	89.0	413.0
521	7.0	89.0	418.0
522	7.0	89.0	411.0
523	7.0	89.0	412.0
524	7.0	89.0	408.0
525	7.0	90.0	407.0
526	7.0	89.0	403.0
527	7.0	90.0	402.0
528	7.0	89.0	405.0
529	7.0	89.0	406.0
530	7.0	89.0	406.0
531	7.0	90.0	400.0
532	7.0	89.0	424.0
533	7.0	89.0	404.0
534	7.0	89.0	418.0
535	7.0	89.0	425.0
536	7.0	89.0	405.0
537	7.0	89.0	405.0
538	7.0	89.0	405.0
539	7.0	89.0	408.0
540	7.0	89.0	405.0
541	7.0	89.0	415.0
542	7.0	89.0	415.0
543	7.0	89.0	422.0
544	7.0	89.0	408.0
545	7.0	89.0	409.0
546	7.0	89.0	408.0
547	7.0	90.0	407.0
548	7.0	89.0	408.0
549	7.0	89.0	424.0
550	7.0	89.0	403.0
551	7.0	89.0	408.0
552	11.0	83.0	446.0
553	7.0	89.0	418.0
554	8.0	88.0	426.0
555	7.0	89.0	395.0
556	7.0	89.0	396.0
557	7.0	89.0	400.0
558	7.0	89.0	400.0
559	7.0	89.0	405.0
560	7.0	90.0	392.0
561	7.0	90.0	407.0
562	7.0	89.0	408.0
563	7.0	90.0	407.0
564	7.0	89.0	437.0
565	7.0	89.0	408.0
566	7.0	90.0	407.0
567	7.0	90.0	407.0
568	7.0	89.0	420.0
569	7.0	90.0	407.0
570	7.0	89.0	422.0
571	7.0	90.0	407.0
572	7.0	89.0	424.0
573	7.0	89.0	408.0
574	7.0	89.0	419.0
575	7.0	90.0	407.0
576	7.0	90.0	407.0
577	7.0	89.0	448.0
578	7.0	89.0	408.0
579	7.0	89.0	424.0
580	7.0	90.0	407.0
581	7.0	89.0	420.0
582	7.0	90.0	407.0
583	7.0	89.0	429.0
584	7.0	89.0	408.0
585	7.0	89.0	436.0
586	7.0	89.0	408.0
587	7.0	89.0	424.0
588	7.0	89.0	421.0
589	7.0	90.0	407.0
590	7.0	90.0	407.0
591	7.0	89.0	408.0
592	7.0	89.0	408.0
593	7.0	89.0	412.0
594	7.0	90.0	407.0
595	7.0	89.0	408.0
596	7.0	89.0	422.0
597	7.0	90.0	407.0
598	7.0	89.0	406.0
599	7.0	89.0	408.0
600	7.0	90.0	407.0
601	7.0	90.0	407.0
602	7.0	89.0	408.0
603	7.0	89.0	408.0
604	7.0	89.0	408.0
605	7.0	89.0	429.0
606	7.0	90.0	407.0
607	7.0	89.0	430.0
608	7.0	89.0	422.0
609	7.0	89.0	408.0
610	7.0	89.0	408.0
611	7.0	89.0	416.0
612	7.0	90.0	404.0
613	7.0	89.0	438.0
614	7.0	89.0	408.0
615	7.0	89.0	419.0
616	7.0	89.0	413.0
617	7.0	90.0	407.0
618	7.0	89.0	408.0
619	7.0	89.0	406.0
620	7.0	89.0	408.0
621	7.0	89.0	408.0
622	7.0	89.0	410.0
623	7.0	89.0	408.0
624	7.0	90.0	407.0
625	7.0	90.0	407.0
626	7.0	89.0	415.0
627	7.0	89.0	423.0
628	7.0	89.0	421.0
629	7.0	89.0	415.0
630	7.0	89.0	422.0
631	7.0	90.0	407.0
632	7.0	90.0	407.0
633	7.0	89.0	428.0
634	7.0	90.0	407.0
635	7.0	89.0	422.0
636	7.0	89.0	421.0
637	7.0	89.0	408.0
638	7.0	89.0	405.0
639	7.0	89.0	421.0
640	7.0	90.0	404.0
641	7.0	90.0	407.0
642	7.0	89.0	426.0
643	7.0	89.0	408.0
644	7.0	89.0	430.0
645	7.0	89.0	410.0
646	7.0	90.0	407.0
647	7.0	90.0	407.0
648	7.0	89.0	422.0
649	7.0	89.0	408.0
650	7.0	89.0	408.0
651	7.0	89.0	408.0
652	7.0	90.0	407.0
653	7.0	89.0	408.0
654	7.0	89.0	408.0
655	7.0	89.0	414.0
656	7.0	89.0	420.0
657	7.0	89.0	408.0
658	7.0	89.0	411.0
659	7.0	89.0	392.0
660	7.0	89.0	386.0
661	8.0	89.0	444.0
662	7.0	89.0	392.0
663	7.0	89.0	387.0
664	8.0	88.0	418.0
665	7.0	89.0	388.0
666	7.0	89.0	392.0
667	7.0	89.0	396.0
668	7.0	89.0	386.0
669	7.0	89.0	386.0
670	7.0	90.0	385.0
671	7.0	89.0	399.0
672	7.0	89.0	411.0
673	7.0	89.0	399.0
674	7.0	90.0	385.0
675	7.0	89.0	392.0
676	7.0	89.0	401.0
677	7.0	90.0	385.0
678	7.0	89.0	411.0
679	7.0	89.0	392.0
680	7.0	89.0	401.0
681	7.0	89.0	412.0
682	7.0	89.0	421.0
683	7.0	89.0	397.0
684	7.0	89.0	389.0
685	7.0	89.0	432.0
686	7.0	89.0	429.0
687	7.0	90.0	407.0
688	7.0	89.0	410.0
689	7.0	89.0	423.0
690	7.0	90.0	407.0
691	7.0	89.0	414.0
692	7.0	89.0	425.0
693	7.0	90.0	404.0
694	7.0	89.0	414.0
695	7.0	90.0	404.0
696	7.0	89.0	405.0
697	7.0	89.0	403.0
698	7.0	90.0	396.0
699	7.0	89.0	419.0
700	7.0	89.0	408.0
701	7.0	89.0	405.0
702	7.0	89.0	411.0
703	7.0	89.0	408.0
704	7.0	89.0	408.0
705	7.0	90.0	407.0
706	7.0	89.0	401.0
707	7.0	89.0	404.0
708	7.0	89.0	390.0
709	7.0	90.0	385.0
710	7.0	89.0	398.0
711	7.0	90.0	394.0
712	7.0	89.0	415.0
713	7.0	89.0	399.0
714	7.0	89.0	408.0
715	7.0	89.0	409.0
716	7.0	90.0	407.0
717	7.0	89.0	408.0
718	7.0	89.0	408.0
719	7.0	89.0	409.0
720	7.0	89.0	408.0
721	7.0	90.0	407.0
722	7.0	90.0	407.0
723	7.0	90.0	407.0
724	7.0	89.0	426.0
725	7.0	89.0	423.0
726	7.0	90.0	407.0
727	7.0	89.0	415.0
728	7.0	89.0	411.0
729	7.0	89.0	388.0
730	7.0	90.0	385.0
731	7.0	89.0	386.0
732	7.0	90.0	385.0
733	7.0	90.0	385.0
734	7.0	90.0	389.0
735	7.0	90.0	407.0
736	7.0	89.0	419.0
737	7.0	90.0	407.0
738	7.0	89.0	411.0
739	7.0	89.0	415.0
740	7.0	90.0	409.0
741	7.0	89.0	411.0
742	7.0	90.0	385.0
743	7.0	89.0	386.0
744	7.0	90.0	385.0
745	7.0	89.0	387.0
746	7.0	89.0	401.0
747	7.0	89.0	393.0
748	7.0	90.0	394.0
749	7.0	89.0	435.0
750	7.0	90.0	407.0
751	7.0	89.0	415.0
752	7.0	89.0	421.0
753	7.0	89.0	417.0
754	7.0	89.0	413.0
755	7.0	89.0	441.0
756	7.0	89.0	408.0
757	7.0	90.0	407.0
758	7.0	90.0	409.0
759	7.0	89.0	408.0
760	7.0	90.0	407.0
761	7.0	90.0	407.0
762	7.0	89.0	420.0
763	7.0	89.0	435.0
764	7.0	89.0	423.0
765	7.0	89.0	408.0
766	7.0	89.0	408.0
767	7.0	89.0	408.0
768	7.0	90.0	407.0
769	7.0	89.0	403.0
770	7.0	89.0	421.0
771	7.0	89.0	406.0
772	7.0	89.0	410.0
773	7.0	89.0	408.0
774	7.0	90.0	407.0
775	7.0	89.0	423.0
776	7.0	89.0	408.0
777	7.0	89.0	408.0
778	7.0	89.0	408.0
779	7.0	89.0	420.0
780	7.0	89.0	429.0
781	7.0	89.0	408.0
782	7.0	89.0	415.0
783	7.0	89.0	408.0
784	7.0	89.0	408.0
785	7.0	90.0	407.0
786	7.0	89.0	415.0
787	7.0	89.0	408.0
788	7.0	89.0	408.0
789	7.0	90.0	407.0
790	7.0	89.0	429.0
791	7.0	89.0	392.0
792	7.0	90.0	385.0
793	7.0	89.0	403.0
794	7.0	89.0	414.0
795	7.0	89.0	397.0
796	7.0	89.0	405.0
797	7.0	89.0	392.0
798	7.0	89.0	404.0
799	7.0	89.0	396.0
800	7.0	89.0	391.0
801	7.0	89.0	386.0
802	7.0	89.0	387.0
803	7.0	90.0	385.0
804	7.0	90.0	404.0
805	7.0	90.0	407.0
806	7.0	89.0	408.0
807	7.0	90.0	407.0
808	7.0	89.0	421.0
809	7.0	89.0	422.0
810	7.0	89.0	410.0
811	7.0	90.0	407.0
812	7.0	89.0	416.0
813	7.0	89.0	408.0
814	7.0	89.0	408.0
815	7.0	89.0	421.0
816	7.0	90.0	407.0
817	7.0	89.0	408.0
818	7.0	89.0	408.0
819	7.0	89.0	410.0
820	7.0	90.0	407.0
821	7.0	89.0	424.0
822	7.0	89.0	408.0
823	7.0	89.0	438.0
824	7.0	89.0	408.0
825	7.0	89.0	400.0
826	7.0	89.0	396.0
827	7.0	89.0	387.0
828	7.0	89.0	390.0
829	7.0	89.0	404.0
830	7.0	89.0	393.0
831	7.0	89.0	386.0
832	7.0	90.0	398.0
833	7.0	90.0	404.0
834	7.0	89.0	415.0
835	7.0	89.0	408.0
836	7.0	89.0	405.0
837	7.0	89.0	401.0
838	7.0	90.0	407.0
839	7.0	90.0	407.0
840	7.0	90.0	404.0
841	7.0	89.0	408.0
842	7.0	89.0	408.0
843	7.0	89.0	405.0
844	7.0	89.0	411.0
845	7.0	89.0	421.0
846	7.0	89.0	408.0
847	7.0	89.0	422.0
848	7.0	89.0	412.0
849	7.0	89.0	415.0
850	7.0	89.0	408.0
851	7.0	89.0	421.0
852	7.0	89.0	408.0
853	7.0	89.0	423.0
854	7.0	89.0	430.0
855	7.0	89.0	417.0
856	7.0	89.0	409.0
857	7.0	89.0	422.0
858	7.0	89.0	415.0
859	7.0	90.0	409.0
860	7.0	89.0	408.0
861	7.0	89.0	436.0
862	7.0	89.0	409.0
863	7.0	90.0	409.0
864	7.0	89.0	415.0
865	7.0	90.0	407.0
866	7.0	89.0	408.0
867	7.0	90.0	385.0
868	7.0	90.0	385.0
869	7.0	89.0	390.0
870	7.0	89.0	395.0
871	7.0	89.0	396.0
872	7.0	90.0	385.0
873	7.0	89.0	395.0
874	7.0	90.0	407.0
875	7.0	90.0	407.0
876	7.0	89.0	419.0
877	7.0	89.0	421.0
878	7.0	89.0	421.0
879	7.0	90.0	407.0
880	7.0	89.0	423.0
881	7.0	90.0	407.0
882	7.0	89.0	408.0
883	7.0	89.0	408.0
884	7.0	89.0	421.0
885	7.0	89.0	429.0
886	7.0	89.0	413.0
887	7.0	89.0	408.0
888	7.0	90.0	407.0
889	7.0	90.0	404.0
890	7.0	89.0	418.0
891	7.0	89.0	435.0
892	7.0	89.0	422.0
893	7.0	89.0	408.0
894	7.0	89.0	408.0
895	7.0	89.0	408.0
896	7.0	90.0	407.0
897	7.0	89.0	440.0
898	7.0	89.0	408.0
899	7.0	89.0	415.0
900	7.0	89.0	433.0
901	7.0	89.0	405.0
902	7.0	89.0	411.0
903	7.0	90.0	407.0
904	7.0	90.0	407.0
905	7.0	90.0	407.0
906	7.0	90.0	407.0
907	7.0	90.0	407.0
908	7.0	90.0	407.0
909	7.0	89.0	408.0
910	7.0	89.0	429.0
911	7.0	89.0	408.0
912	7.0	89.0	408.0
913	7.0	90.0	407.0
914	7.0	89.0	412.0
915	7.0	90.0	407.0
916	7.0	89.0	422.0
917	7.0	89.0	426.0
918	7.0	90.0	407.0
919	7.0	90.0	407.0
920	7.0	89.0	411.0
921	7.0	89.0	421.0
922	7.0	89.0	408.0
923	7.0	89.0	421.0
924	7.0	90.0	407.0
925	7.0	89.0	411.0
926	7.0	89.0	414.0
927	7.0	89.0	420.0
928	7.0	89.0	432.0
929	7.0	89.0	408.0
930	7.0	89.0	422.0
931	7.0	89.0	411.0
932	7.0	90.0	407.0
933	7.0	89.0	416.0
934	7.0	89.0	415.0
935	7.0	89.0	403.0
936	7.0	89.0	422.0
937	7.0	89.0	423.0
938	7.0	90.0	407.0
939	7.0	89.0	408.0
940	7.0	89.0	422.0
941	7.0	90.0	407.0
942	7.0	89.0	408.0
943	7.0	90.0	407.0
944	7.0	90.0	389.0
945	7.0	89.0	392.0
946	7.0	89.0	400.0
947	7.0	89.0	386.0
948	7.0	90.0	385.0
949	7.0	89.0	401.0
950	7.0	90.0	389.0
951	7.0	90.0	392.0
952	7.0	89.0	397.0
953	7.0	89.0	404.0
954	10.0	86.0	462.0
955	7.0	89.0	390.0
956	7.0	90.0	387.0
957	7.0	89.0	407.0
958	7.0	89.0	405.0
959	7.0	89.0	415.0
960	7.0	89.0	408.0
961	7.0	89.0	408.0
962	7.0	90.0	404.0
963	7.0	90.0	404.0
964	7.0	89.0	423.0
965	7.0	90.0	407.0
966	7.0	89.0	422.0
967	7.0	89.0	410.0
968	7.0	90.0	407.0
969	7.0	89.0	408.0
970	7.0	90.0	404.0
971	7.0	89.0	408.0
972	7.0	89.0	414.0
973	7.0	89.0	414.0
974	7.0	90.0	407.0
975	7.0	89.0	418.0
976	7.0	89.0	408.0
977	7.0	90.0	407.0
978	7.0	89.0	408.0
979	7.0	89.0	405.0
980	7.0	90.0	404.0
981	7.0	90.0	407.0
982	7.0	90.0	407.0
983	7.0	90.0	407.0
984	7.0	90.0	407.0
985	7.0	90.0	407.0
986	7.0	89.0	414.0
987	7.0	89.0	418.0
988	7.0	89.0	408.0
989	7.0	90.0	407.0
990	7.0	90.0	407.0
991	7.0	89.0	417.0
992	7.0	89.0	406.0
993	7.0	89.0	406.0
994	7.0	89.0	411.0
995	7.0	89.0	404.0
996	7.0	89.0	395.0
997	7.0	89.0	407.0
998	7.0	89.0	405.0
999	7.0	89.0	405.0
1000	7.0	89.0	408.0
1001	7.0	89.0	421.0
1002	7.0	89.0	410.0
1003	7.0	89.0	408.0
1004	7.0	89.0	421.0
1005	7.0	89.0	417.0
1006	7.0	89.0	408.0
1007	7.0	89.0	414.0
1008	7.0	89.0	408.0
1009	7.0	89.0	422.0
1010	7.0	89.0	415.0
1011	7.0	90.0	407.0
1012	7.0	89.0	408.0
1013	7.0	89.0	410.0
1014	8.0	88.0	442.0
1015	7.0	90.0	407.0
1016	7.0	89.0	422.0
1017	7.0	89.0	432.0
1018	7.0	89.0	408.0
1019	7.0	89.0	424.0
1020	7.0	89.0	408.0
1021	7.0	90.0	407.0
1022	7.0	89.0	413.0
1023	7.0	90.0	407.0
1024	7.0	89.0	408.0
1025	7.0	89.0	420.0
1026	7.0	89.0	408.0
1027	7.0	89.0	420.0
1028	7.0	90.0	407.0
1029	7.0	89.0	417.0
1030	7.0	90.0	407.0
1031	7.0	90.0	402.0
1032	7.0	89.0	404.0
1033	7.0	89.0	421.0
1034	7.0	89.0	403.0
1035	7.0	89.0	418.0
1036	7.0	89.0	412.0
1037	7.0	89.0	426.0
1038	7.0	89.0	408.0
1039	7.0	90.0	407.0
1040	7.0	89.0	415.0
1041	7.0	90.0	409.0
1042	7.0	89.0	408.0
1043	7.0	89.0	408.0
1044	7.0	89.0	408.0
1045	7.0	89.0	426.0
1046	7.0	89.0	411.0
1047	7.0	90.0	407.0
1048	7.0	89.0	412.0
1049	7.0	89.0	416.0
1050	7.0	89.0	416.0
1051	7.0	89.0	408.0
1052	7.0	90.0	409.0
1053	7.0	89.0	410.0
1054	7.0	89.0	408.0
1055	7.0	89.0	434.0
1056	7.0	89.0	433.0
1057	7.0	89.0	461.0
1058	11.0	83.0	560.0
1059	11.0	83.0	505.0
1060	7.0	90.0	426.0
1061	11.0	83.0	501.0
1062	7.0	90.0	428.0
1063	7.0	89.0	446.0
1064	7.0	89.0	439.0
1065	7.0	89.0	430.0
1066	7.0	89.0	429.0
1067	7.0	89.0	430.0
1068	7.0	90.0	420.0
1069	7.0	89.0	417.0
1070	7.0	89.0	387.0
1071	7.0	89.0	392.0
1072	7.0	89.0	386.0
1073	7.0	89.0	392.0
1074	7.0	89.0	407.0
1075	7.0	90.0	404.0
1076	7.0	90.0	407.0
1077	7.0	89.0	408.0
1078	7.0	89.0	408.0
1079	7.0	89.0	410.0
1080	7.0	89.0	408.0
1081	7.0	90.0	417.0
1082	7.0	89.0	425.0
1083	7.0	89.0	430.0
1084	7.0	89.0	390.0
1085	7.0	90.0	407.0
1086	7.0	89.0	391.0
1087	7.0	89.0	386.0
1088	7.0	89.0	401.0
1089	7.0	89.0	386.0
1090	7.0	90.0	392.0
1091	7.0	90.0	428.0
1092	7.0	89.0	435.0
1093	7.0	90.0	389.0
1094	7.0	89.0	422.0
1095	11.0	83.0	451.0
1096	7.0	90.0	404.0
1097	7.0	90.0	404.0
1098	7.0	89.0	405.0
1099	7.0	89.0	412.0
1100	7.0	90.0	407.0
1101	7.0	89.0	418.0
1102	7.0	89.0	408.0
1103	7.0	89.0	410.0
1104	7.0	89.0	413.0
1105	7.0	89.0	414.0
1106	7.0	89.0	409.0
1107	7.0	90.0	407.0
1108	7.0	89.0	418.0
1109	7.0	90.0	407.0
1110	7.0	89.0	418.0
1111	7.0	89.0	408.0
1112	7.0	89.0	408.0
1113	7.0	89.0	416.0
1114	7.0	89.0	405.0
1115	7.0	89.0	408.0
1116	7.0	89.0	409.0
1117	7.0	90.0	411.0
1118	7.0	89.0	416.0
1119	7.0	90.0	411.0
1120	7.0	89.0	416.0
1121	7.0	89.0	405.0
1122	7.0	90.0	407.0
1123	7.0	90.0	417.0
1124	7.0	89.0	434.0
1125	7.0	89.0	429.0
1126	7.0	89.0	431.0
1127	7.0	89.0	429.0
1128	7.0	89.0	444.0
1129	7.0	89.0	453.0
1130	7.0	90.0	409.0
1131	7.0	90.0	407.0
1132	7.0	89.0	408.0
1133	7.0	90.0	407.0
1134	7.0	89.0	411.0
1135	7.0	89.0	418.0
1136	7.0	89.0	421.0
1137	7.0	90.0	424.0
1138	7.0	89.0	434.0
1139	7.0	89.0	439.0
1140	7.0	89.0	430.0
1141	7.0	89.0	429.0
1142	8.0	89.0	459.0
1143	7.0	89.0	433.0
1144	7.0	89.0	440.0
1145	7.0	90.0	428.0
1146	7.0	89.0	446.0
1147	7.0	90.0	428.0
1148	7.0	89.0	430.0
1149	7.0	89.0	429.0
1150	7.0	90.0	428.0
1151	7.0	89.0	430.0
1152	11.0	84.0	481.0
1153	7.0	89.0	431.0
1154	7.0	89.0	429.0
1155	7.0	89.0	439.0
1156	7.0	90.0	424.0
1157	7.0	89.0	429.0
1158	7.0	89.0	429.0
1159	7.0	89.0	439.0
1160	7.0	90.0	428.0
1161	7.0	89.0	429.0
1162	7.0	89.0	439.0
1163	7.0	89.0	444.0
1164	7.0	90.0	415.0
1165	7.0	90.0	407.0
1166	7.0	89.0	414.0
1167	7.0	90.0	407.0
1168	7.0	89.0	408.0
1169	7.0	89.0	408.0
1170	7.0	90.0	407.0
1171	7.0	90.0	407.0
1172	7.0	89.0	417.0
1173	7.0	89.0	414.0
1174	7.0	89.0	422.0
1175	7.0	89.0	412.0
1176	7.0	89.0	417.0
1177	7.0	89.0	415.0
1178	7.0	89.0	408.0
1179	7.0	90.0	407.0
1180	7.0	90.0	407.0
1181	7.0	89.0	418.0
1182	7.0	90.0	426.0
1183	7.0	90.0	411.0
1184	7.0	89.0	422.0
1185	7.0	89.0	410.0
1186	7.0	89.0	408.0
1187	7.0	90.0	407.0
1188	7.0	90.0	407.0
1189	7.0	89.0	416.0
1190	7.0	90.0	407.0
1191	7.0	89.0	408.0
1192	7.0	89.0	408.0
1193	7.0	89.0	408.0
1194	7.0	89.0	414.0
1195	7.0	89.0	408.0
1196	7.0	90.0	404.0
1197	7.0	89.0	408.0
1198	7.0	89.0	408.0
1199	7.0	89.0	430.0
1200	7.0	89.0	416.0
1201	7.0	89.0	408.0
1202	7.0	89.0	410.0
1203	7.0	90.0	409.0
1204	7.0	89.0	414.0
1205	7.0	89.0	410.0
1206	7.0	90.0	420.0
1207	7.0	90.0	428.0
1208	7.0	90.0	422.0
1209	7.0	90.0	426.0
1210	7.0	89.0	430.0
1211	7.0	90.0	426.0
1212	7.0	90.0	426.0
1213	7.0	89.0	429.0
1214	7.0	89.0	429.0
1215	9.0	87.0	532.0
1216	7.0	90.0	428.0
1217	7.0	89.0	437.0
1218	7.0	89.0	447.0
1219	7.0	90.0	428.0
1220	7.0	89.0	412.0
1221	7.0	89.0	412.0
1222	7.0	89.0	408.0
1223	7.0	89.0	422.0
1224	7.0	89.0	408.0
1225	7.0	90.0	407.0
1226	7.0	89.0	408.0
1227	7.0	89.0	421.0
1228	7.0	89.0	406.0
1229	7.0	89.0	422.0
1230	11.0	84.0	454.0
1231	7.0	90.0	400.0
1232	7.0	90.0	394.0
1233	7.0	89.0	404.0
1234	7.0	89.0	411.0
1235	7.0	89.0	415.0
1236	7.0	89.0	408.0
1237	7.0	89.0	417.0
1238	7.0	90.0	407.0
1239	7.0	90.0	407.0
1240	7.0	89.0	421.0
1241	7.0	89.0	429.0
1242	7.0	90.0	428.0
1243	7.0	89.0	430.0
1244	7.0	89.0	430.0
1245	7.0	89.0	430.0
1246	7.0	89.0	448.0
1247	7.0	89.0	429.0
1248	7.0	90.0	428.0
1249	7.0	90.0	428.0
1250	7.0	90.0	428.0
1251	7.0	89.0	429.0
1252	7.0	89.0	431.0
1253	7.0	89.0	429.0
1254	7.0	90.0	428.0
1255	7.0	90.0	428.0
1256	7.0	89.0	431.0
1257	7.0	89.0	439.0
1258	7.0	89.0	453.0
1259	7.0	89.0	429.0
1260	7.0	90.0	428.0
1261	7.0	89.0	424.0
1262	7.0	90.0	409.0
1263	7.0	89.0	408.0
1264	7.0	89.0	413.0
1265	7.0	89.0	408.0
1266	7.0	90.0	407.0
1267	7.0	89.0	410.0
1268	7.0	89.0	418.0
1269	7.0	90.0	407.0
1270	7.0	90.0	413.0
1271	7.0	89.0	440.0
1272	7.0	89.0	421.0
1273	7.0	89.0	414.0
1274	7.0	90.0	407.0
1275	2.0	27.0	122.0
