TS	X	Y
0	16	36
1	9.6	29.6
2	11.520000000000001	25.12
3	8.704	27.424
4	8.1408	27.884800000000002
5	8.02816	27.976960000000002
6	8.005632	27.995392000000002
7	8.0011264	27.999078400000002
8	8.00022528	27.99981568
9	8.000045056	27.999963136
10	8.0000090112	27.9999926272
11	8.00000180224	27.999998525440002
12	8.000000360448	27.999999705088
13	8.0000000720896	27.999999941017602
14	8.00000001441792	27.99999998820352
15	8.000000002883583	27.999999997640707
16	8.000000000576717	27.999999999528143
17	8.000000000115344	27.99999999990563
18	8.00000000002307	27.999999999981128
19	8.000000000004613	27.999999999996227
20	8.000000000000922	27.999999999999247
21	8.000000000000185	27.99999999999985
22	8.000000000000037	27.99999999999997
23	8.000000000000007	27.999999999999996
24	8.000000000000002	28.0
25	8.0	28.0
26	4.8	21.599999999999998
27	4.16	23.520000000000003
28	4.032	23.904000000000003
29	4.0064	23.9808
30	4.00128	23.996160000000003
31	4.000256	23.999232000000003
32	4.0000512	23.999846400000003
33	4.00001024	23.99996928
34	4.000002048	23.999993856000003
35	4.0000004096	23.999998771199998
36	4.00000008192	23.99999975424
37	4.000000016384	23.999999950848
38	4.0000000032768	23.999999990169602
39	4.00000000065536	23.99999999803392
40	4.000000000131072	23.999999999606786
41	4.000000000026215	23.999999999921357
42	4.000000000005243	23.999999999984272
43	4.000000000001049	23.999999999996856
44	4.00000000000021	23.999999999999375
45	4.000000000000042	23.999999999999876
46	4.000000000000008	23.99999999999998
47	4.000000000000002	23.999999999999993
48	4.0	24.0
49	0.7999999999999998	24.0
50	0.15999999999999992	24.0
51	0.03199999999999998	24.0
52	0.006399999999999994	24.0
53	0.001279999999999998	24.0
54	0.00025599999999999955	24.0
55	5.11999999999999e-05	24.0
56	1.0239999999999978e-05	24.0
57	2.047999999999995e-06	24.0
58	4.095999999999989e-07	24.0
59	8.191999999999976e-08	24.0
60	1.6383999999999947e-08	24.0
61	3.2767999999999885e-09	24.0
62	6.553599999999975e-10	24.0
63	1.3107199999999947e-10	24.0
64	2.6214399999999886e-11	24.0
65	5.242879999999976e-12	24.0
66	1.048575999999995e-12	24.0
67	2.0971519999999896e-13	24.0
68	4.194303999999978e-14	24.0
69	8.388607999999955e-15	24.0
70	1.6777215999999906e-15	24.0
71	3.3554431999999806e-16	24.0
72	6.71088639999996e-17	24.0
73	1.3421772799999917e-17	24.0
74	2.6843545599999828e-18	24.0
75	5.368709119999965e-19	24.0
76	1.0737418239999926e-19	24.0
77	2.1474836479999848e-20	24.0
78	4.2949672959999665e-21	24.0
79	8.589934591999931e-22	24.0
80	1.7179869183999858e-22	24.0
81	3.435973836799969e-23	24.0
82	6.87194767359994e-24	24.0
83	1.3743895347199879e-24	24.0
84	2.748779069439975e-25	24.0
85	5.497558138879952e-26	24.0
86	1.0995116277759902e-26	24.0
87	2.1990232555519798e-27	24.0
88	4.398046511103961e-28	24.0
89	8.79609302220792e-29	24.0
90	1.7592186044415838e-29	24.0
91	3.5184372088831666e-30	24.0
92	7.036874417766331e-31	24.0
93	1.407374883553266e-31	24.0
94	2.814749767106531e-32	24.0
95	5.629499534213061e-33	24.0
96	1.125899906842612e-33	24.0
97	2.2517998136852248e-34	24.0
98	4.5035996273704485e-35	24.0
99	9.007199254740895e-36	24.0
100	1.8014398509481784e-36	24.0
101	3.602879701896356e-37	24.0
102	7.20575940379271e-38	24.0
103	1.441151880758541e-38	24.0
104	2.8823037615170813e-39	24.0
105	5.764607523034161e-40	24.0
106	1.152921504606832e-40	24.0
107	2.3058430092136634e-41	24.0
108	4.611686018427326e-42	24.0
109	9.22337203685465e-43	24.0
110	1.8446744073709297e-43	24.0
111	3.689348814741859e-44	24.0
112	7.378697629483716e-45	24.0
113	1.475739525896743e-45	24.0
114	2.951479051793485e-46	24.0
115	5.902958103586969e-47	24.0
116	1.1805916207173934e-47	24.0
117	2.3611832414347864e-48	24.0
118	4.7223664828695715e-49	24.0
119	9.444732965739141e-50	24.0
120	1.8889465931478279e-50	24.0
121	3.7778931862956527e-51	24.0
122	7.555786372591303e-52	24.0
123	1.5111572745182603e-52	24.0
124	3.02231454903652e-53	24.0
125	6.044629098073039e-54	24.0
126	1.2089258196146074e-54	24.0
127	2.4178516392292145e-55	24.0
128	4.835703278458428e-56	24.0
129	9.671406556916853e-57	24.0
130	1.93428131138337e-57	24.0
131	3.868562622766739e-58	24.0
132	7.737125245533477e-59	24.0
133	1.547425049106695e-59	24.0
134	3.0948500982133896e-60	24.0
135	6.189700196426778e-61	24.0
136	1.2379400392853553e-61	24.0
137	2.475880078570709e-62	24.0
138	4.95176015714142e-63	24.0
139	9.903520314282837e-64	24.0
140	1.980704062856567e-64	24.0
141	3.961408125713133e-65	24.0
142	7.922816251426265e-66	24.0
143	1.5845632502852525e-66	24.0
144	3.169126500570504e-67	24.0
145	6.338253001141006e-68	24.0
146	1.267650600228201e-68	24.0
147	2.535301200456403e-69	24.0
148	5.0706024009128045e-70	24.0
149	1.0141204801825607e-70	24.0
150	2.028240960365121e-71	24.0
151	4.0564819207302414e-72	24.0
152	8.112963841460482e-73	24.0
153	1.622592768292096e-73	24.0
154	3.245185536584191e-74	24.0
155	6.49037107316838e-75	24.0
156	1.2980742146336765e-75	24.0
157	2.5961484292673524e-76	24.0
158	5.192296858534704e-77	24.0
159	1.03845937170694e-77	24.0
160	2.0769187434138794e-78	24.0
161	4.153837486827758e-79	24.0
162	8.307674973655513e-80	24.0
163	1.6615349947311022e-80	24.0
164	3.3230699894622035e-81	24.0
165	6.646139978924405e-82	24.0
166	1.3292279957848807e-82	24.0
167	2.658455991569761e-83	24.0
168	5.316911983139521e-84	24.0
169	1.0633823966279046e-84	24.0
170	2.1267647932558087e-85	24.0
171	4.253529586511616e-86	24.0
172	8.50705917302323e-87	24.0
173	1.7014118346046457e-87	24.0
174	3.4028236692092885e-88	24.0
175	6.805647338418576e-89	24.0
176	1.3611294676837149e-89	24.0
177	2.722258935367429e-90	24.0
178	5.44451787073486e-91	24.0
179	1.0889035741469717e-91	24.0
180	2.177807148293943e-92	24.0
181	4.355614296587885e-93	24.0
182	8.711228593175767e-94	24.0
183	1.742245718635153e-94	24.0
184	3.4844914372703074e-95	24.0
185	6.968982874540613e-96	24.0
186	1.3937965749081225e-96	24.0
187	2.787593149816246e-97	24.0
188	5.5751862996324907e-98	24.0
189	1.1150372599264979e-98	24.0
190	2.2300745198529954e-99	24.0
191	4.46014903970599e-100	24.0
192	8.920298079411977e-101	24.0
193	1.784059615882395e-101	24.0
194	3.5681192317647896e-102	24.0
195	7.136238463529577e-103	24.0
196	1.4272476927059152e-103	24.0
197	2.85449538541183e-104	24.0
198	5.708990770823658e-105	24.0
199	1.1417981541647309e-105	24.0
200	2.2835963083294614e-106	24.0
201	4.567192616658922e-107	24.0
202	9.134385233317842e-108	24.0
203	1.826877046663568e-108	24.0
204	3.6537540933271355e-109	24.0
205	7.307508186654265e-110	24.0
206	1.4615016373308528e-110	24.0
207	2.923003274661705e-111	24.0
208	5.8460065493234085e-112	24.0
209	1.1692013098646815e-112	24.0
210	2.3384026197293626e-113	24.0
211	4.6768052394587245e-114	24.0
212	9.353610478917447e-115	24.0
213	1.8707220957834888e-115	24.0
214	3.741444191566977e-116	24.0
215	7.482888383133952e-117	24.0
216	1.4965776766267902e-117	24.0
217	2.9931553532535796e-118	24.0
218	5.986310706507158e-119	24.0
219	1.1972621413014313e-119	24.0
220	2.394524282602862e-120	24.0
221	4.789048565205723e-121	24.0
222	9.578097130411444e-122	24.0
223	1.9156194260822885e-122	24.0
224	3.8312388521645764e-123	24.0
225	7.662477704329152e-124	24.0
226	1.53249554086583e-124	24.0
227	3.064991081731659e-125	24.0
228	6.129982163463321e-126	24.0
229	1.2259964326926639e-126	24.0
230	2.451992865385327e-127	24.0
231	4.903985730770654e-128	24.0
232	9.807971461541305e-129	24.0
233	1.9615942923082605e-129	24.0
234	3.9231885846165206e-130	24.0
235	7.84637716923304e-131	24.0
236	1.5692754338466075e-131	24.0
237	3.138550867693214e-132	24.0
238	6.277101735386427e-133	24.0
239	1.2554203470772851e-133	24.0
240	2.51084069415457e-134	24.0
241	5.021681388309139e-135	24.0
242	1.0043362776618275e-135	24.0
243	2.0086725553236548e-136	24.0
244	4.017345110647309e-137	24.0
245	8.034690221294616e-138	24.0
246	1.6069380442589227e-138	24.0
247	3.2138760885178448e-139	24.0
248	6.427752177035688e-140	24.0
249	1.2855504354071374e-140	24.0
250	2.571100870814274e-141	24.0
251	5.142201741628547e-142	24.0
252	1.0284403483257086e-142	24.0
253	2.056880696651417e-143	24.0
254	4.113761393302833e-144	24.0
255	8.227522786605664e-145	24.0
256	1.6455045573211326e-145	24.0
257	3.2910091146422646e-146	24.0
258	6.582018229284528e-147	24.0
259	1.316403645856906e-147	24.0
260	2.6328072917138115e-148	24.0
261	5.265614583427622e-149	24.0
262	1.0531229166855242e-149	24.0
263	2.106245833371048e-150	24.0
264	4.212491666742095e-151	24.0
265	8.424983333484187e-152	24.0
266	1.684996666696837e-152	24.0
267	3.369993333393673e-153	24.0
268	6.739986666787345e-154	24.0
269	1.3479973333574686e-154	24.0
270	2.6959946667149366e-155	24.0
271	5.391989333429875e-156	24.0
272	1.0783978666859748e-156	24.0
273	2.1567957333719492e-157	24.0
274	4.3135914667438974e-158	24.0
275	8.627182933487793e-159	24.0
276	1.725436586697558e-159	24.0
277	3.4508731733951154e-160	24.0
278	6.901746346790229e-161	24.0
279	1.3803492693580456e-161	24.0
280	2.760698538716091e-162	24.0
281	5.5213970774321806e-163	24.0
282	0	24
283	0	24
284	0	24
285	0	24
286	0	24
287	0	24
288	0	24
289	0	24
290	0	24
291	0	24
292	0	24
293	0	24
294	0	24
295	0	24
296	0	24
297	0	24
298	0	24
299	0	24
300	0	24
301	0	24
302	0	24
303	0	24
304	0	24
305	0	24
306	0	24
307	0	24
308	0	24
309	0	24
310	0	24
311	0	24
312	0	24
313	0	24
314	0	24
315	0	24
316	0	24
317	0	24
318	0	24
319	0	24
320	0	24
321	0	24
322	0	24
323	0	24
324	0	24
325	0	24
326	0	24
327	0	24
328	0	24
329	0	24
330	0	24
331	0	24
332	0	24
333	0	24
334	0	24
335	0	24
336	0	24
337	0	24
338	0	24
339	0	24
340	0	24
341	0	24
342	0	24
343	0	24
344	0	24
345	0	24
346	0	24
347	0	24
348	0	24
349	0	24
350	0	24
351	0	24
352	0	24
353	0	24
354	0	24
355	0	24
356	0	24
357	0	24
358	0	24
359	0	24
360	0	24
361	0	24
362	0	24
363	0	24
364	0	24
365	0	24
366	0	24
367	0	24
368	0	24
369	0	24
370	0	24
371	0	24
372	0	24
373	0	24
374	0	24
375	0	24
376	0	24
377	0	24
378	0	24
379	0	24
380	0	24
381	0	24
382	0	24
383	0	24
384	0	24
385	0	24
386	0	24
387	0	24
388	0	24
389	0	24
390	0	24
391	0	24
392	0	24
393	0	24
394	0	24
395	0	24
396	0	24
397	0	24
398	0	24
399	0	24
400	0	24
401	0	24
402	0	24
403	0	24
404	0	24
405	0	24
406	0	24
407	0	24
408	0	24
409	0	24
410	0	24
411	0	24
412	0	24
413	0	24
414	0	24
415	0	24
416	0	24
417	0	24
418	0	24
419	0	24
420	0	24
421	0	24
422	0	24
423	0	24
424	0	24
425	0	24
426	0	24
427	0	24
428	0	24
429	0	24
430	0	24
431	0	24
432	0	24
433	0	24
434	0	24
435	0	24
436	0	24
437	0	24
438	0	24
439	0	24
440	0	24
441	0	24
442	0	24
443	0	24
444	0	24
445	0	24
446	0	24
447	0	24
448	0	24
449	0	24
450	0	24
451	0	24
452	0	24
453	0	24
454	0	24
455	0	24
456	0	24
457	0	24
458	0	24
459	0	24
460	0	24
461	0	24
462	0	24
463	0	24
464	0	24
465	0	24
466	0	24
467	0	24
468	0	24
469	0	24
470	0	24
471	0	24
472	0	24
473	0	24
474	0	24
475	0	24
476	0	24
477	0	24
478	0	24
479	0	24
480	0	24
481	0	24
482	0	24
483	0	24
484	0	24
485	0	24
486	0	24
487	0	24
488	0	24
489	0	24
490	0	24
491	0	24
492	0	24
493	0	24
494	0	24
495	0	24
496	0	24
497	0	24
498	0	24
499	0	24
500	0	24
501	0	24
502	0	24
503	0	24
504	0	24
505	0	24
506	0	24
507	0	24
508	0	24
509	0	24
510	0	24
511	0	24
512	0	24
513	0	24
514	0	24
515	0	24
516	0	24
517	0	24
518	0	24
519	0	24
520	0	24
521	0	24
522	0	24
523	0	24
524	0	24
525	0	24
526	0	24
527	0	24
528	0	24
529	0	24
530	0	24
531	0	24
532	0	24
533	0	24
534	0	24
535	0	24
536	0	24
537	0	24
538	0	24
539	0	24
540	0	24
541	0	24
542	0	24
543	0	24
544	0	24
545	0	24
546	0	24
547	0	24
548	0	24
549	0	24
550	0	24
551	0	24
552	0	24
553	0	24
554	0	24
555	0	24
556	0	24
557	0	24
558	0	24
559	0	24
560	0	24
561	0	24
562	0	24
563	0	24
564	0	24
565	0	24
566	0	24
567	0	24
568	0	24
569	0	24
570	0	24
571	0	24
572	0	24
573	0	24
574	0	24
575	0	24
576	0	24
577	0	24
578	0	24
579	0	24
580	0	24
581	0	24
582	0	24
583	0	24
584	0	24
585	0	24
586	0	24
587	0	24
588	0	24
589	0	24
590	0	24
591	0	24
592	0	24
593	0	24
594	0	24
595	0	24
596	0	24
597	0	24
598	0	24
599	0	24
600	0	24
601	0	24
602	0	24
603	0	24
604	0	24
605	0	24
606	0	24
607	0	24
608	0	24
609	0	24
610	0	24
611	0	24
612	0	24
613	0	24
614	0	24
615	0	24
616	0	24
617	0	24
618	0	24
619	0	24
620	0	24
621	0	24
622	0	24
623	0	24
624	0	24
625	0	24
626	0	24
627	0	24
628	0	24
629	0	24
630	0	24
631	0	24
632	0	24
633	0	24
634	0	24
635	0	24
636	0	24
637	0	24
638	0	24
639	0	24
640	0	24
641	0	24
642	0	24
643	0	24
644	0	24
645	0	24
646	0	24
647	0	24
648	0	24
649	0	24
650	0	24
651	0	24
652	0	24
653	0	24
654	0	24
655	0	24
656	0	24
657	0	24
658	0	24
659	0	24
660	0	24
661	0	24
662	0	24
663	0	24
664	0	24
665	0	24
666	0	24
667	0	24
668	0	24
669	0	24
670	0	24
671	0	24
672	0	24
673	0	24
674	0	24
675	0	24
676	0	24
677	0	24
678	0	24
679	0	24
680	0	24
681	0	24
682	0	24
683	0	24
684	0	24
685	0	24
686	0	24
687	0	24
688	0	24
689	0	24
690	0	24
691	0	24
692	0	24
693	0	24
694	0	24
695	0	24
696	0	24
697	0	24
698	0	24
699	0	24
700	0	24
701	0	24
702	0	24
703	0	24
704	0	24
705	0	24
706	0	24
707	0	24
708	0	24
709	0	24
710	0	24
711	0	24
712	0	24
713	0	24
714	0	24
715	0	24
716	0	24
717	0	24
718	0	24
719	0	24
720	0	24
721	0	24
722	0	24
723	0	24
724	0	24
725	0	24
726	0	24
727	0	24
728	0	24
729	0	24
730	0	24
731	0	24
732	0	24
733	0	24
734	0	24
735	0	24
736	0	24
737	0	24
738	0	24
739	0	24
740	0	24
741	0	24
742	0	24
743	0	24
744	0	24
745	0	24
746	0	24
747	0	24
748	0	24
749	0	24
750	0	24
751	0	24
752	0	24
753	0	24
754	0	24
755	0	24
756	0	24
757	0	24
758	0	24
759	0	24
760	0	24
761	0	24
762	0	24
763	0	24
764	0	24
765	0	24
766	0	24
767	0	24
768	0	24
769	0	24
770	0	24
771	0	24
772	0	24
773	0	24
774	0	24
775	0	24
776	0	24
777	0	24
778	0	24
779	0	24
780	0	24
781	0	24
782	0	24
783	0	24
784	0	24
785	0	24
786	0	24
787	0	24
788	0	24
789	0	24
790	0	24
791	0	24
792	0	24
793	0	24
794	0	24
795	0	24
796	0	24
797	0	24
798	0	24
799	0	24
800	0	24
801	0	24
802	0	24
803	0	24
804	0	24
805	0	24
806	0	24
807	0	24
808	0	24
809	0	24
810	0	24
811	0	24
812	0	24
813	0	24
814	0	24
815	0	24
816	0	24
817	0	24
818	0	24
819	0	24
820	0	24
821	0	24
822	0	24
823	0	24
824	0	24
825	0	24
826	0	24
827	0	24
828	0	24
829	0	24
830	0	24
831	0	24
832	0	24
833	0	24
834	0	24
835	0	24
836	0	24
837	0	24
838	0	24
839	0	24
840	0	24
841	0	24
842	0	24
843	0	24
844	0	24
845	0	24
846	0	24
847	0	24
848	0	24
849	0	24
850	0	24
851	0	24
852	0	24
853	0	24
854	0	24
855	0	24
856	0	24
857	0	24
858	0	24
859	0	24
860	0	24
861	0	24
862	0	24
863	0	24
864	0	24
865	0	24
866	0	24
867	0	24
868	0	24
869	0	24
870	0	24
871	0	24
872	0	24
873	0	24
874	0	24
875	0	24
876	0	24
877	0	24
878	0	24
879	0	24
880	0	24
881	0	24
882	0	24
883	0	24
884	0	24
885	0	24
886	0	24
887	0	24
888	0	24
889	0	24
890	0	24
891	0	24
892	0	24
893	0	24
894	0	24
895	0	24
896	0	24
897	0	24
898	0	24
899	0	24
900	0	24
901	0	24
902	0	24
903	0	24
904	0	24
905	0	24
906	0	24
907	0	24
908	0	24
909	0	24
910	0	24
911	0	24
912	0	24
913	0	24
914	0	24
915	0	24
916	0	24
917	0	24
918	0	24
919	0	24
920	0	24
921	0	24
922	0	24
923	0	24
924	0	24
925	0	24
926	0	24
927	0	24
928	0	24
929	0	24
930	0	24
931	0	24
932	0	24
933	0	24
934	0	24
935	0	24
936	0	24
937	0	24
938	0	24
939	0	24
940	0	24
941	0	24
942	0	24
943	0	24
944	0	24
945	0	24
946	0	24
947	0	24
948	0	24
949	0	24
950	0	24
951	0	24
952	0	24
953	0	24
954	0	24
955	0	24
956	0	24
957	0	24
958	0	24
959	0	24
960	0	24
961	0	24
962	0	24
963	0	24
964	0	24
965	0	24
966	0	24
967	0	24
968	0	24
969	0	24
970	0	24
971	0	24
972	0	24
973	0	24
974	0	24
975	0	24
976	0	24
977	0	24
978	0	24
979	0	24
980	0	24
981	0	24
982	0	24
983	0	24
984	0	24
985	0	24
986	0	24
987	0	24
988	0	24
989	0	24
990	0	24
991	0	24
992	0	24
993	0	24
994	0	24
995	0	24
996	0	24
997	0	24
998	0	24
999	0	24
