EpNum	EpSteps	Reward	ener	dist	NumCovTargets
1	4	18	15579.33051151313	0.0	2	[(333, 0), (666, 0), (333, 333)]
2	18	-7	42736.92204605252	0.0	1	[(333, 333), (666, 666), (333, 333), (666, 333), (333, 666), (666, 666)]
3	18	-18	14385.600000000004	0.0	0	[]
4	18	-7	55062.99153453937	0.0	1	[(0, 333), (333, 333), (666, 666), (666, 333), (333, 333), (666, 0), (333, 0), (0, 0), (333, 333), (333, 0)]
5	18	-7	33827.73051151313	0.0	1	[(333, 0), (0, 0), (333, 0), (666, 333), (333, 333)]
6	18	-7	40887.33051151312	0.0	1	[(0, 333), (333, 666), (0, 666), (0, 333), (0, 0), (0, 333), (0, 0)]
7	18	-7	58592.79153453936	0.0	1	[(0, 333), (333, 0), (666, 333), (666, 666), (333, 666), (0, 666), (0, 333), (333, 666), (666, 666), (333, 666), (666, 666)]
8	18	-7	51476.73051151312	0.0	1	[(0, 333), (0, 666), (333, 666), (0, 666), (333, 333), (333, 666), (666, 666), (333, 666), (666, 666), (666, 333)]
9	18	-7	42680.46102302624	0.0	1	[(0, 333), (0, 666), (333, 666), (0, 666), (333, 333), (666, 666), (666, 333)]
10	18	-7	35620.86102302626	0.0	1	[(0, 333), (333, 666), (0, 666), (0, 333), (333, 666)]
11	18	-7	39150.661023026245	0.0	1	[(0, 333), (333, 666), (0, 666), (0, 333), (333, 666), (666, 666)]
12	18	-7	33827.73051151313	0.0	1	[(0, 333), (333, 666), (0, 666), (0, 333), (0, 0)]
13	18	-18	33827.73051151313	0.0	0	[(0, 333), (333, 666), (0, 666), (0, 333), (0, 0)]
14	18	-7	39150.661023026245	0.0	1	[(0, 333), (333, 666), (0, 666), (0, 333), (333, 666), (666, 666)]
15	18	-18	42680.46102302623	0.0	0	[(0, 333), (333, 666), (666, 333), (666, 666), (333, 666), (666, 666), (333, 666)]
16	18	-7	39150.661023026245	0.0	1	[(0, 333), (333, 666), (0, 666), (0, 333), (333, 666), (666, 666)]
17	18	-18	33827.73051151313	0.0	0	[(0, 333), (333, 666), (0, 666), (0, 333), (0, 0)]
18	18	-7	47946.930511513114	0.0	1	[(333, 0), (333, 333), (333, 666), (0, 666), (333, 333), (666, 333), (666, 666), (333, 666), (666, 666)]
19	18	-7	33827.73051151313	0.0	1	[(0, 333), (333, 666), (0, 666), (0, 333), (0, 0)]
20	18	-7	39150.661023026245	0.0	1	[(0, 333), (333, 666), (0, 666), (0, 333), (333, 666), (666, 666)]
21	18	-7	39150.661023026245	0.0	1	[(0, 333), (333, 666), (0, 666), (0, 333), (333, 666), (666, 666)]
22	18	-7	39150.661023026245	0.0	1	[(0, 333), (333, 666), (0, 666), (0, 333), (333, 666), (666, 666)]
23	18	-7	33827.73051151313	0.0	1	[(0, 333), (333, 666), (0, 666), (0, 333), (0, 0)]
24	18	-7	53269.86102302624	0.0	1	[(0, 333), (333, 666), (666, 333), (333, 333), (666, 333), (333, 333), (666, 333), (666, 666), (333, 666), (666, 666)]
25	15	7	31430.130511513136	0.0	2	[(0, 333), (333, 666), (0, 666), (0, 333), (0, 0)]
26	18	4	33827.73051151313	0.0	2	[(0, 333), (333, 666), (0, 666), (0, 333), (0, 0)]
27	18	-7	33827.73051151313	0.0	1	[(0, 333), (333, 666), (0, 666), (0, 333), (0, 0)]
28	18	-18	21445.20000000001	0.0	0	[(0, 333), (0, 0)]
29	16	6	37552.26102302625	0.0	2	[(0, 333), (333, 666), (0, 666), (0, 333), (333, 666), (666, 666)]
30	18	-7	35564.399999999994	0.0	1	[(0, 333), (0, 666), (333, 666), (0, 666), (0, 333), (0, 0)]
31	18	-18	33827.73051151313	0.0	0	[(0, 333), (333, 666), (0, 666), (0, 333), (0, 0)]
32	18	-7	39150.661023026245	0.0	1	[(0, 333), (333, 666), (0, 666), (0, 333), (333, 666), (666, 666)]
33	18	-7	39150.661023026245	0.0	1	[(0, 333), (333, 666), (0, 666), (0, 333), (333, 666), (666, 666)]
34	18	-18	33827.73051151313	0.0	0	[(0, 333), (333, 666), (0, 666), (0, 333), (0, 0)]
35	18	-7	39150.661023026245	0.0	1	[(0, 333), (333, 666), (0, 666), (0, 333), (333, 666), (666, 666)]
36	18	-18	33827.73051151313	0.0	0	[(0, 333), (333, 666), (0, 666), (0, 333), (0, 0)]
37	18	-7	33827.73051151313	0.0	1	[(0, 333), (333, 666), (0, 666), (0, 333), (0, 0)]
38	18	-7	39150.661023026245	0.0	1	[(0, 333), (333, 666), (0, 666), (0, 333), (333, 666), (666, 666)]
39	18	-7	33827.73051151313	0.0	1	[(0, 333), (333, 666), (0, 666), (0, 333), (0, 0)]
40	18	-7	40887.330511513115	0.0	1	[(0, 333), (333, 333), (333, 666), (0, 666), (0, 333), (333, 666), (666, 666)]
41	16	6	37552.26102302625	0.0	2	[(0, 333), (333, 666), (0, 666), (0, 333), (333, 666), (666, 666)]
42	18	-7	33827.73051151313	0.0	1	[(0, 333), (333, 666), (0, 666), (0, 333), (0, 0)]
43	18	-7	39150.661023026245	0.0	1	[(0, 333), (333, 666), (0, 666), (0, 333), (333, 666), (666, 666)]
44	18	-7	39150.661023026245	0.0	1	[(0, 333), (333, 666), (0, 666), (0, 333), (333, 666), (666, 666)]
45	18	-7	39150.661023026245	0.0	1	[(0, 333), (333, 666), (0, 666), (0, 333), (333, 666), (666, 666)]
46	18	-18	33827.73051151313	0.0	0	[(0, 333), (333, 666), (0, 666), (0, 333), (0, 0)]
47	18	-7	39150.661023026245	0.0	1	[(0, 333), (333, 666), (0, 666), (0, 333), (333, 666), (666, 666)]
48	18	-18	33827.73051151313	0.0	0	[(0, 333), (333, 666), (0, 666), (0, 333), (0, 0)]
49	18	-7	39150.661023026245	0.0	1	[(0, 333), (333, 666), (0, 666), (0, 333), (333, 666), (666, 666)]
50	15	7	31430.130511513136	0.0	2	[(0, 333), (333, 666), (0, 666), (0, 333), (0, 0)]
51	18	-7	39150.661023026245	0.0	1	[(0, 333), (333, 666), (0, 666), (0, 333), (333, 666), (666, 666)]
52	18	-7	33827.73051151313	0.0	1	[(0, 333), (333, 666), (0, 666), (0, 333), (0, 0)]
53	18	-7	39150.661023026245	0.0	1	[(0, 333), (333, 666), (0, 666), (0, 333), (333, 666), (666, 666)]
54	18	-18	33827.73051151314	0.0	0	[(0, 333), (333, 666), (0, 666), (333, 666), (333, 333)]
55	18	-7	39150.661023026245	0.0	1	[(0, 333), (333, 666), (0, 666), (0, 333), (333, 666), (666, 666)]
56	18	4	33827.73051151313	0.0	2	[(0, 333), (333, 666), (0, 666), (0, 333), (0, 0)]
57	18	-7	39150.661023026245	0.0	1	[(0, 333), (333, 666), (0, 666), (0, 333), (333, 666), (666, 666)]
58	18	-7	23238.330511513133	0.0	1	[(333, 333), (333, 0)]
59	18	-7	14385.600000000004	0.0	1	[]
60	18	-18	14385.600000000004	0.0	0	[]
61	18	-7	14385.600000000004	0.0	1	[]
62	18	-7	14385.600000000004	0.0	1	[]
63	18	-7	14385.600000000004	0.0	1	[]
64	18	-7	14385.600000000004	0.0	1	[]
65	18	4	32091.061023026265	0.0	2	[(333, 333), (333, 666), (333, 333), (0, 0)]
66	15	7	11988.000000000002	0.0	2	[]
67	15	7	11988.000000000002	0.0	2	[]
68	18	-7	14385.600000000004	0.0	1	[]
69	18	-7	14385.600000000004	0.0	1	[]
70	18	-18	14385.600000000004	0.0	0	[]
71	18	-7	14385.600000000004	0.0	1	[]
72	18	-7	14385.600000000004	0.0	1	[]
73	18	-7	14385.600000000004	0.0	1	[]
74	18	-7	14385.600000000004	0.0	1	[]
75	18	-7	25031.46102302626	0.0	1	[(333, 333), (666, 666)]
76	18	-7	51589.65255756561	0.0	1	[(333, 0), (0, 333), (333, 0), (666, 0), (333, 333), (0, 666), (0, 333), (333, 666)]
77	5	17	16378.530511513127	0.0	2	[(333, 0), (333, 333), (666, 0)]
78	18	-7	17915.40000000001	0.0	1	[(333, 0)]
79	18	-18	40887.33051151311	0.0	0	[(333, 0), (333, 333), (333, 666), (333, 333), (333, 0), (666, 333), (666, 0)]
80	13	9	13919.400000000005	0.0	2	[(333, 0)]
81	18	-18	23238.330511513137	0.0	0	[(0, 333), (333, 0)]
82	18	4	26768.130511513136	0.0	2	[(333, 0), (0, 333), (0, 0)]
83	10	11	22167.661023026263	0.0	2	[(333, 0), (0, 333), (333, 0)]
84	18	-7	14385.600000000004	0.0	1	[]
85	5	17	27024.391534539387	0.0	2	[(333, 0), (0, 333), (333, 0), (666, 0), (333, 333)]
86	18	-7	42736.9220460525	0.0	1	[(333, 0), (666, 0), (333, 333), (0, 666), (333, 333), (666, 666)]
87	18	-7	24975.00000000001	0.0	1	[(333, 0), (666, 0), (666, 333)]
88	18	-7	21445.20000000001	0.0	1	[(333, 0), (666, 0)]
89	4	18	15579.33051151313	0.0	2	[(333, 0), (666, 0), (333, 333)]
90	7	15	17976.930511513132	0.0	2	[(333, 0), (666, 0), (333, 333)]
91	7	15	17976.930511513132	0.0	2	[(333, 0), (666, 0), (333, 333)]
92	18	-7	42736.922046052496	0.0	1	[(333, 0), (666, 0), (333, 333), (0, 666), (333, 333), (666, 0)]
93	7	15	17976.930511513132	0.0	2	[(333, 0), (666, 0), (333, 333)]
94	5	17	16378.53051151313	0.0	2	[(333, 0), (666, 0), (333, 333)]
95	4	18	15579.33051151313	0.0	2	[(333, 0), (666, 0), (333, 333)]
96	4	18	15579.33051151313	0.0	2	[(333, 0), (666, 0), (333, 333)]
97	5	17	16378.53051151313	0.0	2	[(333, 0), (666, 0), (333, 333)]
98	5	17	16378.53051151313	0.0	2	[(333, 0), (666, 0), (333, 333)]
99	5	17	16378.53051151313	0.0	2	[(333, 0), (666, 0), (333, 333)]
100	5	17	16378.53051151313	0.0	2	[(333, 0), (666, 0), (333, 333)]
101	5	17	16378.53051151313	0.0	2	[(333, 0), (666, 0), (333, 333)]
102	12	10	59233.44409210501	0.0	2	[(333, 0), (666, 0), (333, 333), (0, 666), (333, 333), (0, 666), (333, 333), (666, 0), (333, 333), (666, 0)]
103	5	17	27024.391534539387	0.0	2	[(333, 0), (666, 0), (333, 333), (0, 666), (333, 333)]
104	5	17	27024.391534539387	0.0	2	[(333, 0), (666, 0), (333, 333), (0, 666), (333, 333)]
105	5	17	27024.391534539387	0.0	2	[(333, 0), (666, 0), (333, 333), (0, 666), (333, 333)]
106	8	14	45390.78306907877	0.0	2	[(333, 0), (666, 0), (333, 333), (0, 666), (333, 333), (0, 666), (333, 333), (666, 0)]
107	5	17	27024.391534539387	0.0	2	[(333, 0), (666, 0), (333, 333), (0, 666), (333, 333)]
108	5	17	27024.391534539387	0.0	2	[(333, 0), (666, 0), (333, 333), (0, 666), (333, 333)]
109	5	17	27024.391534539387	0.0	2	[(333, 0), (666, 0), (333, 333), (0, 666), (333, 333)]
110	18	-7	53382.78306907874	0.0	1	[(333, 0), (666, 0), (333, 333), (0, 666), (333, 333), (666, 0), (333, 333), (666, 0)]
111	4	18	15579.33051151313	0.0	2	[(333, 0), (666, 0), (333, 333)]
112	4	18	15579.33051151313	0.0	2	[(333, 0), (666, 0), (333, 333)]
113	5	17	16378.53051151313	0.0	2	[(333, 0), (666, 0), (333, 333)]
114	5	17	16378.53051151313	0.0	2	[(333, 0), (666, 0), (333, 333)]
115	4	18	15579.33051151313	0.0	2	[(333, 0), (666, 0), (333, 333)]
116	4	18	15579.33051151313	0.0	2	[(333, 0), (666, 0), (333, 333)]
117	4	18	15579.33051151313	0.0	2	[(333, 0), (666, 0), (333, 333)]
118	3	19	12987.0	0.0	2	[(333, 0), (666, 0), (666, 333)]
119	4	18	15579.33051151313	0.0	2	[(333, 0), (666, 0), (333, 333)]
120	4	18	15579.33051151313	0.0	2	[(333, 0), (666, 0), (333, 333)]
121	4	18	15579.33051151313	0.0	2	[(333, 0), (666, 0), (333, 333)]
122	9	13	46189.983069078764	0.0	2	[(333, 0), (666, 0), (333, 333), (0, 666), (333, 333), (0, 666), (333, 333), (666, 0)]
123	5	17	27024.391534539387	0.0	2	[(333, 0), (666, 0), (333, 333), (0, 666), (333, 333)]
124	5	17	27024.391534539387	0.0	2	[(333, 0), (666, 0), (333, 333), (0, 666), (333, 333)]
125	6	16	27823.591534539388	0.0	2	[(333, 0), (666, 0), (333, 333), (0, 666), (333, 333)]
126	8	14	40067.85255756564	0.0	2	[(333, 0), (666, 0), (333, 333), (0, 666), (333, 333), (666, 0), (333, 333)]
127	4	18	15579.33051151313	0.0	2	[(333, 0), (666, 0), (333, 333)]
128	4	18	15579.33051151313	0.0	2	[(333, 0), (666, 0), (333, 333)]
129	4	18	15579.33051151313	0.0	2	[(333, 0), (666, 0), (333, 333)]
130	4	18	15579.33051151313	0.0	2	[(333, 0), (666, 0), (333, 333)]
131	4	18	15579.33051151313	0.0	2	[(333, 0), (666, 0), (333, 333)]
132	18	-7	53382.78306907874	0.0	1	[(333, 0), (666, 0), (333, 333), (0, 666), (333, 333), (666, 0), (333, 333), (666, 0)]
133	6	16	27823.591534539388	0.0	2	[(333, 0), (666, 0), (333, 333), (0, 666), (333, 333)]
134	4	18	15579.33051151313	0.0	2	[(333, 0), (666, 0), (333, 333)]
135	4	18	15579.33051151313	0.0	2	[(333, 0), (666, 0), (333, 333)]
