EpNum	EpSteps	Reward	ener	dist	NumCovTargets
1	39	171	107257.11358059183	0.0	20	[(333, 333), (666, 333), (666, 0), (333, 333), (0, 0), (0, 333), (0, 666), (333, 666), (333, 333), (0, 666), (333, 666), (0, 333), (0, 0), (333, 0), (666, 333), (333, 0), (0, 0), (0, 333)]
2	56	157	166787.37460361814	0.0	20	[(0, 333), (333, 0), (666, 0), (333, 0), (666, 0), (666, 333), (333, 333), (666, 333), (333, 0), (666, 0), (333, 0), (0, 0), (0, 333), (333, 0), (666, 0), (666, 333), (333, 666), (666, 666), (666, 333), (333, 0), (0, 333), (0, 666), (333, 333), (666, 333), (333, 666), (0, 666), (0, 333), (333, 0), (666, 0), (666, 333)]
3	58	155	138297.78306907875	0.0	20	[(333, 0), (0, 333), (333, 0), (0, 0), (333, 0), (0, 0), (333, 0), (0, 0), (333, 0), (0, 333), (0, 0), (333, 333), (0, 333), (0, 666), (333, 666), (333, 333), (666, 666), (333, 666), (333, 333), (333, 0), (0, 333), (0, 666), (0, 333)]
4	95	121	254715.27971874957	0.0	20	[(0, 333), (0, 666), (333, 333), (666, 666), (333, 666), (0, 333), (333, 666), (0, 666), (0, 333), (0, 666), (333, 333), (666, 666), (333, 333), (666, 666), (333, 666), (0, 666), (333, 333), (0, 333), (333, 666), (0, 666), (333, 666), (0, 333), (333, 666), (0, 666), (333, 666), (0, 666), (333, 333), (0, 666), (333, 333), (666, 333), (666, 666), (666, 333), (333, 333), (666, 333), (666, 0), (333, 0), (0, 333), (333, 0), (666, 333), (333, 333), (0, 666)]
5	50	160	142606.50511513127	0.0	20	[(333, 0), (666, 333), (333, 333), (0, 333), (333, 666), (0, 333), (333, 0), (666, 0), (666, 333), (333, 333), (0, 0), (333, 333), (666, 333), (666, 0), (333, 333), (666, 333), (666, 666), (333, 666), (0, 666), (333, 666), (666, 333), (333, 0), (666, 0), (333, 333)]
6	57	154	176495.7661381576	0.0	20	[(0, 333), (333, 0), (666, 0), (333, 333), (0, 666), (333, 666), (0, 666), (333, 666), (666, 666), (333, 666), (666, 333), (666, 0), (333, 0), (333, 333), (333, 0), (0, 0), (333, 0), (666, 333), (666, 0), (333, 333), (666, 0), (333, 0), (666, 333), (333, 0), (666, 333), (333, 333), (0, 333), (0, 666), (333, 333), (0, 333), (333, 666)]
7	26	185	79218.51358059188	0.0	20	[(333, 333), (0, 0), (333, 0), (0, 0), (333, 333), (666, 0), (666, 333), (333, 0), (0, 0), (333, 333), (666, 666), (333, 666), (0, 666)]
8	57	159	137498.5830690787	0.0	20	[(0, 333), (0, 0), (333, 333), (0, 333), (0, 666), (0, 333), (0, 0), (333, 333), (333, 0), (0, 0), (0, 333), (0, 666), (333, 333), (666, 333), (333, 333), (0, 333), (333, 666), (666, 333), (333, 333), (333, 0), (666, 0), (333, 333), (0, 333)]
9	36	177	106596.18306907873	0.0	20	[(333, 333), (0, 333), (333, 333), (333, 0), (333, 333), (666, 666), (333, 666), (0, 666), (0, 333), (0, 666), (333, 333), (0, 0), (333, 0), (0, 0), (333, 333), (333, 0), (0, 0), (333, 0), (666, 333)]
10	53	159	182208.15767269686	0.0	20	[(333, 333), (666, 333), (333, 333), (666, 0), (333, 0), (666, 333), (666, 666), (333, 666), (0, 666), (0, 333), (333, 666), (333, 333), (0, 333), (333, 666), (0, 333), (333, 0), (0, 0), (333, 0), (666, 333), (333, 666), (666, 666), (666, 333), (333, 333), (0, 666), (333, 333), (333, 0), (666, 333), (333, 666), (0, 666), (0, 333), (333, 0), (666, 333)]
11	38	175	102871.6525575656	0.0	20	[(333, 0), (666, 0), (333, 0), (333, 333), (0, 0), (333, 0), (0, 0), (333, 333), (333, 0), (0, 333), (0, 0), (333, 333), (0, 333), (333, 0), (0, 0), (0, 333), (333, 333), (333, 666)]
12	36	175	115505.37460361811	0.0	20	[(0, 333), (333, 0), (666, 333), (666, 0), (333, 0), (0, 0), (333, 333), (666, 0), (666, 333), (333, 333), (0, 666), (333, 333), (0, 0), (0, 333), (333, 0), (666, 333), (333, 333), (0, 333), (333, 333), (0, 333)]
13	102	110	198284.10511513148	0.0	20	[(0, 333), (333, 0), (0, 333), (0, 0), (333, 333), (0, 0), (0, 333), (0, 666), (0, 333), (333, 0), (0, 0), (0, 333), (0, 666), (0, 333), (0, 666), (333, 666), (0, 666), (333, 333), (333, 666), (0, 666), (0, 333), (0, 666), (333, 333), (0, 666), (333, 333), (666, 0), (333, 0), (0, 0)]
14	93	124	152094.1220460525	0.0	20	[(0, 333), (0, 666), (0, 333), (0, 666), (333, 666), (666, 333), (666, 666), (333, 666), (0, 333), (0, 666), (333, 666), (0, 666), (333, 666), (0, 333), (0, 666), (0, 333), (0, 0), (333, 333), (0, 333), (0, 0)]
15	180	23	347186.4966496715	0.0	19	[(333, 333), (666, 0), (333, 0), (0, 0), (333, 333), (0, 333), (0, 666), (333, 666), (0, 666), (333, 333), (333, 666), (0, 333), (333, 666), (0, 666), (0, 333), (333, 666), (0, 666), (333, 333), (333, 666), (0, 666), (333, 333), (0, 333), (0, 0), (333, 0), (666, 0), (333, 0), (333, 333), (0, 333), (0, 0), (333, 0), (0, 0), (0, 333), (0, 666), (333, 666), (0, 666), (0, 333), (333, 0), (0, 0), (333, 333), (0, 333), (0, 666), (333, 666), (0, 666), (0, 333), (333, 333), (0, 333), (0, 666), (333, 333), (333, 0), (666, 333), (333, 333)]
16	84	127	145014.24409210496	0.0	20	[(0, 333), (333, 0), (0, 333), (0, 0), (0, 333), (333, 0), (666, 333), (333, 333), (0, 333), (333, 666), (0, 666), (333, 666), (0, 666), (333, 333), (0, 666), (333, 666), (666, 666), (333, 333)]
17	85	128	151023.4525575657	0.0	20	[(0, 333), (0, 666), (333, 666), (333, 333), (666, 666), (333, 333), (0, 0), (333, 0), (333, 333), (333, 666), (666, 666), (333, 333), (666, 333), (333, 0), (0, 0), (0, 333), (0, 666), (333, 666), (0, 666), (333, 666), (666, 666)]
18	94	120	163539.18306907895	0.0	20	[(333, 0), (0, 0), (0, 333), (0, 666), (333, 666), (666, 333), (333, 666), (333, 333), (666, 0), (333, 0), (0, 0), (333, 0), (0, 0), (333, 0), (666, 0), (333, 0), (666, 0), (333, 0), (666, 333), (333, 666), (333, 333), (666, 666)]
19	53	157	109593.1830690787	0.0	20	[(333, 0), (333, 333), (666, 0), (666, 333), (666, 666), (333, 333), (666, 666), (333, 333), (666, 666), (333, 666), (0, 666), (333, 666), (0, 666), (333, 333), (0, 333), (0, 0)]
20	34	177	87348.78306907872	0.0	20	[(333, 0), (333, 333), (0, 333), (333, 666), (0, 666), (333, 333), (0, 333), (333, 666), (666, 333), (666, 0), (333, 333), (0, 0), (333, 0), (666, 0)]
21	56	157	87169.26102302616	0.0	20	[(333, 0), (666, 0), (333, 0), (666, 333), (666, 0), (333, 0), (666, 0), (333, 333), (666, 333), (666, 0), (333, 0)]
22	38	173	97661.64409210497	0.0	20	[(333, 333), (666, 666), (333, 333), (666, 0), (666, 333), (333, 333), (0, 333), (333, 0), (0, 0), (0, 333), (0, 666), (333, 333), (333, 0), (0, 333), (333, 0)]
23	56	156	117257.25255756556	0.0	20	[(333, 0), (666, 0), (333, 0), (666, 0), (333, 333), (0, 333), (333, 666), (666, 333), (333, 333), (0, 0), (0, 333), (0, 666), (0, 333), (0, 0), (0, 333), (0, 0), (333, 333), (333, 0)]
24	150	61	229586.10511513214	0.0	20	[(333, 0), (666, 0), (333, 333), (0, 666), (333, 333), (0, 666), (333, 333), (666, 0), (666, 333), (666, 666), (333, 666), (333, 333), (333, 0), (0, 0), (333, 333), (333, 0), (0, 333), (0, 0), (333, 0), (0, 0), (333, 333), (333, 666), (0, 666), (333, 333), (0, 333), (0, 0)]
25	79	134	142754.9135805918	0.0	20	[(333, 0), (666, 0), (666, 333), (333, 0), (0, 333), (333, 333), (0, 666), (333, 666), (666, 666), (333, 666), (333, 333), (666, 666), (333, 666), (0, 666), (0, 333), (0, 0), (333, 333), (666, 0), (333, 333)]
26	46	168	61471.79999999996	0.0	20	[(333, 0), (666, 0), (666, 333), (666, 666), (666, 333), (333, 333), (333, 0)]
27	180	13	198652.59153454	0.0	18	[(333, 0), (666, 0), (666, 333), (666, 666), (333, 666), (0, 666), (0, 333), (0, 0), (0, 333), (0, 0), (333, 333), (666, 666), (666, 333), (333, 666)]
28	21	187	78639.39153453938	0.0	20	[(333, 0), (666, 0), (666, 333), (333, 666), (666, 666), (333, 666), (0, 666), (333, 666), (0, 666), (333, 666), (0, 333), (333, 333), (666, 333), (333, 333), (0, 0), (333, 0)]
29	18	191	65652.39153453938	0.0	20	[(333, 0), (666, 0), (333, 333), (666, 333), (333, 333), (666, 333), (333, 333), (666, 333), (333, 666), (666, 666), (333, 666), (0, 333), (0, 0)]
30	61	153	94695.06102302615	0.0	20	[(333, 0), (666, 0), (333, 333), (666, 0), (333, 0), (0, 0), (0, 333), (0, 666), (333, 666), (666, 666), (666, 333), (666, 0)]
31	180	22	320515.3830690801	0.0	19	[(333, 0), (666, 0), (666, 333), (666, 666), (333, 666), (0, 333), (333, 333), (0, 0), (333, 0), (666, 333), (333, 0), (333, 333), (0, 0), (333, 0), (333, 333), (0, 333), (333, 333), (0, 333), (333, 333), (0, 333), (333, 333), (0, 333), (333, 333), (0, 333), (333, 333), (0, 333), (333, 333), (666, 666), (333, 666), (0, 666), (333, 666), (0, 666), (333, 666), (0, 666), (333, 666), (666, 666), (333, 666), (666, 666), (333, 666), (0, 666), (333, 666), (666, 666), (666, 333), (666, 666), (333, 666), (666, 666), (333, 666)]
32	44	169	111083.7305115131	0.0	20	[(333, 0), (666, 0), (666, 333), (333, 666), (666, 666), (333, 666), (0, 666), (0, 333), (0, 0), (333, 0), (0, 0), (333, 0), (0, 0), (333, 0), (0, 0), (333, 0), (666, 0), (333, 0), (666, 0), (666, 333), (666, 666)]
33	101	110	202581.9915345397	0.0	20	[(333, 0), (666, 0), (666, 333), (333, 666), (666, 666), (333, 666), (666, 666), (333, 666), (666, 666), (333, 666), (666, 666), (333, 666), (666, 666), (333, 666), (666, 666), (333, 666), (0, 666), (333, 666), (666, 666), (333, 666), (666, 666), (333, 333), (333, 0), (333, 333), (333, 666), (0, 666), (333, 666), (666, 333), (333, 333), (0, 333), (333, 333), (666, 333), (666, 0)]
34	122	90	178744.26102302648	0.0	20	[(333, 0), (666, 0), (666, 333), (666, 666), (666, 333), (666, 666), (666, 333), (666, 0), (333, 0), (0, 0), (0, 333), (0, 666), (333, 666), (666, 666), (333, 333), (0, 666), (0, 333), (0, 666), (333, 666), (666, 666), (333, 666), (0, 666)]
35	45	164	99556.86102302618	0.0	20	[(333, 0), (333, 333), (666, 333), (666, 666), (333, 666), (666, 666), (333, 666), (666, 666), (333, 666), (666, 666), (333, 666), (666, 666), (333, 333), (666, 333), (333, 0), (666, 0), (333, 0)]
36	83	127	119337.06102302606	0.0	20	[(333, 0), (666, 0), (666, 333), (666, 666), (333, 333), (666, 0), (333, 0), (666, 0), (333, 0), (666, 0), (333, 0), (666, 0), (666, 333), (666, 666)]
37	51	157	99085.5915345393	0.0	20	[(333, 0), (333, 333), (333, 666), (666, 666), (333, 333), (666, 0), (333, 0), (666, 0), (333, 0), (666, 0), (333, 0), (666, 0), (333, 0), (666, 333), (333, 333)]
38	34	175	58997.461023026204	0.0	20	[(333, 0), (333, 333), (333, 666), (666, 666), (333, 666), (666, 333), (333, 0), (666, 0)]
39	49	161	102810.12204605243	0.0	20	[(333, 0), (333, 333), (333, 666), (666, 666), (333, 666), (0, 666), (333, 666), (0, 666), (333, 666), (0, 333), (333, 333), (666, 0), (333, 0), (666, 333), (333, 0), (0, 0)]
40	20	186	68987.46102302626	0.0	20	[(333, 0), (333, 333), (333, 666), (666, 666), (333, 666), (666, 666), (333, 666), (0, 333), (333, 333), (666, 333), (333, 333), (666, 333), (333, 333), (0, 0)]
41	49	160	140070.63562664433	0.0	20	[(333, 0), (333, 333), (333, 666), (666, 666), (333, 666), (666, 666), (333, 666), (666, 333), (333, 333), (666, 0), (333, 0), (666, 333), (333, 333), (666, 666), (333, 666), (666, 333), (333, 0), (666, 333), (333, 0), (666, 333), (333, 0), (666, 333), (666, 666)]
42	134	75	227218.9220460531	0.0	20	[(333, 0), (333, 333), (666, 333), (666, 666), (333, 666), (666, 666), (333, 666), (0, 666), (333, 666), (666, 666), (333, 666), (666, 666), (333, 666), (666, 666), (333, 666), (666, 666), (333, 666), (0, 333), (333, 333), (333, 666), (666, 333), (666, 666), (666, 333), (333, 0), (0, 0), (333, 0), (333, 333), (333, 666), (666, 333), (666, 666), (666, 333), (666, 0)]
43	57	153	91554.7220460524	0.0	20	[(333, 0), (333, 333), (333, 666), (666, 666), (333, 333), (666, 333), (333, 333), (666, 0), (666, 333), (333, 0), (666, 333)]
44	32	178	76841.19153453934	0.0	20	[(0, 333), (333, 0), (333, 333), (333, 666), (666, 666), (333, 666), (666, 666), (333, 666), (666, 333), (333, 333), (666, 0), (333, 0), (666, 0)]
45	29	179	42618.9305115131	0.0	20	[(0, 333), (333, 333), (666, 333), (333, 0), (666, 0)]
46	29	181	55001.461023026204	0.0	20	[(0, 333), (333, 333), (333, 666), (666, 666), (333, 333), (666, 333), (333, 0), (666, 0)]
47	33	179	61728.061023026195	0.0	20	[(0, 333), (333, 333), (333, 666), (666, 666), (333, 333), (666, 333), (333, 0), (666, 0), (666, 333)]
48	37	173	70247.79153453931	0.0	20	[(0, 333), (333, 333), (333, 666), (666, 666), (333, 333), (666, 333), (333, 0), (666, 0), (333, 0), (666, 333)]
49	180	18	253449.18306907968	0.0	19	[(0, 333), (333, 333), (333, 666), (666, 666), (333, 333), (666, 333), (333, 0), (666, 0), (333, 0), (666, 333), (333, 333), (666, 666), (333, 666), (333, 333), (333, 0), (666, 333), (666, 0), (666, 333), (666, 666), (666, 333), (666, 0), (333, 333), (333, 0), (666, 0), (333, 0), (0, 0), (0, 333), (0, 666)]
50	87	126	193412.16613815783	0.0	20	[(0, 333), (0, 666), (333, 666), (666, 666), (333, 333), (666, 0), (333, 0), (666, 0), (333, 0), (666, 0), (333, 0), (666, 0), (333, 0), (0, 0), (333, 333), (666, 666), (333, 333), (666, 666), (333, 333), (666, 666), (333, 333), (666, 333), (333, 333), (666, 666), (333, 666), (0, 666), (333, 333), (333, 0), (666, 333)]
51	24	184	81149.91358059186	0.0	20	[(0, 333), (0, 666), (333, 666), (666, 666), (333, 333), (666, 333), (333, 0), (666, 333), (333, 0), (666, 333), (333, 0), (666, 333), (333, 333), (0, 333)]
52	21	189	48607.86102302623	0.0	20	[(0, 333), (0, 666), (333, 666), (666, 666), (333, 333), (666, 333), (333, 0), (666, 0)]
53	105	107	170480.79153453946	0.0	20	[(0, 333), (0, 666), (333, 666), (666, 666), (333, 333), (666, 333), (333, 0), (666, 0), (666, 333), (666, 666), (666, 333), (666, 0), (666, 333), (666, 666), (666, 333), (666, 0), (666, 333), (666, 666), (666, 333), (666, 0), (666, 333), (333, 0), (0, 0)]
54	44	165	100607.25255756556	0.0	20	[(0, 333), (0, 666), (333, 666), (0, 333), (333, 333), (666, 333), (333, 0), (666, 0), (333, 0), (666, 333), (333, 666), (333, 333), (333, 0), (666, 0), (333, 333), (333, 0)]
55	61	149	184846.11358059206	0.0	20	[(0, 333), (333, 333), (666, 333), (333, 0), (666, 0), (333, 0), (666, 0), (333, 0), (666, 0), (333, 0), (666, 0), (333, 0), (666, 0), (333, 0), (666, 0), (333, 0), (666, 0), (333, 0), (666, 333), (333, 333), (666, 666), (333, 666), (0, 666), (333, 666), (666, 666), (333, 333), (666, 333), (333, 333), (666, 333), (333, 0), (666, 0), (333, 0), (0, 0), (333, 333), (0, 0)]
56	46	165	100356.06102302621	0.0	20	[(0, 333), (333, 333), (666, 333), (333, 0), (666, 0), (333, 0), (666, 0), (333, 0), (666, 0), (333, 0), (666, 0), (333, 0), (666, 0), (333, 0), (0, 0), (333, 333), (0, 333)]
57	33	177	77583.9305115131	0.0	20	[(0, 333), (333, 333), (666, 333), (333, 0), (666, 0), (333, 0), (666, 0), (333, 0), (666, 0), (333, 0), (666, 0), (333, 0), (666, 0), (333, 0)]
58	51	160	93762.66102302617	0.0	20	[(0, 333), (333, 333), (666, 333), (333, 0), (666, 0), (333, 0), (666, 0), (333, 0), (666, 0), (333, 0), (0, 0), (333, 333), (0, 333), (0, 0)]
59	45	166	96027.06102302618	0.0	20	[(0, 333), (333, 333), (666, 333), (333, 0), (666, 0), (333, 0), (0, 0), (333, 0), (0, 0), (333, 0), (0, 0), (333, 0), (0, 0), (333, 333), (333, 0), (0, 0)]
60	180	20	348810.2440921064	0.0	19	[(0, 333), (333, 333), (666, 333), (333, 0), (666, 0), (333, 0), (666, 0), (333, 0), (666, 0), (333, 0), (666, 0), (333, 0), (666, 0), (333, 0), (666, 0), (333, 0), (666, 0), (333, 0), (666, 0), (333, 0), (666, 0), (333, 0), (0, 0), (333, 0), (0, 0), (333, 333), (0, 333), (333, 666), (0, 666), (0, 333), (333, 666), (0, 666), (333, 333), (666, 0), (333, 0), (333, 333), (333, 666), (666, 666), (333, 666), (666, 666), (333, 666), (0, 666), (333, 333), (333, 0), (0, 0), (0, 333), (0, 666), (0, 333), (0, 0), (333, 0), (666, 0), (666, 333), (666, 666), (333, 333)]
61	45	165	140121.33051151322	0.0	20	[(0, 333), (333, 333), (666, 333), (333, 0), (666, 0), (333, 0), (666, 0), (333, 0), (0, 0), (333, 0), (0, 0), (333, 0), (0, 0), (333, 0), (0, 0), (333, 0), (666, 0), (333, 0), (666, 0), (333, 0), (666, 0), (333, 0), (666, 0), (333, 0), (666, 0), (333, 0), (666, 0), (333, 0), (0, 0)]
62	62	149	90171.33051151299	0.0	20	[(0, 333), (333, 333), (666, 333), (333, 0), (666, 0), (333, 0), (666, 0), (333, 0), (0, 0), (333, 0), (0, 0)]
63	54	159	131571.1830690787	0.0	20	[(0, 333), (333, 333), (666, 0), (666, 333), (666, 666), (333, 333), (0, 333), (333, 333), (666, 0), (333, 0), (666, 333), (333, 333), (333, 0), (666, 0), (333, 0), (666, 0), (333, 0), (666, 0), (333, 0), (666, 333), (333, 333), (666, 666)]
64	96	115	225200.6440921051	0.0	20	[(0, 333), (333, 333), (666, 333), (333, 0), (666, 0), (333, 0), (0, 0), (333, 0), (0, 0), (333, 0), (0, 0), (333, 333), (666, 333), (333, 333), (0, 333), (0, 0), (333, 333), (0, 0), (333, 333), (666, 333), (333, 333), (666, 333), (333, 333), (666, 333), (333, 333), (666, 333), (333, 333), (0, 333), (0, 0), (333, 333), (333, 0), (666, 0), (666, 333), (666, 666), (333, 666), (0, 666), (333, 333), (666, 0)]
65	87	122	180803.79153453943	0.0	20	[(0, 333), (333, 333), (666, 333), (333, 0), (666, 0), (333, 0), (0, 0), (333, 0), (0, 0), (333, 0), (666, 0), (333, 0), (666, 0), (333, 0), (666, 0), (333, 0), (666, 0), (333, 0), (666, 0), (333, 0), (666, 0), (333, 0), (666, 333), (333, 333), (333, 0), (666, 0), (333, 0), (0, 0), (333, 333), (0, 333)]
66	100	110	231927.24409210525	0.0	20	[(0, 333), (333, 333), (666, 333), (333, 0), (666, 0), (333, 0), (666, 0), (333, 0), (0, 0), (333, 0), (666, 0), (333, 0), (666, 0), (333, 0), (666, 0), (333, 0), (666, 0), (333, 0), (666, 333), (333, 333), (666, 666), (333, 666), (0, 666), (333, 666), (666, 666), (333, 666), (666, 666), (333, 666), (666, 666), (333, 666), (666, 666), (333, 666), (666, 333), (666, 666), (333, 333), (0, 0), (333, 333), (333, 0), (0, 333)]
67	40	171	86764.5915345393	0.0	20	[(0, 333), (333, 333), (666, 333), (333, 0), (666, 0), (333, 0), (0, 0), (333, 0), (0, 0), (0, 333), (333, 0), (0, 0), (0, 333), (333, 0)]
68	76	133	166915.50511513124	0.0	20	[(0, 333), (333, 333), (666, 333), (333, 0), (666, 0), (333, 0), (0, 0), (333, 0), (0, 0), (333, 333), (666, 666), (333, 666), (0, 666), (0, 333), (0, 666), (0, 333), (333, 666), (666, 333), (333, 333), (666, 666), (333, 666), (0, 333), (333, 666), (0, 333), (333, 0)]
69	23	187	44883.330511513086	0.0	20	[(0, 333), (333, 333), (666, 333), (333, 0), (666, 0), (333, 0), (0, 0)]
70	39	172	71789.73051151306	0.0	20	[(0, 333), (333, 333), (666, 333), (333, 0), (666, 0), (333, 0), (0, 0), (333, 0), (666, 0), (333, 0), (0, 0)]
71	69	142	138236.2525575655	0.0	20	[(0, 333), (333, 333), (666, 333), (333, 0), (666, 0), (333, 0), (0, 0), (333, 0), (0, 0), (333, 0), (0, 0), (333, 333), (666, 333), (333, 0), (666, 0), (333, 0), (666, 333), (333, 333), (0, 333), (333, 666), (666, 666)]
72	138	73	237531.78306907954	0.0	20	[(0, 333), (333, 333), (666, 333), (333, 0), (666, 0), (333, 0), (0, 0), (333, 0), (0, 0), (333, 0), (0, 0), (333, 0), (0, 0), (333, 0), (0, 0), (333, 0), (0, 0), (333, 0), (666, 0), (333, 0), (666, 0), (666, 333), (333, 0), (0, 0), (333, 0), (0, 0), (333, 333), (666, 666), (333, 333), (666, 333), (333, 333), (0, 333), (333, 0)]
73	25	186	71246.79153453934	0.0	20	[(0, 333), (333, 333), (666, 333), (333, 0), (666, 0), (333, 0), (0, 0), (333, 0), (0, 0), (333, 0), (666, 333), (333, 333), (0, 0)]
74	73	138	141489.51358059183	0.0	20	[(0, 333), (333, 333), (666, 333), (333, 0), (666, 0), (333, 0), (0, 0), (333, 333), (0, 333), (333, 0), (0, 0), (333, 333), (0, 333), (333, 666), (0, 666), (333, 666), (0, 666), (333, 666), (0, 333), (333, 0)]
75	77	133	142949.6440921049	0.0	20	[(0, 333), (333, 333), (666, 333), (333, 0), (666, 0), (333, 0), (0, 0), (333, 333), (0, 333), (333, 0), (666, 0), (333, 333), (0, 666), (0, 333), (333, 0), (0, 333), (333, 333), (666, 333), (333, 0)]
76	36	175	87154.05255756556	0.0	20	[(0, 333), (333, 333), (666, 333), (333, 0), (666, 0), (333, 0), (0, 0), (333, 333), (666, 0), (333, 0), (0, 0), (333, 333), (666, 666), (333, 666)]
77	100	110	191249.852557566	0.0	20	[(0, 333), (333, 333), (666, 333), (333, 0), (666, 0), (333, 0), (0, 0), (0, 333), (333, 0), (666, 0), (333, 0), (666, 0), (333, 0), (666, 0), (333, 0), (666, 0), (666, 333), (666, 666), (333, 666), (666, 666), (333, 333), (666, 333), (666, 666), (666, 333), (666, 0), (333, 333), (333, 666), (0, 333), (0, 0)]
78	60	150	102748.59153453926	0.0	20	[(0, 333), (333, 333), (666, 333), (333, 0), (666, 0), (333, 0), (0, 0), (333, 333), (0, 333), (333, 0), (0, 0), (333, 0), (666, 0), (333, 0)]
79	30	179	59330.4610230262	0.0	20	[(0, 333), (333, 333), (666, 333), (333, 0), (666, 0), (333, 0), (0, 0), (333, 333), (0, 333)]
80	71	139	157427.19153453942	0.0	20	[(0, 333), (333, 333), (666, 333), (333, 0), (666, 0), (333, 0), (0, 0), (333, 333), (0, 333), (333, 333), (0, 333), (333, 333), (0, 333), (333, 333), (0, 333), (333, 333), (0, 333), (333, 666), (0, 666), (333, 666), (666, 666), (333, 666), (0, 666), (333, 666), (666, 666), (666, 333), (666, 0)]
81	15	194	54402.06102302625	0.0	20	[(0, 333), (333, 333), (0, 0), (333, 0), (666, 0), (333, 0), (0, 0), (0, 333), (333, 333), (0, 333), (333, 0)]
82	102	107	153963.9915345395	0.0	20	[(0, 333), (333, 333), (666, 333), (333, 0), (666, 0), (333, 0), (0, 0), (333, 333), (0, 333), (333, 333), (666, 333), (333, 0), (666, 0), (666, 333), (666, 0), (333, 0), (0, 0), (333, 0), (666, 0)]
83	65	146	83772.6610230261	0.0	20	[(0, 333), (333, 333), (666, 333), (333, 0), (666, 0), (333, 0), (0, 0), (333, 333)]
84	44	166	88168.26102302616	0.0	20	[(0, 333), (333, 333), (666, 333), (333, 0), (0, 0), (333, 0), (0, 0), (333, 0), (0, 0), (333, 0), (0, 0), (333, 333), (0, 333), (0, 0)]
85	66	144	109336.92204605236	0.0	20	[(0, 333), (333, 333), (666, 333), (333, 0), (666, 0), (333, 0), (0, 0), (333, 333), (0, 333), (0, 666), (333, 666), (666, 666), (333, 333), (666, 666)]
86	85	124	177525.18306907918	0.0	20	[(0, 333), (333, 333), (666, 333), (333, 0), (666, 0), (333, 0), (0, 0), (333, 0), (0, 0), (333, 0), (0, 0), (333, 0), (0, 0), (333, 333), (0, 333), (0, 0), (333, 0), (666, 0), (666, 333), (666, 666), (666, 333), (666, 0), (333, 0), (666, 333), (333, 333), (666, 666), (333, 333), (0, 0)]
87	67	144	147170.7915345394	0.0	20	[(0, 333), (333, 333), (666, 333), (333, 0), (0, 0), (333, 333), (0, 333), (333, 333), (0, 333), (333, 333), (0, 333), (333, 333), (666, 333), (333, 333), (666, 333), (333, 333), (666, 333), (333, 333), (666, 0), (666, 333), (666, 666), (333, 666), (0, 666), (0, 333), (0, 0)]
88	41	169	101739.45255756557	0.0	20	[(0, 333), (333, 333), (666, 333), (333, 0), (666, 0), (333, 0), (0, 0), (333, 333), (0, 333), (333, 0), (666, 333), (333, 333), (0, 333), (333, 0), (666, 0), (666, 333), (666, 666)]
89	11	197	52998.39153453938	0.0	20	[(0, 333), (333, 333), (666, 333), (333, 0), (666, 0), (333, 0), (0, 0), (333, 333), (0, 333), (333, 666), (0, 666)]
90	85	126	150910.53051151315	0.0	20	[(0, 333), (333, 333), (666, 333), (333, 0), (0, 0), (333, 0), (0, 0), (333, 0), (0, 0), (333, 0), (0, 0), (333, 0), (0, 0), (333, 0), (666, 0), (333, 0), (666, 0), (333, 0), (666, 0), (333, 0), (666, 0), (333, 0), (0, 0)]
91	27	183	85171.26102302622	0.0	20	[(0, 333), (333, 333), (666, 333), (333, 0), (0, 0), (333, 0), (0, 0), (333, 0), (0, 0), (333, 0), (0, 0), (333, 0), (0, 0), (333, 0), (666, 0), (333, 0), (666, 333)]
92	11	197	52998.39153453938	0.0	20	[(0, 333), (333, 333), (666, 333), (333, 0), (666, 0), (333, 0), (0, 0), (333, 333), (0, 333), (333, 666), (0, 666)]
93	11	197	52998.39153453938	0.0	20	[(0, 333), (333, 333), (666, 333), (333, 0), (666, 0), (333, 0), (0, 0), (333, 333), (0, 333), (333, 666), (0, 666)]
94	24	186	107538.72204605251	0.0	20	[(0, 333), (333, 333), (666, 333), (333, 0), (666, 0), (333, 0), (0, 0), (333, 333), (0, 333), (333, 0), (0, 0), (333, 333), (0, 333), (333, 333), (0, 333), (333, 333), (0, 333), (333, 333), (0, 333), (333, 333), (666, 333), (333, 333), (666, 333)]
95	21	189	92815.05255756562	0.0	20	[(0, 333), (333, 333), (666, 333), (333, 0), (666, 0), (333, 0), (0, 0), (333, 333), (0, 333), (333, 666), (0, 666), (333, 666), (0, 666), (333, 666), (0, 333), (333, 333), (666, 333), (333, 0), (666, 0)]
96	11	199	52998.39153453938	0.0	20	[(0, 333), (333, 333), (666, 333), (333, 0), (666, 0), (333, 0), (0, 0), (333, 333), (0, 333), (333, 666), (0, 666)]
97	64	147	155475.51358059177	0.0	20	[(0, 333), (333, 333), (666, 333), (333, 0), (0, 0), (333, 0), (0, 0), (333, 0), (666, 0), (333, 0), (0, 0), (333, 333), (0, 333), (333, 666), (0, 666), (0, 333), (0, 0), (333, 333), (0, 333), (333, 666), (0, 666), (0, 333), (0, 0), (333, 333), (333, 0), (666, 333)]
98	84	126	150224.25255756578	0.0	20	[(0, 333), (333, 333), (666, 333), (333, 0), (666, 0), (333, 0), (0, 0), (333, 333), (0, 333), (333, 666), (0, 666), (333, 666), (0, 666), (333, 666), (666, 333), (333, 333), (0, 333), (333, 666), (0, 666), (0, 333), (0, 0)]
99	29	182	102681.99153453935	0.0	20	[(0, 333), (333, 333), (666, 333), (333, 0), (666, 0), (333, 0), (0, 0), (333, 0), (0, 0), (333, 333), (0, 333), (333, 333), (0, 333), (333, 333), (666, 333), (333, 333), (666, 0), (666, 333), (666, 666), (666, 333), (666, 0)]
100	50	160	117728.52204605241	0.0	20	[(0, 333), (333, 333), (666, 333), (333, 0), (666, 0), (333, 0), (0, 0), (333, 333), (0, 333), (333, 666), (0, 666), (333, 666), (0, 666), (333, 666), (0, 666), (333, 666), (0, 666), (0, 333), (333, 666), (0, 666)]
101	11	199	52998.39153453938	0.0	20	[(0, 333), (333, 333), (666, 333), (333, 0), (666, 0), (333, 0), (0, 0), (333, 333), (0, 333), (333, 666), (0, 666)]
102	11	198	52998.39153453938	0.0	20	[(0, 333), (333, 333), (666, 333), (333, 0), (666, 0), (333, 0), (0, 0), (333, 333), (0, 333), (333, 666), (0, 666)]
103	101	107	178042.7746036182	0.0	20	[(0, 333), (333, 333), (666, 333), (333, 0), (666, 0), (333, 0), (0, 0), (333, 333), (0, 333), (333, 666), (0, 666), (0, 333), (333, 0), (666, 333), (333, 333), (0, 333), (333, 0), (333, 333), (666, 0), (333, 0), (0, 0), (333, 333), (666, 666)]
104	71	138	132775.0525575655	0.0	20	[(0, 333), (333, 333), (666, 333), (333, 0), (666, 0), (333, 0), (0, 0), (333, 333), (0, 333), (333, 666), (0, 666), (0, 333), (0, 0), (0, 333), (0, 666), (0, 333), (0, 0), (333, 333), (666, 666)]
105	11	199	49468.59153453938	0.0	20	[(0, 333), (333, 333), (666, 333), (333, 0), (666, 0), (333, 0), (0, 0), (333, 333), (0, 333), (333, 666)]
106	11	197	52998.39153453938	0.0	20	[(0, 333), (333, 333), (666, 333), (333, 0), (666, 0), (333, 0), (0, 0), (333, 333), (0, 333), (333, 666), (0, 666)]
107	82	127	145039.59153453945	0.0	20	[(0, 333), (333, 333), (666, 333), (333, 0), (666, 0), (333, 0), (0, 0), (333, 333), (0, 333), (333, 666), (0, 666), (333, 666), (0, 666), (333, 666), (0, 666), (333, 666), (0, 666), (333, 666), (0, 666), (333, 666), (0, 666)]
108	71	139	120392.52204605236	0.0	20	[(0, 333), (333, 333), (666, 333), (333, 0), (666, 0), (333, 0), (0, 0), (333, 333), (0, 333), (333, 666), (0, 666), (0, 333), (0, 0), (333, 333), (0, 333), (0, 0)]
109	14	195	67778.5220460525	0.0	20	[(0, 333), (333, 333), (0, 0), (333, 0), (666, 0), (333, 0), (0, 0), (333, 333), (0, 333), (333, 666), (0, 666), (333, 666), (0, 333), (333, 333)]
110	31	181	104280.39153453936	0.0	20	[(0, 333), (333, 333), (0, 0), (333, 0), (666, 0), (333, 0), (0, 0), (333, 333), (0, 333), (333, 333), (0, 333), (333, 666), (0, 666), (333, 666), (0, 666), (333, 666), (0, 666), (0, 333), (333, 333), (0, 333), (0, 0)]
111	90	122	163928.644092105	0.0	20	[(0, 333), (333, 333), (0, 0), (333, 0), (666, 333), (333, 0), (666, 333), (333, 0), (666, 333), (333, 333), (0, 333), (333, 666), (0, 666), (0, 333), (0, 0), (333, 0), (0, 0), (333, 0), (666, 0), (333, 0), (666, 333), (666, 0)]
112	47	165	138302.85255756573	0.0	20	[(0, 333), (333, 333), (0, 0), (333, 0), (666, 0), (333, 0), (0, 0), (333, 333), (0, 333), (333, 333), (666, 333), (333, 333), (0, 333), (333, 666), (0, 666), (333, 666), (666, 666), (333, 666), (666, 666), (333, 666), (666, 666), (333, 666), (666, 666), (333, 333), (666, 333), (333, 0)]
113	19	191	84100.59153453939	0.0	20	[(0, 333), (333, 333), (0, 0), (333, 0), (666, 0), (333, 0), (0, 0), (333, 0), (0, 0), (333, 333), (0, 333), (333, 666), (0, 666), (333, 666), (0, 666), (333, 666), (0, 666), (333, 666)]
114	80	129	154143.51358059188	0.0	20	[(0, 333), (333, 333), (0, 0), (333, 0), (666, 333), (333, 0), (666, 0), (333, 0), (0, 0), (0, 333), (333, 666), (0, 666), (333, 666), (666, 666), (666, 333), (666, 0), (333, 0), (0, 333), (333, 666), (666, 333), (666, 0), (333, 0)]
115	114	96	188262.99153453947	0.0	20	[(333, 0), (333, 333), (333, 666), (0, 333), (333, 333), (0, 0), (333, 0), (666, 0), (333, 0), (666, 0), (333, 0), (666, 0), (333, 0), (666, 0), (333, 0), (0, 0), (333, 0), (0, 0), (333, 0), (333, 333), (333, 666), (666, 666), (333, 666), (0, 666), (333, 333), (333, 0)]
116	94	114	151156.6525575657	0.0	20	[(333, 0), (333, 333), (333, 666), (0, 333), (333, 333), (0, 0), (333, 0), (666, 0), (333, 0), (333, 333), (333, 666), (333, 333), (333, 0), (0, 0), (0, 333), (333, 666), (0, 666), (333, 333), (666, 0)]
117	129	79	226922.10511513177	0.0	20	[(333, 0), (333, 333), (333, 666), (0, 333), (333, 333), (0, 0), (333, 0), (666, 0), (333, 0), (666, 0), (333, 0), (666, 0), (333, 0), (666, 0), (333, 0), (666, 0), (333, 0), (666, 333), (666, 0), (666, 333), (666, 0), (333, 333), (0, 666), (333, 333), (333, 0), (0, 0), (333, 333), (666, 666), (333, 333), (0, 0)]
118	36	176	129511.6525575656	0.0	20	[(333, 0), (333, 333), (333, 666), (0, 333), (333, 333), (0, 0), (333, 0), (666, 0), (333, 0), (0, 0), (333, 333), (0, 333), (333, 333), (0, 333), (333, 333), (666, 0), (333, 0), (0, 0), (333, 0), (0, 0), (333, 0), (0, 0), (333, 0), (0, 0), (333, 333), (0, 333)]
119	33	175	104142.12204605246	0.0	20	[(333, 0), (333, 333), (333, 666), (0, 333), (333, 333), (666, 333), (333, 333), (0, 333), (333, 666), (0, 666), (333, 666), (0, 666), (333, 666), (0, 666), (333, 333), (666, 0), (666, 333), (666, 666), (666, 333), (666, 0)]
120	68	144	156879.1830690791	0.0	20	[(333, 0), (333, 333), (333, 666), (0, 333), (333, 333), (0, 0), (333, 0), (666, 0), (333, 0), (0, 0), (333, 333), (0, 333), (333, 666), (0, 666), (333, 666), (0, 666), (333, 666), (0, 666), (0, 333), (0, 0), (333, 333), (0, 333), (0, 0), (333, 333), (0, 333), (0, 0)]
121	12	196	57327.39153453938	0.0	20	[(333, 0), (333, 333), (333, 666), (0, 333), (333, 333), (666, 333), (333, 0), (666, 0), (333, 0), (0, 0), (333, 333), (0, 333)]
122	50	160	133640.8525575656	0.0	20	[(333, 0), (333, 333), (333, 666), (0, 333), (333, 666), (0, 333), (333, 333), (666, 333), (333, 333), (0, 333), (333, 333), (0, 333), (333, 333), (0, 333), (333, 333), (0, 333), (333, 333), (0, 333), (333, 333), (333, 666), (0, 666), (333, 333), (666, 0), (333, 0)]
123	36	173	99480.12204605245	0.0	20	[(333, 0), (333, 333), (333, 666), (0, 333), (333, 333), (666, 333), (333, 0), (666, 0), (333, 0), (0, 0), (333, 333), (0, 333), (333, 666), (0, 666), (0, 333), (333, 333), (0, 333), (0, 0)]
124	11	196	52998.39153453938	0.0	20	[(333, 0), (333, 333), (333, 666), (0, 333), (333, 333), (666, 333), (333, 0), (666, 0), (333, 0), (0, 0), (333, 333)]
125	32	177	94546.6525575656	0.0	20	[(333, 0), (333, 333), (333, 666), (0, 333), (333, 666), (0, 333), (333, 333), (666, 333), (333, 333), (0, 333), (333, 333), (666, 333), (666, 666), (333, 333), (666, 333), (333, 0), (666, 0)]
126	44	166	123635.64409210495	0.0	20	[(333, 0), (333, 333), (0, 0), (333, 333), (0, 0), (333, 0), (666, 333), (333, 333), (0, 333), (333, 666), (0, 333), (333, 333), (666, 333), (666, 666), (333, 333), (666, 333), (666, 666), (333, 333), (333, 666), (333, 333), (333, 0)]
127	51	158	127323.9915345393	0.0	20	[(333, 0), (333, 333), (333, 666), (0, 333), (333, 333), (666, 333), (333, 333), (666, 333), (333, 333), (666, 333), (333, 333), (666, 333), (333, 333), (666, 333), (333, 333), (666, 333), (333, 333), (666, 333), (333, 0), (333, 333), (333, 666), (0, 333), (0, 0)]
128	93	117	146884.11358059174	0.0	20	[(333, 0), (333, 333), (333, 666), (666, 666), (333, 333), (0, 0), (333, 0), (666, 0), (666, 333), (333, 0), (666, 0), (333, 333), (666, 666), (333, 666), (0, 666), (333, 333), (666, 0)]
129	95	116	212244.75767269742	0.0	20	[(333, 0), (333, 333), (333, 666), (0, 666), (333, 666), (666, 666), (333, 333), (666, 333), (333, 333), (0, 0), (333, 333), (0, 0), (333, 333), (0, 0), (333, 333), (0, 0), (333, 333), (0, 333), (0, 0), (333, 333), (0, 333), (333, 666), (0, 666), (0, 333), (333, 0), (0, 333), (0, 666), (333, 333), (666, 0), (333, 0), (666, 0)]
130	11	196	51205.26102302625	0.0	20	[(333, 0), (333, 333), (333, 666), (0, 333), (333, 333), (666, 333), (333, 333), (666, 333), (333, 333), (666, 333), (333, 0)]
131	32	179	83900.79153453934	0.0	20	[(333, 0), (333, 333), (333, 666), (0, 333), (0, 666), (333, 666), (0, 333), (333, 333), (666, 333), (333, 0), (666, 0), (333, 0), (666, 0), (666, 333), (666, 0)]
132	35	173	98680.92204605245	0.0	20	[(333, 0), (333, 333), (333, 666), (0, 333), (333, 333), (666, 333), (333, 333), (0, 333), (333, 666), (0, 666), (333, 666), (0, 666), (333, 666), (666, 666), (333, 333), (666, 333), (333, 0), (666, 0)]
133	32	177	89223.72204605245	0.0	20	[(333, 0), (333, 333), (333, 0), (666, 333), (333, 333), (0, 333), (333, 666), (0, 666), (333, 666), (666, 666), (333, 666), (666, 666), (333, 333), (666, 333), (333, 0), (666, 0)]
134	12	196	53854.052557565636	0.0	20	[(333, 0), (333, 333), (333, 666), (0, 333), (333, 666), (666, 666), (333, 333), (666, 333), (333, 0), (0, 333)]
135	18	189	76298.25255756563	0.0	20	[(333, 0), (333, 333), (333, 666), (0, 333), (333, 333), (0, 666), (333, 666), (666, 666), (333, 333), (666, 333), (333, 333), (666, 333), (666, 666), (333, 333), (0, 0)]
136	8	197	38218.26102302626	0.0	20	[(333, 0), (333, 333), (333, 666), (0, 333), (333, 333), (666, 333), (333, 0), (666, 0)]
137	39	167	112580.04409210496	0.0	20	[(333, 0), (333, 333), (333, 666), (0, 333), (333, 333), (666, 333), (333, 0), (666, 0), (333, 0), (666, 0), (333, 333), (0, 0), (333, 333), (0, 0), (333, 333), (0, 333), (333, 666), (0, 666), (0, 333)]
138	40	168	92031.06102302618	0.0	20	[(333, 0), (333, 333), (333, 666), (0, 333), (333, 333), (666, 333), (333, 333), (666, 333), (333, 333), (666, 333), (333, 333), (666, 333), (333, 333), (666, 333), (333, 0), (666, 0)]
139	43	166	110340.99153453932	0.0	20	[(333, 0), (333, 333), (333, 666), (0, 666), (333, 666), (666, 666), (333, 666), (0, 666), (333, 666), (0, 333), (333, 333), (666, 333), (333, 0), (666, 0), (666, 333), (666, 666), (666, 333), (666, 0), (333, 0), (0, 333)]
140	118	92	200312.52204605268	0.0	20	[(333, 0), (333, 333), (333, 666), (0, 666), (333, 666), (666, 666), (333, 666), (666, 666), (333, 666), (0, 666), (333, 666), (666, 666), (666, 333), (666, 0), (333, 0), (333, 333), (333, 666), (333, 333), (333, 666), (333, 333), (0, 333), (0, 0), (333, 0), (666, 0), (333, 333), (0, 666), (333, 333), (666, 0)]
141	23	183	78444.66102302624	0.0	20	[(333, 0), (333, 333), (333, 666), (666, 666), (333, 333), (666, 333), (333, 0), (666, 0), (333, 0), (666, 0), (333, 0), (666, 0), (333, 0), (666, 0), (333, 0), (0, 0)]
142	147	64	244611.6610230267	0.0	20	[(333, 0), (333, 333), (333, 666), (0, 333), (333, 333), (666, 333), (333, 333), (666, 333), (333, 333), (666, 333), (333, 333), (666, 333), (333, 333), (0, 0), (333, 0), (333, 333), (0, 333), (0, 666), (333, 666), (666, 666), (333, 666), (0, 666), (333, 666), (666, 666), (333, 666), (666, 666), (333, 666), (0, 666), (333, 666), (0, 666), (333, 666), (666, 666), (666, 333), (666, 0), (333, 0)]
143	43	168	94428.66102302617	0.0	20	[(333, 0), (333, 333), (333, 666), (0, 333), (333, 333), (666, 333), (333, 333), (666, 333), (333, 333), (666, 333), (333, 333), (666, 333), (333, 333), (0, 0), (333, 0), (666, 0)]
144	71	140	111539.79153453922	0.0	20	[(333, 0), (333, 333), (333, 666), (666, 666), (333, 333), (666, 333), (333, 0), (666, 0), (333, 0), (666, 0), (333, 0), (666, 0), (333, 0), (0, 333)]
145	40	168	77911.86102302618	0.0	20	[(333, 0), (333, 333), (333, 666), (666, 666), (333, 333), (666, 333), (333, 333), (666, 333), (333, 333), (666, 333), (333, 0), (666, 0)]
146	40	168	100940.25255756557	0.0	20	[(333, 0), (333, 333), (666, 333), (333, 333), (0, 333), (333, 666), (666, 666), (333, 333), (666, 333), (333, 0), (0, 0), (333, 333), (0, 333), (333, 666), (0, 666), (0, 333), (0, 0)]
147	89	120	168339.4525575656	0.0	20	[(333, 0), (333, 333), (666, 333), (333, 333), (0, 333), (333, 666), (0, 666), (333, 666), (0, 666), (333, 666), (666, 666), (666, 333), (666, 0), (333, 0), (666, 0), (333, 0), (666, 0), (333, 0), (0, 333), (333, 0), (0, 0), (333, 0), (666, 0), (333, 333), (0, 666)]
148	54	154	98009.85255756552	0.0	20	[(333, 0), (333, 333), (666, 666), (333, 333), (666, 333), (333, 333), (0, 333), (333, 666), (0, 666), (333, 666), (0, 666), (333, 333), (0, 0)]
149	18	190	53269.861023026235	0.0	20	[(333, 0), (333, 333), (333, 666), (666, 666), (333, 333), (666, 333), (333, 0), (666, 0), (333, 0), (0, 0)]
150	51	158	99085.59153453927	0.0	20	[(333, 0), (333, 333), (666, 666), (333, 333), (666, 333), (333, 333), (666, 333), (333, 333), (666, 333), (333, 333), (666, 333), (333, 0), (0, 0), (333, 0), (0, 0)]
151	25	184	76569.72204605247	0.0	20	[(333, 0), (333, 333), (333, 666), (0, 333), (333, 333), (666, 333), (333, 333), (0, 333), (333, 666), (666, 666), (333, 333), (666, 333), (333, 0), (0, 0)]
152	22	186	68849.19153453936	0.0	20	[(333, 0), (333, 333), (333, 666), (666, 666), (333, 333), (666, 333), (333, 0), (666, 0), (333, 0), (666, 0), (666, 333), (333, 0), (333, 333)]
153	12	196	57327.39153453938	0.0	20	[(333, 0), (333, 333), (333, 666), (666, 666), (333, 333), (666, 333), (333, 0), (666, 0), (333, 0), (0, 0), (333, 333), (0, 333)]
154	78	132	118870.86102302608	0.0	20	[(333, 0), (333, 333), (333, 666), (666, 666), (333, 333), (666, 333), (333, 0), (666, 0), (333, 0), (666, 0), (333, 0), (666, 0), (333, 0), (0, 0), (0, 333)]
155	98	111	170209.32204605255	0.0	20	[(333, 0), (333, 333), (333, 666), (666, 666), (333, 333), (666, 333), (333, 0), (666, 0), (333, 0), (0, 0), (333, 333), (0, 333), (333, 666), (0, 666), (0, 333), (0, 0), (0, 333), (0, 666), (0, 333), (0, 0), (0, 333), (0, 666), (0, 333), (0, 0)]
156	42	168	83096.52204605241	0.0	20	[(333, 0), (333, 333), (333, 666), (666, 666), (333, 333), (666, 333), (333, 0), (333, 333), (0, 0), (333, 333), (333, 666), (0, 666)]
157	63	146	128061.66102302614	0.0	20	[(333, 0), (333, 333), (333, 666), (0, 333), (333, 333), (666, 333), (333, 0), (666, 0), (666, 333), (666, 666), (666, 333), (666, 0), (333, 0), (333, 333), (333, 666), (0, 666), (0, 333), (0, 0), (333, 0), (666, 0), (666, 333)]
158	9	198	42547.26102302626	0.0	20	[(333, 0), (333, 333), (333, 666), (666, 666), (333, 333), (666, 333), (333, 0), (666, 0), (333, 0)]
159	13	196	52803.66102302625	0.0	20	[(333, 0), (333, 333), (333, 666), (666, 666), (333, 333), (666, 333), (333, 0), (666, 0), (333, 0), (666, 0), (666, 333)]
160	25	182	81892.65255756561	0.0	20	[(333, 0), (333, 333), (333, 666), (666, 666), (333, 333), (666, 333), (333, 0), (666, 0), (666, 333), (333, 0), (666, 0), (666, 333), (666, 666), (333, 333), (666, 0)]
161	37	173	105658.71358059184	0.0	20	[(333, 0), (333, 333), (666, 333), (333, 0), (666, 0), (333, 0), (0, 0), (333, 333), (0, 333), (333, 666), (0, 666), (333, 333), (0, 333), (333, 666), (0, 666), (333, 333), (666, 0), (333, 0)]
162	42	168	118507.44409210495	0.0	20	[(333, 0), (333, 333), (333, 666), (666, 666), (333, 333), (666, 333), (333, 0), (666, 0), (333, 0), (666, 0), (666, 333), (333, 0), (0, 333), (333, 666), (333, 333), (333, 0), (0, 333), (333, 666), (666, 333), (666, 0)]
163	43	166	99751.5915345393	0.0	20	[(333, 0), (333, 333), (666, 333), (333, 333), (0, 333), (333, 333), (666, 333), (333, 0), (666, 0), (333, 0), (0, 0), (333, 333), (0, 333), (333, 666), (0, 666), (0, 333), (0, 0)]
164	37	171	112661.8525575656	0.0	20	[(333, 0), (333, 333), (333, 666), (666, 666), (333, 333), (666, 333), (333, 0), (666, 0), (333, 0), (666, 0), (333, 0), (666, 0), (666, 333), (666, 666), (333, 333), (666, 333), (666, 666), (333, 333), (666, 0), (333, 0), (0, 0)]
165	12	196	57327.39153453938	0.0	20	[(333, 0), (333, 333), (333, 666), (0, 333), (333, 333), (666, 333), (333, 0), (666, 0), (333, 0), (0, 0), (333, 333), (0, 333)]
166	8	199	38218.26102302626	0.0	20	[(333, 0), (333, 333), (333, 666), (0, 333), (333, 333), (666, 333), (333, 0), (666, 0)]
167	73	136	162781.2356266445	0.0	20	[(333, 0), (333, 333), (666, 333), (333, 0), (666, 0), (333, 0), (0, 0), (333, 333), (0, 0), (333, 333), (0, 333), (333, 666), (0, 666), (333, 333), (666, 0), (333, 333), (666, 0), (333, 0), (666, 0), (333, 0), (0, 0), (333, 333), (0, 333), (333, 0)]
168	37	171	91483.05255756558	0.0	20	[(333, 0), (333, 333), (666, 333), (333, 0), (666, 0), (333, 0), (0, 0), (333, 333), (0, 333), (333, 666), (0, 666), (333, 333), (0, 333), (333, 0), (0, 0)]
169	12	195	57327.39153453938	0.0	20	[(333, 0), (333, 333), (333, 666), (666, 666), (333, 333), (666, 333), (333, 0), (666, 0), (333, 0), (0, 0), (333, 333), (0, 333)]
170	26	181	66723.06102302622	0.0	20	[(333, 0), (333, 333), (333, 666), (666, 666), (333, 333), (666, 333), (333, 0), (666, 0), (333, 0), (666, 0), (333, 0), (666, 0)]
171	66	143	164077.0525575658	0.0	20	[(333, 0), (333, 333), (666, 333), (333, 333), (666, 333), (333, 333), (666, 333), (333, 333), (666, 333), (333, 333), (0, 333), (333, 666), (0, 666), (333, 666), (666, 333), (666, 666), (666, 333), (333, 0), (666, 0), (666, 333), (333, 0), (333, 333), (333, 666), (0, 333), (0, 666), (333, 666), (666, 666), (333, 666), (666, 666)]
172	24	187	91739.31358059186	0.0	20	[(333, 0), (333, 333), (0, 0), (333, 333), (333, 666), (666, 666), (333, 333), (666, 333), (333, 0), (666, 0), (666, 333), (666, 666), (333, 333), (333, 666), (666, 333), (666, 666), (333, 333)]
173	21	188	69843.1220460525	0.0	20	[(333, 0), (333, 333), (333, 666), (666, 666), (333, 333), (666, 333), (333, 0), (666, 0), (333, 0), (0, 0), (333, 333), (0, 333), (333, 666)]
174	13	195	63449.52204605251	0.0	20	[(333, 0), (333, 333), (333, 666), (0, 333), (333, 333), (666, 333), (333, 0), (666, 0), (333, 0), (0, 0), (333, 333), (0, 333), (333, 666)]
175	33	177	113107.7746036181	0.0	20	[(333, 0), (333, 333), (666, 333), (333, 0), (666, 333), (333, 0), (666, 333), (333, 0), (666, 333), (333, 333), (0, 333), (333, 666), (0, 666), (0, 333), (0, 0), (333, 333), (0, 333), (0, 0), (333, 333), (0, 333)]
176	53	157	109593.18306907866	0.0	20	[(333, 0), (333, 333), (666, 333), (333, 0), (666, 0), (333, 0), (0, 0), (333, 333), (0, 333), (333, 666), (0, 666), (333, 333), (666, 0), (333, 0), (0, 333), (0, 0)]
177	16	192	80022.78306907877	0.0	20	[(333, 0), (333, 333), (666, 333), (333, 0), (666, 0), (333, 0), (0, 0), (333, 333), (0, 333), (333, 666), (0, 666), (333, 333), (0, 333), (333, 0), (0, 0), (333, 333)]
178	13	196	63449.52204605251	0.0	20	[(333, 0), (333, 333), (666, 333), (333, 0), (666, 0), (333, 0), (0, 0), (333, 333), (0, 333), (333, 666), (0, 666), (333, 333), (0, 333)]
179	14	195	69571.65255756564	0.0	20	[(333, 0), (333, 333), (666, 333), (333, 0), (666, 0), (333, 0), (0, 0), (333, 333), (0, 333), (333, 666), (0, 666), (333, 333), (0, 333), (333, 0)]
180	51	156	122113.98306907868	0.0	20	[(333, 0), (333, 333), (333, 666), (666, 666), (333, 333), (666, 333), (333, 0), (666, 0), (333, 0), (0, 0), (333, 333), (0, 333), (0, 0), (0, 333), (0, 666), (333, 333), (0, 333), (333, 666), (666, 333), (666, 0)]
181	28	182	94936.11358059186	0.0	20	[(333, 0), (333, 333), (666, 333), (333, 0), (666, 0), (333, 0), (0, 0), (333, 333), (0, 333), (333, 666), (0, 666), (333, 333), (0, 333), (333, 666), (0, 666), (333, 333), (666, 0)]
182	59	151	151535.97460361812	0.0	20	[(333, 0), (333, 333), (333, 666), (666, 666), (333, 333), (666, 333), (333, 0), (0, 0), (333, 333), (0, 333), (333, 666), (0, 666), (333, 333), (0, 333), (333, 666), (666, 333), (666, 666), (333, 666), (666, 666), (333, 666), (0, 666), (333, 333), (0, 333), (333, 0), (666, 0)]
183	47	159	113650.7135805918	0.0	20	[(333, 0), (333, 333), (333, 666), (666, 666), (333, 333), (666, 333), (333, 0), (666, 0), (333, 0), (0, 0), (333, 333), (0, 333), (333, 0), (0, 0), (333, 333), (666, 0), (333, 0), (666, 333)]
184	22	186	70642.32204605248	0.0	20	[(333, 0), (333, 333), (666, 333), (333, 0), (666, 0), (333, 0), (0, 0), (333, 333), (0, 333), (333, 666), (0, 666), (333, 333), (0, 333)]
185	8	197	38218.26102302626	0.0	20	[(333, 0), (333, 333), (333, 666), (666, 666), (333, 333), (666, 333), (333, 0), (666, 0)]
186	29	179	92149.05255756559	0.0	20	[(333, 0), (333, 333), (666, 333), (333, 0), (666, 0), (333, 0), (0, 0), (333, 333), (0, 333), (333, 666), (0, 666), (333, 666), (0, 666), (333, 666), (0, 666), (333, 333), (666, 0)]
187	12	196	59120.52204605251	0.0	20	[(333, 0), (333, 333), (666, 333), (333, 0), (666, 0), (333, 0), (0, 0), (333, 333), (0, 333), (333, 666), (0, 666), (333, 333)]
188	37	171	80837.19153453932	0.0	20	[(333, 0), (333, 333), (666, 333), (333, 0), (666, 0), (333, 0), (0, 0), (333, 333), (0, 333), (333, 666), (0, 666), (0, 333), (0, 0)]
189	12	196	53797.59153453938	0.0	20	[(333, 0), (333, 333), (666, 333), (333, 0), (666, 0), (333, 0), (0, 0), (333, 333), (0, 333), (333, 666), (0, 666)]
190	48	160	96687.9915345393	0.0	20	[(333, 0), (333, 333), (333, 666), (666, 666), (333, 333), (666, 333), (333, 0), (666, 0), (333, 0), (0, 0), (333, 333), (0, 333), (0, 666), (0, 333), (0, 0)]
191	20	189	67250.79153453937	0.0	20	[(333, 0), (333, 333), (333, 666), (0, 333), (333, 333), (666, 333), (333, 0), (666, 0), (333, 0), (0, 0), (333, 333), (0, 333), (0, 0)]
192	29	178	111704.10511513124	0.0	20	[(333, 0), (333, 333), (666, 333), (333, 0), (666, 333), (333, 0), (0, 0), (333, 333), (0, 333), (333, 666), (0, 666), (0, 333), (333, 666), (0, 333), (333, 666), (0, 333), (333, 666), (0, 666), (0, 333), (0, 0)]
193	10	197	46876.26102302626	0.0	20	[(333, 0), (333, 333), (333, 666), (666, 666), (333, 333), (666, 333), (333, 0), (666, 0), (333, 0), (0, 0)]
194	9	198	42547.26102302626	0.0	20	[(333, 0), (333, 333), (333, 666), (666, 666), (333, 333), (666, 333), (333, 0), (666, 0), (333, 0)]
195	8	199	38218.26102302626	0.0	20	[(333, 0), (333, 333), (333, 666), (0, 333), (333, 333), (666, 333), (333, 0), (666, 0)]
196	82	128	138092.91358059182	0.0	20	[(333, 0), (333, 333), (666, 333), (333, 0), (666, 0), (333, 0), (0, 0), (333, 333), (0, 333), (333, 0), (0, 0), (333, 333), (0, 333), (333, 0), (0, 333), (333, 0), (0, 0)]
197	10	199	43346.461023026255	0.0	20	[(333, 0), (333, 333), (333, 666), (0, 333), (333, 333), (666, 333), (333, 0), (666, 0), (333, 0)]
198	82	132	190983.4525575658	0.0	20	[(0, 333), (0, 666), (333, 666), (0, 333), (333, 333), (0, 0), (333, 0), (666, 0), (333, 0), (0, 0), (333, 333), (0, 333), (333, 666), (0, 666), (333, 666), (0, 666), (333, 666), (666, 666), (333, 666), (666, 666), (333, 666), (666, 666), (333, 666), (666, 666), (333, 666), (0, 666), (333, 666), (0, 666), (0, 333), (333, 0), (666, 0), (333, 0), (0, 0)]
199	15	194	70370.85255756564	0.0	20	[(333, 0), (333, 333), (666, 333), (333, 0), (0, 0), (333, 333), (0, 333), (333, 666), (0, 666), (333, 666), (0, 666), (333, 333), (666, 333), (333, 0)]
200	68	142	155086.05255756574	0.0	20	[(333, 0), (333, 333), (333, 666), (666, 666), (333, 333), (666, 333), (333, 0), (666, 0), (333, 0), (0, 0), (333, 333), (666, 0), (333, 0), (666, 0), (333, 0), (666, 0), (333, 0), (0, 0), (333, 0), (666, 0), (333, 0), (666, 333), (333, 333), (666, 333), (666, 0), (333, 0)]
201	40	168	97410.45255756556	0.0	20	[(333, 0), (333, 333), (333, 666), (666, 666), (333, 333), (666, 333), (333, 0), (666, 0), (333, 0), (666, 0), (333, 0), (0, 0), (333, 333), (666, 666), (333, 666), (0, 333)]
202	8	199	38218.26102302626	0.0	20	[(333, 0), (333, 333), (333, 666), (0, 333), (333, 333), (666, 333), (333, 0), (666, 0)]
203	21	186	85698.99153453938	0.0	20	[(333, 0), (333, 333), (333, 666), (0, 333), (333, 333), (666, 333), (333, 0), (666, 0), (333, 0), (0, 0), (333, 333), (0, 333), (0, 666), (333, 666), (0, 666), (333, 666), (0, 666), (333, 666)]
204	24	185	82830.12204605248	0.0	20	[(333, 0), (333, 333), (666, 333), (333, 0), (666, 0), (333, 0), (333, 333), (0, 333), (333, 666), (0, 666), (333, 666), (0, 333), (333, 333), (0, 0), (333, 0), (666, 0)]
205	78	131	164814.72204605248	0.0	20	[(333, 0), (333, 333), (666, 333), (333, 0), (666, 0), (333, 0), (0, 0), (333, 333), (0, 333), (0, 666), (333, 333), (0, 333), (0, 666), (333, 666), (0, 666), (333, 666), (0, 666), (333, 666), (0, 666), (333, 666), (0, 666), (333, 666), (0, 666), (333, 666), (333, 333), (0, 333), (333, 0)]
206	158	53	324394.0881842112	0.0	20	[(0, 333), (333, 333), (666, 333), (333, 333), (0, 333), (333, 333), (0, 333), (333, 666), (0, 666), (333, 666), (0, 666), (333, 666), (0, 666), (333, 666), (0, 666), (333, 666), (0, 333), (333, 333), (666, 333), (333, 0), (333, 333), (333, 666), (0, 666), (333, 333), (333, 666), (0, 666), (333, 333), (0, 333), (333, 0), (0, 0), (333, 0), (333, 333), (333, 666), (0, 666), (333, 666), (0, 666), (333, 333), (666, 0), (333, 333), (0, 666), (333, 333), (666, 0), (333, 333), (666, 0), (333, 333), (0, 666), (0, 333), (0, 0)]
207	14	196	67778.5220460525	0.0	20	[(0, 333), (333, 333), (666, 333), (333, 0), (0, 0), (333, 333), (0, 333), (333, 666), (0, 666), (333, 666), (0, 333), (333, 333), (333, 0), (666, 0)]
208	18	191	70975.32204605249	0.0	20	[(0, 333), (333, 333), (666, 333), (333, 0), (666, 0), (333, 0), (0, 0), (333, 333), (0, 333), (333, 666), (0, 666), (333, 333), (0, 333), (0, 0)]
209	11	199	52998.39153453938	0.0	20	[(0, 333), (333, 333), (666, 333), (333, 0), (666, 0), (333, 0), (0, 0), (333, 333), (0, 333), (333, 666), (0, 666)]
210	30	178	68183.19153453934	0.0	20	[(0, 333), (333, 333), (666, 333), (333, 0), (666, 0), (333, 0), (0, 0), (333, 333), (0, 333), (333, 0), (666, 0)]
211	60	150	129363.2440921049	0.0	20	[(0, 333), (333, 333), (666, 333), (333, 0), (666, 333), (333, 0), (666, 0), (333, 0), (0, 0), (333, 333), (0, 333), (333, 666), (0, 666), (333, 333), (0, 333), (333, 0), (0, 0), (333, 333), (333, 0)]
212	52	159	115853.58306907865	0.0	20	[(0, 333), (333, 333), (666, 333), (333, 0), (666, 0), (333, 0), (0, 0), (333, 333), (0, 333), (333, 666), (0, 666), (333, 333), (0, 333), (0, 0), (0, 333), (333, 0), (0, 0), (333, 333)]
213	27	183	101196.51358059187	0.0	20	[(0, 333), (333, 333), (666, 333), (333, 0), (0, 0), (333, 333), (666, 666), (333, 333), (333, 666), (0, 666), (333, 666), (666, 666), (333, 333), (666, 333), (666, 666), (333, 333), (666, 0), (333, 0), (0, 0)]
214	50	159	84167.19153453928	0.0	20	[(0, 333), (333, 333), (666, 333), (333, 0), (0, 0), (333, 333), (666, 666), (333, 666), (0, 666), (0, 333), (0, 0)]
215	56	155	149025.4525575656	0.0	20	[(0, 333), (333, 333), (666, 333), (333, 0), (666, 333), (333, 333), (0, 333), (333, 666), (0, 666), (333, 333), (0, 333), (333, 0), (666, 0), (333, 0), (666, 0), (333, 0), (666, 0), (333, 0), (666, 0), (333, 0), (666, 0), (333, 0), (666, 0), (666, 333), (666, 666), (333, 666), (0, 666)]
216	40	169	131028.24409210497	0.0	20	[(0, 333), (333, 333), (666, 333), (333, 0), (666, 0), (333, 0), (0, 0), (333, 333), (0, 333), (333, 666), (0, 666), (333, 333), (666, 0), (666, 333), (666, 666), (333, 333), (0, 333), (333, 0), (0, 0), (333, 333), (0, 333), (333, 333), (0, 333), (0, 0)]
217	11	198	52998.39153453938	0.0	20	[(0, 333), (333, 333), (666, 333), (333, 0), (666, 0), (333, 0), (0, 0), (333, 333), (0, 333), (333, 666), (0, 666)]
218	11	198	52998.39153453938	0.0	20	[(0, 333), (333, 333), (666, 333), (333, 0), (666, 0), (333, 0), (0, 0), (333, 333), (0, 333), (333, 666), (0, 666)]
219	31	179	129045.45255756562	0.0	20	[(0, 333), (333, 333), (666, 333), (333, 0), (666, 0), (333, 0), (0, 0), (333, 333), (0, 333), (333, 666), (0, 666), (333, 666), (0, 666), (333, 666), (0, 666), (333, 666), (0, 666), (333, 666), (333, 333), (0, 333), (0, 0), (333, 333), (0, 333), (0, 0), (333, 333), (666, 333), (666, 0)]
220	11	197	52998.39153453938	0.0	20	[(0, 333), (333, 333), (666, 333), (333, 0), (666, 0), (333, 0), (0, 0), (333, 333), (0, 333), (333, 666), (0, 666)]
221	11	198	52998.39153453938	0.0	20	[(0, 333), (333, 333), (666, 333), (333, 0), (666, 0), (333, 0), (0, 0), (333, 333), (0, 333), (333, 666), (0, 666)]
222	79	132	133902.18306907857	0.0	20	[(0, 333), (333, 333), (666, 333), (333, 0), (0, 0), (333, 333), (666, 333), (333, 333), (666, 333), (333, 0), (0, 0), (333, 333), (0, 333), (0, 0), (0, 333), (333, 0), (0, 333)]
223	36	174	95950.32204605246	0.0	20	[(0, 333), (333, 333), (666, 333), (333, 0), (666, 0), (333, 0), (0, 0), (333, 333), (0, 333), (333, 666), (0, 666), (0, 333), (0, 0), (333, 0), (0, 0), (0, 333), (333, 0)]
224	32	176	76841.19153453934	0.0	20	[(0, 333), (333, 333), (666, 333), (333, 0), (666, 0), (333, 0), (0, 0), (333, 333), (0, 333), (333, 666), (0, 666), (0, 333), (0, 0)]
225	24	187	70447.59153453936	0.0	20	[(0, 333), (333, 333), (666, 333), (333, 0), (666, 0), (333, 0), (0, 0), (333, 333), (0, 333), (333, 666), (0, 666), (0, 333), (0, 0)]
226	22	186	56466.66102302622	0.0	20	[(333, 0), (333, 333), (333, 666), (0, 333), (333, 333), (666, 333), (333, 0), (666, 0), (333, 0), (0, 0)]
227	75	136	188975.31358059202	0.0	20	[(0, 333), (333, 333), (666, 333), (333, 0), (666, 0), (333, 0), (0, 0), (333, 333), (0, 333), (333, 666), (0, 666), (0, 333), (333, 666), (666, 666), (333, 666), (666, 666), (333, 666), (666, 666), (333, 666), (666, 666), (333, 666), (0, 666), (333, 666), (0, 666), (333, 666), (0, 666), (333, 333), (0, 333), (333, 0), (0, 333), (0, 666), (0, 333), (0, 0)]
228	33	175	98875.6525575656	0.0	20	[(0, 333), (333, 333), (666, 333), (333, 0), (666, 0), (333, 0), (0, 0), (333, 333), (0, 333), (333, 666), (0, 666), (333, 666), (666, 666), (333, 333), (0, 333), (0, 0), (333, 333), (0, 333)]
229	14	196	64248.722046052506	0.0	20	[(0, 333), (333, 333), (666, 333), (333, 0), (666, 0), (333, 0), (0, 0), (333, 333), (0, 333), (333, 666), (0, 666), (333, 333), (0, 333)]
230	33	177	81170.19153453934	0.0	20	[(0, 333), (333, 333), (666, 333), (333, 0), (666, 0), (333, 0), (0, 0), (333, 333), (0, 333), (333, 666), (0, 666), (0, 333), (0, 0), (333, 0)]
231	93	118	258101.04409210532	0.0	20	[(0, 333), (333, 333), (666, 333), (333, 0), (666, 0), (333, 0), (0, 0), (333, 333), (0, 333), (333, 333), (0, 333), (333, 333), (0, 333), (333, 333), (666, 333), (666, 666), (333, 333), (666, 333), (666, 666), (333, 333), (0, 333), (0, 666), (333, 666), (666, 666), (333, 666), (666, 666), (333, 666), (666, 666), (333, 666), (666, 666), (333, 666), (666, 666), (333, 666), (0, 666), (333, 333), (666, 0), (333, 0), (666, 333), (333, 333), (666, 666), (333, 666), (0, 666), (333, 666), (666, 666), (333, 666), (666, 666), (333, 666), (333, 333)]
232	69	142	170173.8356266444	0.0	20	[(0, 333), (333, 333), (666, 333), (333, 0), (0, 0), (333, 333), (666, 666), (333, 666), (0, 333), (333, 666), (0, 333), (333, 666), (0, 333), (333, 0), (333, 333), (0, 0), (333, 0), (666, 0), (333, 0), (0, 0), (333, 0), (0, 0), (333, 333), (0, 333), (0, 666), (333, 666), (666, 666)]
233	28	181	80703.99153453935	0.0	20	[(333, 0), (333, 333), (333, 666), (0, 333), (333, 333), (666, 333), (333, 0), (666, 0), (333, 0), (0, 0), (333, 333), (0, 333), (0, 0), (333, 0), (666, 0)]
234	8	200	38218.26102302626	0.0	20	[(333, 0), (333, 333), (333, 666), (666, 666), (333, 333), (666, 333), (333, 0), (666, 0)]
235	25	184	65923.86102302623	0.0	20	[(333, 0), (333, 333), (333, 666), (666, 666), (333, 333), (666, 333), (333, 0), (666, 0), (333, 0), (666, 0), (333, 0), (666, 0)]
236	33	177	95289.39153453935	0.0	20	[(333, 0), (333, 333), (333, 666), (0, 333), (333, 333), (666, 333), (333, 0), (666, 0), (333, 0), (0, 0), (333, 333), (0, 333), (0, 0), (0, 333), (0, 0), (333, 0), (666, 0), (666, 333)]
237	28	182	64791.66102302621	0.0	20	[(333, 0), (333, 333), (333, 666), (0, 333), (333, 333), (666, 333), (333, 0), (666, 0), (333, 0), (0, 0), (333, 0)]
238	40	171	63792.661023026165	0.0	20	[(333, 0), (333, 333), (333, 666), (666, 666), (333, 333), (666, 333), (333, 0), (666, 0)]
239	13	195	49273.86102302625	0.0	20	[(333, 0), (333, 333), (333, 666), (0, 333), (333, 333), (666, 333), (333, 0), (666, 0), (333, 0), (0, 0)]
240	32	174	57399.06102302619	0.0	20	[(333, 0), (333, 333), (333, 666), (666, 666), (333, 333), (666, 333), (333, 0), (666, 0)]
241	49	161	92164.26102302616	0.0	20	[(333, 0), (333, 333), (333, 666), (666, 666), (333, 333), (666, 333), (333, 0), (666, 0), (333, 0), (0, 0), (333, 0), (666, 0), (333, 0), (666, 0)]
242	10	196	46876.26102302626	0.0	20	[(333, 0), (333, 333), (333, 666), (0, 333), (333, 333), (666, 333), (333, 0), (666, 0), (333, 0), (0, 0)]
243	8	199	38218.26102302626	0.0	20	[(333, 0), (333, 333), (333, 666), (0, 333), (333, 333), (666, 333), (333, 0), (666, 0)]
244	9	198	42547.26102302626	0.0	20	[(333, 0), (333, 333), (333, 666), (666, 666), (333, 333), (666, 333), (333, 0), (666, 0), (333, 0)]
245	40	169	115059.45255756559	0.0	20	[(333, 0), (333, 333), (333, 666), (0, 333), (333, 333), (666, 333), (333, 0), (666, 0), (333, 0), (0, 0), (333, 333), (0, 333), (333, 333), (666, 333), (333, 0), (666, 0), (666, 333), (333, 0), (666, 0), (666, 333), (666, 666)]
246	16	191	69320.46102302626	0.0	20	[(333, 0), (333, 333), (333, 666), (666, 666), (333, 333), (666, 333), (333, 0), (666, 0), (333, 0), (0, 0), (333, 0), (666, 0), (333, 0), (666, 0), (666, 333)]
247	16	194	74643.39153453938	0.0	20	[(333, 0), (333, 333), (333, 666), (0, 333), (333, 333), (666, 333), (333, 0), (666, 0), (333, 0), (0, 0), (333, 333), (0, 333), (333, 333), (0, 333), (333, 333), (666, 333)]
248	12	197	60913.652557565634	0.0	20	[(333, 0), (333, 333), (333, 666), (0, 333), (333, 333), (666, 666), (333, 333), (666, 333), (333, 0), (0, 0), (333, 333), (0, 333)]
249	36	174	74715.0610230262	0.0	20	[(333, 0), (333, 333), (333, 666), (666, 666), (333, 333), (666, 333), (333, 0), (666, 0), (333, 0), (0, 0), (333, 0), (666, 0)]
250	15	196	70314.39153453938	0.0	20	[(333, 0), (333, 333), (333, 666), (0, 333), (333, 333), (666, 333), (333, 0), (666, 0), (333, 0), (0, 0), (333, 333), (0, 333), (333, 333), (0, 333), (333, 333)]
251	46	164	128650.92204605245	0.0	20	[(0, 333), (333, 333), (666, 333), (333, 0), (666, 0), (333, 0), (0, 0), (333, 333), (0, 333), (333, 666), (0, 666), (333, 666), (0, 666), (333, 666), (0, 666), (333, 666), (666, 666), (333, 666), (666, 666), (333, 666), (0, 666), (333, 333), (666, 333), (666, 0)]
252	74	135	174000.45255756588	0.0	20	[(0, 333), (333, 333), (666, 333), (333, 0), (666, 333), (333, 0), (666, 0), (333, 0), (0, 0), (333, 333), (0, 333), (333, 666), (0, 666), (333, 666), (0, 666), (333, 666), (666, 666), (333, 666), (666, 666), (333, 666), (666, 666), (333, 666), (666, 666), (333, 666), (666, 666), (333, 666), (666, 666), (333, 666), (333, 333), (333, 666)]
253	24	185	84566.79153453937	0.0	20	[(0, 333), (333, 333), (666, 333), (333, 0), (666, 0), (333, 0), (0, 0), (333, 333), (0, 333), (333, 666), (0, 666), (333, 666), (0, 666), (0, 333), (0, 0), (333, 0), (666, 0)]
254	37	173	98655.57460361808	0.0	20	[(0, 333), (333, 333), (666, 333), (333, 0), (0, 0), (333, 333), (666, 666), (333, 333), (0, 333), (333, 666), (0, 333), (333, 666), (0, 333), (333, 0), (666, 0)]
255	66	143	181726.0525575656	0.0	20	[(0, 333), (333, 333), (666, 333), (333, 0), (666, 0), (333, 0), (0, 0), (333, 333), (0, 333), (333, 666), (0, 666), (333, 666), (0, 666), (333, 666), (666, 666), (666, 333), (666, 0), (333, 0), (0, 0), (333, 0), (0, 0), (333, 0), (0, 0), (333, 0), (666, 0), (333, 0), (666, 0), (333, 0), (666, 0), (333, 0), (0, 333), (0, 0), (333, 0), (0, 333)]
256	29	180	69120.6610230262	0.0	20	[(333, 0), (333, 333), (333, 666), (666, 666), (333, 333), (666, 333), (333, 0), (666, 0), (333, 0), (0, 0), (333, 0), (666, 0)]
257	36	172	74715.0610230262	0.0	20	[(333, 0), (333, 333), (333, 666), (666, 666), (333, 333), (666, 333), (333, 0), (666, 0), (333, 0), (0, 0), (0, 333), (0, 0)]
258	15	195	65047.9220460525	0.0	20	[(333, 0), (333, 333), (666, 333), (333, 0), (0, 0), (333, 333), (0, 333), (333, 666), (0, 666), (333, 666), (666, 666), (333, 333), (666, 333)]
259	33	178	93496.26102302622	0.0	20	[(0, 333), (333, 333), (666, 333), (333, 0), (666, 0), (666, 333), (333, 333), (0, 333), (333, 333), (0, 333), (333, 333), (333, 0), (666, 0), (333, 0), (333, 333), (333, 666), (0, 333), (0, 666)]
260	11	199	52998.39153453938	0.0	20	[(0, 333), (333, 333), (666, 333), (333, 0), (666, 0), (333, 0), (0, 0), (333, 333), (0, 333), (333, 666), (0, 666)]
261	37	172	100392.24409210496	0.0	20	[(333, 0), (333, 333), (333, 666), (0, 333), (333, 666), (666, 666), (333, 333), (666, 333), (333, 0), (0, 0), (333, 0), (0, 333), (333, 0), (666, 333), (333, 333), (666, 666)]
262	37	172	68454.66102302619	0.0	20	[(333, 0), (333, 333), (333, 666), (666, 666), (333, 333), (666, 333), (333, 0), (666, 0), (333, 0), (0, 0)]
263	16	194	65847.12204605251	0.0	20	[(333, 0), (333, 333), (333, 666), (666, 666), (333, 333), (666, 333), (333, 0), (0, 0), (333, 333), (0, 333), (0, 0), (333, 333), (333, 666)]
264	30	181	84039.06102302621	0.0	20	[(333, 0), (333, 333), (333, 666), (666, 666), (333, 333), (666, 333), (333, 0), (666, 0), (333, 0), (666, 0), (333, 0), (666, 0), (333, 0), (666, 0), (333, 0), (666, 0)]
265	9	198	42547.26102302626	0.0	20	[(333, 0), (333, 333), (333, 666), (666, 666), (333, 333), (666, 333), (333, 0), (666, 0), (333, 0)]
266	30	179	87625.32204605248	0.0	20	[(333, 0), (333, 333), (333, 666), (0, 333), (333, 666), (666, 666), (333, 333), (666, 333), (333, 0), (666, 0), (333, 0), (666, 0), (333, 0), (666, 0), (333, 0), (666, 0)]
267	24	185	88096.59153453936	0.0	20	[(333, 0), (333, 333), (333, 666), (0, 333), (333, 333), (666, 333), (333, 0), (666, 0), (333, 0), (666, 0), (333, 0), (666, 0), (333, 0), (666, 0), (666, 333), (666, 666), (333, 333), (333, 0)]
268	159	51	256051.65255756618	0.0	20	[(333, 0), (333, 333), (333, 666), (666, 666), (333, 333), (666, 333), (333, 0), (666, 0), (333, 0), (666, 0), (333, 0), (666, 0), (333, 0), (666, 0), (333, 0), (666, 0), (333, 0), (0, 0), (0, 333), (0, 666), (333, 333), (333, 666), (0, 666), (0, 333), (0, 666), (333, 666), (333, 333), (333, 0), (666, 0), (333, 0), (333, 333), (333, 666), (666, 333), (333, 0)]
269	11	197	51205.26102302626	0.0	20	[(333, 0), (333, 333), (333, 666), (666, 666), (333, 333), (666, 333), (333, 0), (666, 0), (333, 0), (666, 0), (333, 0)]
270	9	199	42547.26102302626	0.0	20	[(333, 0), (333, 333), (333, 666), (0, 333), (333, 333), (666, 333), (333, 0), (666, 0), (333, 0)]
271	83	127	191782.65255756577	0.0	20	[(333, 0), (333, 333), (333, 666), (0, 333), (333, 333), (666, 333), (333, 0), (666, 0), (333, 0), (0, 0), (333, 333), (0, 333), (0, 0), (333, 333), (0, 333), (0, 0), (333, 333), (0, 333), (333, 333), (666, 333), (666, 0), (333, 0), (0, 0), (333, 0), (0, 0), (333, 0), (0, 0), (333, 0), (0, 0), (333, 0), (0, 0), (333, 0), (666, 0)]
272	180	18	308302.2356266455	0.0	19	[(333, 0), (333, 333), (333, 666), (0, 333), (333, 333), (666, 333), (333, 0), (666, 0), (666, 333), (666, 666), (333, 333), (0, 0), (333, 0), (333, 333), (333, 0), (333, 333), (333, 0), (333, 333), (0, 0), (333, 0), (666, 0), (333, 0), (666, 333), (333, 333), (666, 666), (333, 333), (0, 666), (333, 666), (666, 666), (333, 666), (666, 666), (333, 666), (666, 666), (333, 333), (0, 0), (333, 0), (666, 0), (666, 333), (666, 666), (333, 666), (666, 666)]
273	12	196	57327.39153453938	0.0	20	[(333, 0), (333, 333), (666, 333), (333, 0), (666, 0), (333, 0), (0, 0), (333, 333), (0, 333), (333, 666), (0, 666), (333, 666)]
274	26	183	86221.65255756561	0.0	20	[(333, 0), (333, 333), (333, 666), (666, 666), (333, 333), (666, 333), (333, 0), (666, 0), (333, 0), (666, 0), (333, 0), (666, 0), (333, 0), (666, 333), (333, 666), (666, 333)]
275	24	184	81036.99153453937	0.0	20	[(333, 0), (333, 333), (333, 666), (0, 333), (333, 333), (666, 333), (333, 0), (666, 0), (333, 0), (666, 0), (333, 0), (666, 0), (333, 0), (666, 0), (333, 333), (666, 333)]
276	27	182	58725.99153453934	0.0	20	[(333, 0), (0, 333), (0, 666), (333, 666), (0, 333), (333, 333), (666, 333), (333, 0), (666, 0)]
277	60	148	79776.66102302611	0.0	20	[(333, 0), (333, 333), (333, 666), (666, 666), (333, 333), (666, 333), (333, 0), (666, 0)]
278	60	149	161131.44409210503	0.0	20	[(333, 0), (333, 333), (333, 666), (0, 333), (333, 333), (666, 333), (333, 0), (666, 0), (333, 0), (666, 0), (333, 0), (666, 0), (333, 0), (666, 333), (333, 333), (0, 0), (333, 333), (0, 0), (333, 333), (666, 666), (333, 666), (0, 666), (0, 333), (0, 0), (333, 0), (666, 0), (333, 0), (666, 0)]
279	42	167	86569.86102302618	0.0	20	[(333, 0), (333, 333), (333, 666), (666, 666), (333, 333), (666, 333), (333, 0), (666, 0), (333, 0), (666, 0), (333, 0), (666, 0), (333, 0), (666, 0)]
280	8	197	38218.26102302626	0.0	20	[(333, 0), (333, 333), (333, 666), (666, 666), (333, 333), (666, 333), (333, 0), (666, 0)]
281	52	157	99884.79153453928	0.0	20	[(333, 0), (333, 333), (333, 666), (666, 666), (333, 333), (666, 333), (333, 0), (666, 0), (333, 0), (666, 0), (333, 0), (666, 0), (666, 333), (333, 0), (666, 0)]
282	30	179	98214.72204605248	0.0	20	[(333, 0), (333, 333), (333, 666), (0, 333), (333, 333), (666, 333), (333, 0), (666, 0), (333, 0), (666, 0), (333, 0), (666, 0), (333, 0), (666, 333), (333, 0), (0, 0), (333, 0), (0, 0), (333, 0)]
283	94	116	181244.64409210527	0.0	20	[(333, 0), (333, 333), (333, 666), (0, 333), (333, 333), (666, 333), (333, 0), (666, 0), (333, 0), (666, 0), (333, 333), (0, 666), (0, 333), (333, 333), (0, 333), (333, 333), (666, 333), (666, 0), (333, 0), (666, 0), (333, 333), (0, 666), (0, 333), (0, 666), (333, 333), (666, 0)]
284	30	178	55800.661023026194	0.0	20	[(333, 0), (333, 333), (333, 666), (0, 333), (333, 333), (666, 333), (333, 0), (666, 0)]
285	19	190	62921.79153453936	0.0	20	[(333, 0), (333, 333), (333, 666), (666, 666), (333, 333), (666, 333), (333, 0), (666, 0), (666, 333), (666, 666), (333, 333), (666, 333)]
286	36	173	72978.39153453932	0.0	20	[(333, 0), (333, 333), (333, 666), (666, 666), (333, 333), (666, 333), (333, 0), (666, 0), (333, 333), (666, 333), (666, 0)]
287	18	190	46210.26102302623	0.0	20	[(333, 0), (333, 333), (333, 666), (666, 666), (333, 333), (666, 333), (333, 0), (666, 0)]
288	180	20	267794.2271611844	0.0	19	[(333, 0), (333, 333), (333, 666), (666, 666), (333, 333), (666, 333), (333, 0), (666, 0), (333, 333), (666, 666), (333, 333), (0, 0), (333, 0), (666, 0), (333, 333), (0, 666), (333, 666), (666, 666), (333, 333), (666, 666), (333, 333), (666, 666), (333, 333), (0, 0), (0, 333), (0, 666), (333, 666), (666, 666)]
289	41	168	92886.72204605244	0.0	20	[(333, 0), (333, 333), (333, 666), (666, 666), (333, 333), (666, 333), (333, 0), (666, 0), (666, 333), (666, 666), (333, 666), (0, 666), (333, 333), (0, 333), (333, 0)]
290	31	178	100919.9746036181	0.0	20	[(333, 0), (333, 333), (333, 666), (666, 666), (333, 333), (666, 333), (333, 0), (666, 0), (333, 0), (666, 0), (333, 333), (666, 0), (333, 333), (0, 0), (333, 333), (0, 0), (333, 333)]
291	40	170	134670.96613815747	0.0	20	[(333, 0), (333, 333), (333, 666), (666, 666), (333, 333), (666, 333), (333, 0), (666, 0), (333, 0), (666, 0), (666, 333), (666, 666), (333, 333), (0, 0), (333, 333), (0, 0), (333, 333), (0, 0), (333, 333), (0, 0), (333, 333), (0, 0), (333, 0)]
292	135	76	236983.77460361863	0.0	20	[(333, 0), (333, 333), (333, 666), (666, 666), (333, 333), (666, 333), (333, 0), (666, 0), (333, 0), (666, 0), (333, 0), (666, 0), (666, 333), (666, 666), (333, 333), (0, 333), (333, 666), (0, 666), (333, 333), (666, 0), (333, 0), (333, 333), (333, 666), (666, 666), (666, 333), (666, 0), (333, 0), (0, 333), (333, 0), (0, 0), (0, 333), (333, 0)]
293	11	197	52998.39153453938	0.0	20	[(0, 333), (333, 333), (666, 333), (333, 0), (666, 0), (333, 0), (0, 0), (333, 333), (0, 333), (333, 666), (0, 666)]
294	32	176	57399.06102302619	0.0	20	[(333, 0), (333, 333), (333, 666), (666, 666), (333, 333), (666, 333), (333, 0), (666, 0)]
295	10	198	43346.461023026255	0.0	20	[(0, 333), (333, 333), (666, 333), (333, 0), (666, 0), (333, 0), (0, 0), (333, 333), (0, 333)]
296	24	185	100535.58306907874	0.0	20	[(0, 333), (333, 333), (666, 333), (333, 0), (666, 0), (333, 0), (0, 0), (333, 333), (0, 333), (333, 666), (0, 666), (333, 666), (0, 666), (333, 666), (0, 333), (333, 333), (666, 333), (666, 666), (333, 333), (0, 0)]
297	11	196	52998.39153453938	0.0	20	[(0, 333), (333, 333), (666, 333), (333, 0), (666, 0), (333, 0), (0, 0), (333, 333), (0, 333), (333, 666), (0, 666)]
298	17	193	82558.65255756563	0.0	20	[(0, 333), (333, 333), (666, 333), (333, 0), (666, 0), (333, 0), (666, 333), (333, 333), (0, 333), (333, 666), (0, 666), (333, 666), (0, 333), (333, 333), (0, 0), (333, 0), (666, 0)]
299	13	196	65242.652557565634	0.0	20	[(0, 333), (333, 333), (666, 333), (333, 0), (666, 0), (333, 333), (0, 333), (333, 666), (0, 333), (333, 333), (666, 333), (333, 0), (666, 0)]
300	40	170	120438.84409210496	0.0	20	[(0, 333), (333, 333), (666, 333), (333, 0), (333, 333), (333, 666), (0, 333), (333, 666), (0, 333), (333, 666), (0, 333), (333, 333), (0, 0), (0, 333), (333, 333), (0, 0), (333, 0), (333, 333), (333, 666), (333, 333), (333, 0)]
301	21	189	82225.65255756563	0.0	20	[(0, 333), (333, 333), (666, 333), (333, 0), (666, 0), (333, 0), (0, 0), (333, 333), (0, 333), (333, 666), (0, 666), (333, 333), (0, 333), (333, 0), (0, 0), (333, 0)]
302	41	168	122974.71358059184	0.0	20	[(0, 333), (333, 333), (666, 333), (333, 0), (666, 0), (333, 333), (0, 333), (333, 666), (0, 666), (333, 666), (0, 333), (333, 333), (0, 333), (0, 0), (333, 333), (0, 333), (333, 666), (0, 666), (333, 666), (0, 333), (0, 0), (333, 0)]
303	59	151	121391.5220460524	0.0	20	[(0, 333), (333, 333), (666, 333), (333, 0), (666, 0), (333, 0), (0, 0), (333, 333), (0, 333), (333, 666), (0, 666), (0, 333), (333, 666), (666, 666), (666, 333), (666, 666), (666, 333), (666, 0), (333, 0)]
304	22	186	65319.391534539354	0.0	20	[(333, 0), (333, 333), (333, 666), (0, 333), (333, 333), (666, 333), (333, 0), (666, 0), (333, 0), (333, 333), (0, 0), (333, 0)]
305	15	196	70314.39153453938	0.0	20	[(0, 333), (333, 333), (666, 333), (333, 0), (666, 0), (333, 0), (0, 0), (333, 333), (0, 333), (333, 666), (0, 666), (0, 333), (333, 333), (333, 0), (666, 0)]
306	14	195	66041.85255756564	0.0	20	[(0, 333), (333, 333), (666, 666), (333, 333), (666, 333), (333, 0), (666, 0), (333, 0), (666, 333), (333, 333), (0, 333), (333, 666), (0, 666)]
307	14	192	64192.26102302626	0.0	20	[(333, 0), (333, 333), (333, 666), (666, 666), (333, 333), (666, 333), (333, 0), (666, 0), (333, 0), (666, 0), (333, 0), (666, 0), (666, 333), (666, 666)]
308	61	147	149435.19153453936	0.0	20	[(0, 333), (333, 333), (666, 333), (333, 0), (666, 0), (333, 0), (0, 0), (333, 333), (0, 333), (333, 666), (0, 666), (333, 666), (0, 666), (333, 666), (333, 333), (0, 333), (0, 666), (333, 666), (0, 666), (333, 666), (0, 666), (333, 666), (0, 666), (333, 666), (0, 666), (0, 333), (0, 0)]
309	11	195	52998.39153453938	0.0	20	[(0, 333), (333, 333), (666, 333), (333, 0), (666, 0), (333, 0), (0, 0), (333, 333), (0, 333), (333, 666), (0, 666)]
310	11	196	52998.39153453938	0.0	20	[(0, 333), (333, 333), (666, 333), (333, 0), (666, 0), (333, 0), (0, 0), (333, 333), (0, 333), (333, 666), (0, 666)]
311	19	188	62921.79153453936	0.0	20	[(333, 0), (333, 333), (333, 666), (0, 333), (333, 333), (666, 333), (333, 0), (666, 0), (333, 0), (0, 0), (333, 0), (0, 333)]
312	11	197	52998.39153453938	0.0	20	[(0, 333), (333, 333), (666, 333), (333, 0), (666, 0), (333, 0), (0, 0), (333, 333), (0, 333), (333, 666), (0, 666)]
313	14	195	69571.65255756564	0.0	20	[(0, 333), (333, 333), (666, 333), (333, 0), (666, 0), (333, 0), (0, 0), (333, 333), (0, 333), (333, 666), (0, 666), (333, 333), (0, 333), (333, 0)]
314	12	197	53797.59153453938	0.0	20	[(0, 333), (333, 333), (666, 333), (333, 0), (666, 0), (333, 0), (0, 0), (333, 333), (0, 333), (333, 666), (0, 666)]
315	22	186	81231.72204605248	0.0	20	[(0, 333), (333, 333), (666, 333), (333, 0), (666, 0), (333, 0), (0, 0), (333, 333), (0, 333), (333, 666), (0, 666), (333, 666), (333, 333), (666, 333), (333, 0), (666, 0)]
316	9	199	42547.26102302626	0.0	20	[(333, 0), (333, 333), (333, 666), (666, 666), (333, 333), (666, 333), (333, 0), (666, 0), (333, 0)]
317	54	156	170455.44409210497	0.0	20	[(333, 0), (333, 333), (333, 666), (666, 666), (333, 333), (666, 333), (333, 0), (666, 0), (333, 0), (0, 0), (333, 333), (0, 333), (333, 333), (0, 333), (333, 333), (0, 333), (333, 666), (0, 666), (333, 333), (0, 333), (333, 666), (0, 666), (333, 666), (0, 666), (333, 666), (0, 666), (333, 333), (666, 333), (333, 333), (0, 333), (333, 0), (0, 0)]
318	9	198	42547.26102302626	0.0	20	[(333, 0), (333, 333), (333, 666), (0, 333), (333, 333), (666, 333), (333, 0), (666, 0), (333, 0)]
319	10	198	46876.26102302626	0.0	20	[(333, 0), (333, 333), (333, 666), (666, 666), (333, 333), (666, 333), (333, 0), (666, 0), (333, 0), (0, 0)]
320	10	198	46876.26102302626	0.0	20	[(333, 0), (333, 333), (333, 666), (666, 666), (333, 333), (666, 333), (333, 0), (666, 0), (333, 0), (0, 0)]
321	14	197	67778.52204605252	0.0	20	[(333, 0), (333, 333), (333, 666), (0, 333), (333, 333), (666, 333), (333, 0), (666, 0), (333, 0), (0, 0), (333, 333), (666, 333), (333, 333), (0, 0)]
322	24	185	82830.1220460525	0.0	20	[(333, 0), (333, 333), (333, 666), (0, 333), (333, 333), (666, 333), (333, 0), (666, 0), (333, 0), (0, 0), (333, 333), (333, 0), (666, 0), (333, 0), (0, 0), (333, 333)]
323	25	184	92425.59153453936	0.0	20	[(333, 0), (333, 333), (333, 666), (0, 333), (333, 333), (666, 333), (333, 0), (666, 0), (333, 0), (0, 0), (333, 333), (0, 333), (333, 333), (0, 333), (333, 333), (0, 333), (333, 333), (333, 666), (0, 666)]
324	45	163	142196.76613815766	0.0	20	[(333, 0), (333, 333), (333, 666), (666, 666), (333, 333), (666, 333), (333, 0), (666, 0), (333, 0), (0, 0), (333, 333), (0, 333), (0, 0), (333, 333), (0, 333), (0, 0), (333, 333), (0, 0), (333, 333), (0, 0), (333, 333), (0, 0), (333, 333), (0, 0)]
325	8	198	38218.26102302626	0.0	20	[(333, 0), (333, 333), (333, 666), (0, 333), (333, 333), (666, 333), (333, 0), (666, 0)]
326	18	191	83301.39153453938	0.0	20	[(333, 0), (333, 333), (333, 666), (0, 333), (333, 333), (666, 333), (333, 0), (666, 0), (333, 0), (0, 0), (333, 333), (0, 333), (333, 333), (0, 333), (333, 333), (0, 333), (333, 333), (0, 333)]
327	19	190	71718.06102302624	0.0	20	[(333, 0), (333, 333), (333, 666), (666, 666), (333, 333), (666, 333), (333, 0), (666, 0), (333, 0), (0, 0), (333, 0), (0, 0), (333, 0), (666, 0), (666, 333)]
328	22	187	88291.3220460525	0.0	20	[(333, 0), (333, 333), (333, 666), (666, 666), (333, 333), (666, 333), (333, 0), (666, 0), (333, 0), (666, 0), (333, 0), (666, 0), (666, 333), (666, 666), (333, 333), (666, 333), (333, 0), (666, 0)]
329	56	153	117200.79153453927	0.0	20	[(333, 0), (333, 333), (333, 666), (666, 666), (333, 333), (666, 333), (333, 0), (666, 0), (333, 0), (666, 0), (333, 0), (333, 333), (333, 666), (0, 666), (333, 666), (0, 666), (333, 333), (333, 0), (666, 0)]
330	36	173	103009.92204605247	0.0	20	[(333, 0), (333, 333), (333, 666), (0, 333), (333, 333), (666, 333), (333, 0), (666, 0), (333, 0), (0, 0), (333, 333), (0, 333), (0, 0), (333, 333), (333, 0), (666, 0), (333, 0), (666, 0), (333, 0)]
331	8	198	38218.26102302626	0.0	20	[(333, 0), (333, 333), (333, 666), (0, 333), (333, 333), (666, 333), (333, 0), (666, 0)]
332	62	147	159143.58306907883	0.0	20	[(333, 0), (333, 333), (333, 666), (666, 666), (333, 333), (666, 333), (333, 0), (666, 0), (333, 0), (0, 0), (333, 333), (0, 333), (333, 0), (666, 0), (333, 333), (0, 333), (333, 333), (0, 333), (333, 333), (666, 333), (333, 333), (666, 333), (333, 333), (333, 0), (333, 333), (666, 666), (666, 333), (666, 0)]
333	25	183	80043.06102302622	0.0	20	[(333, 0), (333, 333), (333, 666), (666, 666), (333, 333), (666, 333), (333, 0), (666, 0), (333, 0), (666, 0), (333, 0), (666, 0), (666, 333), (666, 666), (666, 333), (666, 0)]
334	23	186	76707.99153453935	0.0	20	[(333, 0), (333, 333), (333, 666), (0, 333), (333, 333), (666, 333), (333, 0), (666, 0), (333, 0), (0, 0), (333, 333), (0, 333), (333, 333), (0, 333), (0, 0)]
335	51	159	168057.844092105	0.0	20	[(333, 0), (333, 333), (333, 666), (666, 666), (333, 333), (666, 333), (333, 0), (666, 0), (333, 0), (0, 0), (333, 333), (0, 333), (333, 333), (666, 0), (333, 0), (666, 0), (666, 333), (666, 666), (333, 333), (666, 333), (333, 333), (666, 666), (333, 666), (0, 666), (333, 666), (0, 666), (333, 666), (0, 666), (333, 666), (0, 666), (333, 333), (666, 0)]
336	20	189	83163.1220460525	0.0	20	[(333, 0), (333, 333), (333, 666), (666, 666), (333, 333), (666, 333), (333, 0), (666, 0), (333, 0), (0, 0), (333, 333), (0, 333), (333, 333), (0, 333), (333, 333), (333, 666), (0, 333)]
337	62	147	132585.3915345393	0.0	20	[(333, 0), (333, 333), (333, 666), (666, 666), (333, 333), (666, 333), (333, 0), (666, 0), (333, 0), (666, 0), (333, 0), (666, 0), (333, 0), (666, 0), (333, 0), (0, 0), (0, 333), (333, 0), (0, 0), (0, 333), (0, 0), (0, 333)]
338	25	185	51804.66102302621	0.0	20	[(333, 0), (333, 333), (333, 666), (0, 333), (333, 333), (666, 333), (333, 0), (666, 0)]
339	9	197	42547.26102302626	0.0	20	[(333, 0), (333, 333), (333, 666), (666, 666), (333, 333), (666, 333), (333, 0), (666, 0), (333, 0)]
340	16	193	62260.86102302625	0.0	20	[(333, 0), (333, 333), (333, 666), (666, 666), (333, 333), (666, 333), (333, 0), (666, 0), (333, 0), (666, 0), (333, 0), (666, 0), (666, 333)]
341	27	182	88813.98306907873	0.0	20	[(333, 0), (333, 333), (333, 666), (666, 666), (333, 333), (666, 333), (333, 0), (666, 0), (666, 333), (333, 666), (0, 333), (333, 333), (0, 0), (333, 0), (0, 333), (333, 333)]
342	21	186	80376.06102302624	0.0	20	[(333, 0), (333, 333), (333, 666), (666, 666), (333, 333), (666, 333), (333, 0), (666, 0), (333, 0), (666, 0), (333, 0), (0, 0), (333, 0), (0, 0), (333, 0), (333, 333), (333, 666)]
343	26	183	73782.66102302622	0.0	20	[(333, 0), (333, 333), (333, 666), (0, 333), (333, 333), (666, 333), (333, 0), (666, 0), (333, 0), (0, 0), (333, 0), (666, 0), (333, 0), (666, 0)]
344	38	168	125730.66102302623	0.0	20	[(333, 0), (333, 333), (333, 666), (666, 666), (333, 333), (666, 333), (333, 0), (666, 0), (333, 0), (666, 0), (333, 0), (666, 0), (333, 0), (666, 0), (333, 0), (666, 0), (333, 0), (666, 0), (333, 0), (666, 0), (333, 0), (666, 0), (333, 0), (666, 0), (333, 0), (0, 0)]
345	14	194	50073.06102302625	0.0	20	[(333, 0), (333, 333), (333, 666), (0, 333), (333, 333), (666, 333), (333, 0), (666, 0), (333, 0), (0, 0)]
346	41	168	68121.66102302617	0.0	20	[(333, 0), (333, 333), (333, 666), (0, 333), (333, 333), (666, 333), (333, 0), (666, 0), (333, 0)]
347	9	199	42547.26102302626	0.0	20	[(333, 0), (333, 333), (333, 666), (0, 333), (333, 333), (666, 333), (333, 0), (666, 0), (333, 0)]
348	8	199	38218.26102302626	0.0	20	[(333, 0), (333, 333), (333, 666), (0, 333), (333, 333), (666, 333), (333, 0), (666, 0)]
349	71	140	189251.85255756578	0.0	20	[(333, 0), (333, 333), (333, 666), (666, 666), (333, 333), (0, 0), (333, 0), (666, 0), (333, 0), (666, 0), (333, 0), (0, 0), (333, 0), (666, 0), (333, 0), (666, 0), (333, 0), (666, 0), (333, 0), (666, 0), (333, 0), (666, 0), (333, 0), (0, 0), (333, 333), (0, 333), (0, 0), (333, 333), (0, 333), (333, 666), (0, 666), (333, 666), (0, 666), (333, 666), (666, 666)]
350	23	187	82030.92204605248	0.0	20	[(333, 0), (333, 333), (333, 666), (0, 333), (333, 333), (666, 333), (333, 0), (666, 0), (333, 0), (0, 0), (333, 333), (0, 333), (333, 666), (0, 666), (0, 333), (0, 0)]
351	15	193	70314.39153453938	0.0	20	[(333, 0), (333, 333), (333, 666), (0, 333), (333, 333), (666, 333), (333, 0), (666, 0), (333, 0), (0, 0), (333, 333), (0, 333), (333, 333), (333, 0), (333, 333)]
352	51	158	72583.86102302614	0.0	20	[(333, 0), (333, 333), (333, 666), (666, 666), (333, 333), (666, 333), (333, 0), (666, 0)]
353	38	171	109874.79153453933	0.0	20	[(333, 0), (333, 333), (333, 666), (0, 333), (333, 333), (666, 333), (333, 0), (666, 0), (333, 0), (0, 0), (333, 333), (0, 333), (0, 0), (333, 0), (666, 0), (333, 0), (666, 0), (333, 0), (666, 0), (333, 0), (0, 0)]
354	120	90	180901.50511513135	0.0	20	[(333, 0), (333, 333), (333, 666), (666, 666), (333, 333), (666, 333), (333, 0), (666, 333), (333, 333), (0, 333), (333, 666), (0, 666), (333, 333), (666, 0), (333, 333), (0, 666), (333, 333), (666, 0), (333, 0)]
355	34	176	83706.06102302621	0.0	20	[(333, 0), (333, 333), (333, 666), (666, 666), (333, 333), (666, 333), (333, 0), (666, 0), (333, 0), (666, 0), (333, 0), (666, 0), (333, 0), (0, 0), (333, 0)]
356	32	176	60928.8610230262	0.0	20	[(333, 0), (333, 333), (333, 666), (666, 666), (333, 333), (666, 333), (333, 0), (666, 0), (333, 0)]
357	60	150	134516.79153453928	0.0	20	[(333, 0), (333, 333), (333, 666), (0, 666), (333, 666), (666, 666), (333, 666), (666, 666), (333, 666), (666, 666), (333, 666), (666, 666), (333, 666), (0, 666), (333, 666), (0, 666), (333, 333), (666, 333), (333, 0), (666, 0), (333, 0), (0, 333), (0, 666)]
358	12	195	55534.26102302626	0.0	20	[(333, 0), (333, 333), (333, 666), (0, 333), (333, 333), (666, 333), (333, 0), (666, 0), (333, 0), (666, 0), (333, 0), (0, 0)]
359	40	168	104413.59153453932	0.0	20	[(333, 0), (333, 333), (333, 666), (666, 666), (333, 333), (666, 333), (333, 0), (666, 0), (333, 0), (666, 0), (333, 0), (0, 0), (333, 333), (333, 0), (333, 333), (0, 333), (0, 666), (0, 333), (0, 0)]
360	25	184	51804.66102302621	0.0	20	[(333, 0), (333, 333), (333, 666), (0, 333), (333, 333), (666, 333), (333, 0), (666, 0)]
361	14	193	50073.06102302625	0.0	20	[(333, 0), (333, 333), (333, 666), (0, 333), (333, 333), (666, 333), (333, 0), (666, 0), (333, 0), (666, 0)]
362	32	177	89167.26102302622	0.0	20	[(333, 0), (333, 333), (333, 666), (0, 333), (333, 333), (666, 333), (333, 0), (666, 0), (333, 0), (666, 0), (333, 0), (0, 0), (333, 0), (0, 0), (333, 0), (0, 0), (333, 0)]
363	25	184	110074.59153453937	0.0	20	[(333, 0), (333, 333), (333, 666), (666, 666), (333, 333), (666, 333), (333, 0), (666, 0), (333, 0), (0, 0), (333, 333), (0, 333), (333, 333), (0, 333), (333, 333), (666, 333), (666, 0), (333, 0), (666, 0), (333, 0), (666, 0), (333, 0), (666, 0), (333, 0)]
364	21	187	71579.79153453937	0.0	20	[(333, 0), (333, 333), (333, 666), (666, 666), (333, 333), (666, 333), (333, 0), (666, 0), (333, 0), (666, 0), (333, 0), (666, 333), (333, 333), (333, 0)]
365	50	160	140700.45255756562	0.0	20	[(333, 0), (333, 333), (333, 666), (0, 333), (333, 333), (666, 333), (333, 0), (666, 0), (333, 0), (0, 0), (333, 333), (0, 333), (333, 666), (0, 666), (0, 333), (0, 0), (333, 333), (0, 333), (0, 0), (333, 0), (666, 0), (333, 0), (666, 0), (333, 0), (666, 0), (333, 0)]
366	49	159	134521.86102302626	0.0	20	[(333, 0), (333, 333), (333, 666), (0, 333), (333, 333), (666, 333), (333, 0), (666, 0), (333, 0), (0, 0), (333, 0), (0, 0), (333, 0), (0, 0), (333, 0), (0, 0), (333, 0), (0, 0), (333, 0), (0, 0), (333, 0), (0, 0), (333, 0), (0, 0), (333, 0), (0, 0)]
367	32	177	57399.06102302619	0.0	20	[(333, 0), (333, 333), (333, 666), (666, 666), (333, 333), (666, 333), (333, 0), (666, 0)]
368	51	159	88496.19153453928	0.0	20	[(333, 0), (333, 333), (333, 666), (666, 666), (333, 333), (666, 333), (333, 0), (666, 0), (333, 0), (333, 333), (666, 0), (333, 0)]
369	41	170	168862.1135805919	0.0	20	[(333, 0), (333, 333), (333, 666), (666, 666), (333, 333), (666, 333), (333, 0), (666, 0), (333, 0), (0, 0), (333, 333), (0, 333), (0, 666), (0, 333), (333, 666), (0, 666), (0, 333), (0, 0), (333, 333), (0, 333), (0, 0), (333, 333), (0, 333), (333, 666), (0, 666), (333, 666), (0, 666), (333, 666), (0, 666), (333, 666), (0, 666), (333, 666), (0, 666), (0, 333), (0, 0)]
370	10	198	48669.39153453938	0.0	20	[(333, 0), (333, 333), (333, 666), (0, 333), (333, 333), (666, 333), (333, 0), (666, 0), (333, 0), (666, 333)]
371	27	184	85171.26102302624	0.0	20	[(333, 0), (333, 333), (333, 666), (666, 666), (333, 333), (666, 333), (333, 333), (666, 333), (333, 333), (666, 333), (333, 333), (666, 333), (333, 333), (666, 333), (333, 333), (666, 0), (333, 0)]
372	12	198	57327.39153453938	0.0	20	[(333, 0), (333, 333), (333, 666), (0, 333), (333, 333), (666, 333), (333, 0), (666, 0), (333, 0), (0, 0), (333, 333), (0, 333)]
373	16	192	72850.26102302625	0.0	20	[(333, 0), (333, 333), (333, 666), (666, 666), (333, 333), (666, 333), (333, 0), (666, 0), (333, 0), (666, 0), (333, 0), (666, 0), (333, 0), (666, 0), (333, 0), (666, 0)]
374	33	176	109408.59153453936	0.0	20	[(333, 0), (333, 333), (333, 666), (666, 666), (333, 333), (666, 333), (333, 0), (666, 0), (333, 0), (0, 0), (333, 333), (0, 333), (333, 333), (0, 333), (0, 0), (333, 0), (666, 0), (333, 0), (666, 0), (333, 0), (666, 0), (333, 0)]
375	33	176	102348.99153453934	0.0	20	[(333, 0), (333, 333), (333, 666), (0, 333), (333, 333), (666, 333), (333, 0), (666, 0), (333, 0), (0, 0), (333, 333), (0, 333), (333, 333), (0, 333), (0, 666), (0, 333), (0, 0), (0, 333), (0, 666), (0, 333)]
376	41	167	99889.86102302618	0.0	20	[(333, 0), (333, 333), (333, 666), (0, 333), (333, 333), (666, 333), (333, 0), (666, 0), (333, 0), (0, 0), (333, 0), (0, 0), (333, 0), (0, 0), (333, 0), (0, 0), (333, 0), (666, 0)]
377	9	198	42547.26102302626	0.0	20	[(333, 0), (333, 333), (333, 666), (0, 333), (333, 333), (666, 333), (333, 0), (666, 0), (333, 0)]
378	36	173	88890.72204605245	0.0	20	[(333, 0), (333, 333), (333, 666), (666, 666), (333, 333), (666, 333), (333, 0), (666, 0), (333, 0), (0, 0), (333, 333), (333, 0), (0, 0), (333, 333), (0, 333)]
379	61	148	84105.66102302611	0.0	20	[(333, 0), (333, 333), (333, 666), (666, 666), (333, 333), (666, 333), (333, 0), (666, 0), (333, 0)]
380	25	184	88895.79153453936	0.0	20	[(333, 0), (333, 333), (333, 666), (0, 333), (333, 333), (666, 333), (333, 0), (666, 0), (333, 0), (666, 0), (333, 0), (0, 0), (333, 333), (0, 333), (0, 666), (0, 333), (0, 0), (0, 333)]
381	13	195	61656.39153453938	0.0	20	[(333, 0), (333, 333), (333, 666), (0, 333), (333, 333), (666, 333), (333, 0), (666, 0), (333, 0), (0, 0), (333, 333), (0, 333), (0, 666)]
382	12	195	57327.39153453938	0.0	20	[(333, 0), (333, 333), (333, 666), (0, 333), (333, 333), (666, 333), (333, 0), (666, 0), (333, 0), (0, 0), (333, 333), (0, 333)]
383	24	184	93419.52204605249	0.0	20	[(333, 0), (333, 333), (333, 666), (0, 333), (333, 333), (666, 333), (333, 0), (666, 0), (333, 0), (0, 0), (333, 333), (666, 333), (333, 333), (666, 333), (333, 333), (666, 333), (333, 0), (666, 0), (333, 0)]
384	48	160	130192.8610230262	0.0	20	[(333, 0), (333, 333), (333, 666), (0, 333), (333, 333), (666, 333), (333, 0), (666, 0), (333, 0), (333, 333), (0, 333), (0, 666), (0, 333), (0, 0), (333, 0), (0, 0), (333, 0), (666, 0), (333, 0), (666, 0), (333, 0), (666, 0), (333, 0), (666, 0), (333, 0)]
385	15	193	61461.66102302625	0.0	20	[(333, 0), (333, 333), (333, 666), (0, 333), (333, 333), (666, 333), (333, 0), (666, 0), (333, 0), (0, 0), (333, 0), (0, 0), (0, 333)]
386	83	125	129926.46102302606	0.0	20	[(333, 0), (333, 333), (333, 666), (0, 333), (333, 333), (666, 333), (333, 0), (666, 0), (333, 0), (666, 0), (333, 0), (666, 0), (333, 0), (666, 0), (333, 0), (0, 0), (333, 0)]
387	55	153	121724.5220460524	0.0	20	[(333, 0), (333, 333), (333, 666), (0, 333), (333, 333), (666, 333), (333, 0), (666, 0), (333, 0), (333, 333), (0, 333), (0, 666), (0, 333), (333, 0), (0, 0), (0, 333), (0, 0), (0, 333), (0, 0), (333, 333)]
388	33	174	102405.45255756559	0.0	20	[(333, 0), (333, 333), (333, 666), (0, 333), (333, 333), (666, 333), (333, 0), (666, 0), (333, 0), (0, 0), (333, 333), (0, 333), (333, 666), (0, 666), (333, 666), (0, 666), (0, 333), (0, 0), (333, 333)]
389	52	157	129972.78306907868	0.0	20	[(333, 0), (333, 333), (333, 666), (0, 333), (333, 333), (666, 333), (333, 0), (666, 0), (666, 333), (666, 666), (333, 666), (0, 666), (333, 333), (666, 0), (333, 0), (0, 0), (0, 333), (0, 666), (333, 333), (0, 333), (333, 0), (0, 0)]
390	40	168	125592.39153453935	0.0	20	[(333, 0), (333, 333), (333, 666), (0, 333), (333, 333), (666, 333), (333, 0), (666, 0), (333, 0), (0, 0), (0, 333), (0, 666), (0, 333), (0, 666), (0, 333), (0, 0), (0, 333), (0, 0), (0, 333), (0, 0), (0, 333), (0, 0), (333, 333), (333, 0), (0, 0)]
391	22	185	74115.66102302623	0.0	20	[(333, 0), (333, 333), (333, 666), (0, 333), (333, 333), (666, 333), (333, 0), (666, 0), (333, 0), (666, 0), (333, 0), (666, 0), (333, 0), (666, 0), (333, 0)]
392	13	196	58126.59153453938	0.0	20	[(333, 0), (333, 333), (333, 666), (0, 333), (333, 333), (666, 333), (333, 0), (666, 0), (333, 0), (0, 0), (333, 333), (0, 333)]
393	35	174	118066.59153453936	0.0	20	[(333, 0), (333, 333), (333, 666), (0, 333), (333, 333), (666, 333), (333, 0), (666, 0), (333, 0), (0, 0), (0, 333), (0, 666), (333, 666), (333, 333), (0, 333), (0, 666), (0, 333), (333, 333), (0, 333), (333, 0), (0, 0), (0, 333), (0, 0), (333, 0)]
394	27	181	124055.5220460525	0.0	20	[(333, 0), (333, 333), (333, 666), (0, 333), (333, 333), (666, 333), (333, 0), (666, 0), (333, 0), (0, 0), (333, 333), (0, 333), (333, 333), (0, 333), (333, 333), (0, 333), (0, 666), (0, 333), (0, 666), (0, 333), (0, 0), (0, 333), (0, 0), (0, 333), (0, 0), (333, 333), (0, 333)]
395	33	176	116468.19153453936	0.0	20	[(333, 0), (333, 333), (333, 666), (666, 666), (333, 333), (666, 333), (333, 0), (0, 0), (333, 333), (0, 333), (333, 333), (0, 333), (333, 333), (0, 333), (0, 0), (0, 333), (0, 0), (0, 333), (0, 0), (0, 333), (0, 0), (333, 0), (0, 0), (0, 333)]
396	8	199	38218.26102302626	0.0	20	[(333, 0), (333, 333), (333, 666), (0, 333), (333, 333), (666, 333), (333, 0), (666, 0)]
397	38	171	125843.58306907871	0.0	20	[(333, 0), (333, 333), (333, 666), (0, 333), (333, 333), (666, 333), (333, 0), (666, 0), (333, 0), (0, 0), (333, 333), (0, 333), (333, 333), (666, 333), (333, 0), (666, 0), (333, 0), (0, 0), (0, 333), (333, 0), (0, 0), (0, 333), (333, 0), (0, 0)]
398	25	185	97692.06102302624	0.0	20	[(333, 0), (333, 333), (333, 666), (0, 333), (333, 333), (666, 333), (333, 0), (666, 0), (333, 0), (0, 0), (0, 333), (0, 666), (0, 333), (0, 666), (333, 666), (0, 666), (0, 333), (0, 0), (0, 333), (0, 0), (0, 333)]
399	9	199	42547.26102302626	0.0	20	[(333, 0), (333, 333), (333, 666), (0, 333), (333, 333), (666, 333), (333, 0), (666, 0), (333, 0)]
400	12	197	57327.39153453938	0.0	20	[(333, 0), (333, 333), (333, 666), (0, 333), (333, 333), (666, 333), (333, 0), (666, 0), (333, 0), (666, 333), (333, 333), (0, 333)]
401	20	189	93752.5220460525	0.0	20	[(333, 0), (333, 333), (333, 666), (0, 333), (333, 333), (666, 333), (333, 0), (666, 0), (333, 0), (0, 0), (333, 333), (0, 333), (333, 666), (0, 666), (333, 666), (0, 666), (333, 666), (0, 666), (0, 333), (0, 0)]
402	35	174	134035.38306907873	0.0	20	[(333, 0), (333, 333), (333, 666), (0, 333), (333, 333), (666, 333), (333, 0), (0, 0), (333, 333), (0, 0), (333, 0), (333, 333), (333, 666), (0, 666), (333, 333), (0, 333), (0, 666), (333, 333), (0, 333), (0, 0), (0, 333), (0, 0), (333, 0), (0, 0), (0, 333), (0, 666), (333, 666)]
403	32	176	106872.72204605247	0.0	20	[(333, 0), (333, 333), (333, 666), (0, 333), (333, 333), (666, 333), (333, 0), (666, 0), (333, 0), (0, 0), (333, 333), (0, 333), (0, 0), (0, 333), (333, 333), (666, 333), (333, 0), (666, 0), (333, 0), (666, 0), (333, 0)]
404	57	154	88024.92204605238	0.0	20	[(333, 0), (333, 333), (333, 666), (666, 666), (333, 333), (666, 333), (333, 0), (666, 0), (333, 333), (0, 666)]
405	22	187	67056.06102302624	0.0	20	[(333, 0), (333, 333), (333, 666), (0, 333), (333, 333), (666, 333), (333, 0), (666, 0), (333, 0), (0, 0), (333, 0), (666, 0), (333, 0)]
406	36	173	92420.52204605244	0.0	20	[(333, 0), (333, 333), (333, 666), (0, 333), (333, 333), (666, 333), (333, 0), (666, 0), (333, 0), (666, 0), (333, 0), (0, 0), (333, 333), (0, 333), (0, 0), (333, 333)]
407	101	109	133722.661023026	0.0	20	[(333, 0), (333, 333), (333, 666), (666, 666), (333, 333), (666, 333), (333, 0), (666, 0), (333, 0), (666, 0), (333, 0), (666, 0), (333, 0), (0, 0)]
408	11	196	52998.39153453938	0.0	20	[(333, 0), (333, 333), (333, 666), (666, 666), (333, 333), (666, 333), (333, 0), (666, 0), (333, 0), (0, 0), (333, 333)]
409	11	197	52998.39153453938	0.0	20	[(333, 0), (333, 333), (333, 666), (666, 666), (333, 333), (666, 333), (333, 0), (666, 0), (333, 0), (0, 0), (333, 333)]
410	48	161	133779.1220460525	0.0	20	[(333, 0), (333, 333), (333, 666), (0, 333), (333, 333), (666, 333), (333, 0), (666, 0), (333, 0), (0, 0), (333, 333), (666, 333), (333, 0), (666, 0), (333, 0), (666, 0), (333, 0), (666, 0), (333, 0), (666, 0), (333, 0), (666, 0), (333, 0), (666, 0), (333, 0)]
411	25	185	65923.86102302623	0.0	20	[(333, 0), (333, 333), (333, 666), (0, 333), (333, 333), (666, 333), (333, 0), (666, 0), (333, 0), (0, 0), (0, 333), (0, 666)]
412	22	186	81175.26102302624	0.0	20	[(333, 0), (333, 333), (333, 666), (0, 333), (333, 333), (666, 333), (333, 0), (666, 0), (333, 0), (0, 0), (0, 333), (0, 666), (333, 666), (666, 666), (666, 333), (666, 0), (333, 0)]
413	33	177	121791.12204605248	0.0	20	[(333, 0), (333, 333), (333, 666), (0, 333), (333, 333), (666, 333), (333, 0), (666, 0), (333, 0), (0, 0), (333, 333), (0, 333), (333, 666), (0, 666), (0, 333), (0, 666), (333, 666), (666, 666), (333, 666), (666, 666), (333, 666), (666, 666), (333, 666), (666, 666), (333, 666)]
414	37	172	75514.26102302619	0.0	20	[(333, 0), (333, 333), (333, 666), (0, 333), (333, 333), (666, 333), (333, 0), (666, 0), (333, 0), (0, 0), (0, 333), (0, 666)]
415	42	168	120187.65255756557	0.0	20	[(333, 0), (333, 333), (333, 666), (0, 333), (333, 333), (666, 333), (333, 0), (666, 0), (333, 0), (0, 0), (333, 333), (0, 333), (333, 666), (0, 666), (333, 333), (0, 333), (0, 666), (333, 666), (0, 666), (333, 666), (0, 666), (0, 333)]
416	50	160	200650.59153453936	0.0	20	[(333, 0), (333, 333), (333, 666), (0, 333), (333, 333), (666, 333), (333, 0), (666, 0), (333, 0), (0, 0), (333, 333), (0, 333), (0, 666), (333, 666), (0, 666), (333, 666), (0, 666), (333, 666), (0, 666), (333, 666), (0, 666), (333, 666), (0, 666), (0, 333), (333, 333), (0, 333), (333, 333), (0, 333), (333, 333), (0, 333), (333, 333), (0, 333), (333, 333), (0, 333), (333, 333), (666, 333), (333, 333), (666, 333), (333, 333), (666, 333), (333, 333), (666, 333), (333, 333), (333, 0)]
417	9	198	42547.26102302626	0.0	20	[(333, 0), (333, 333), (333, 666), (666, 666), (333, 333), (666, 333), (333, 0), (666, 0), (333, 0)]
418	25	183	92482.05255756562	0.0	20	[(333, 0), (333, 333), (333, 666), (0, 333), (333, 333), (666, 333), (333, 0), (666, 0), (333, 0), (0, 0), (333, 333), (0, 333), (333, 666), (0, 666), (0, 333), (333, 666), (333, 333), (333, 0)]
419	32	176	57399.06102302619	0.0	20	[(333, 0), (333, 333), (333, 666), (0, 333), (333, 333), (666, 333), (333, 0), (666, 0)]
420	84	127	298532.3135805921	0.0	20	[(333, 0), (333, 333), (333, 666), (0, 333), (333, 333), (666, 333), (333, 0), (666, 0), (333, 0), (0, 0), (333, 333), (0, 333), (333, 666), (333, 333), (333, 0), (666, 0), (333, 0), (666, 0), (333, 0), (666, 0), (333, 0), (666, 0), (333, 0), (666, 0), (333, 0), (666, 0), (333, 0), (666, 0), (333, 333), (0, 333), (333, 333), (0, 333), (333, 333), (0, 333), (333, 333), (0, 333), (333, 333), (0, 333), (333, 333), (0, 333), (333, 333), (0, 333), (333, 333), (0, 333), (333, 333), (666, 333), (333, 333), (666, 666), (333, 666), (333, 333), (0, 666), (333, 666), (333, 333), (333, 0), (666, 0), (333, 0), (666, 0), (333, 0), (666, 0), (333, 0), (666, 0), (333, 0)]
421	13	196	49273.86102302625	0.0	20	[(333, 0), (333, 333), (333, 666), (0, 333), (333, 333), (666, 333), (333, 0), (666, 0), (333, 0), (0, 0)]
422	28	182	54202.2610230262	0.0	20	[(333, 0), (333, 333), (333, 666), (0, 333), (333, 333), (666, 333), (333, 0), (666, 0)]
423	8	199	38218.26102302626	0.0	20	[(333, 0), (333, 333), (333, 666), (666, 666), (333, 333), (666, 333), (333, 0), (666, 0)]
424	13	196	61656.39153453938	0.0	20	[(333, 0), (333, 333), (333, 666), (666, 666), (333, 333), (666, 333), (333, 0), (666, 0), (333, 0), (0, 0), (333, 333), (0, 333), (0, 666)]
