TS	X	Y	Direction	Line_Man	Column_Man
0	23.662302646683738	9.094864321862758	0	7	6
1	23.662302646683738	9.094864321862758	0	7.0	6.0
2	23.662302646683738	9.094864321862758	0	7.0	6.0
3	23.662302646683738	9.094864321862758	0	7.0	6.0
4	23.662302646683738	9.094864321862758	0	7.0	6.0
5	23.662302646683738	9.094864321862758	0	7.0	6.0
6	23.662302646683738	9.094864321862758	0	7.0	6.0
7	23.662302646683738	9.094864321862758	0	7.0	6.0
8	23.662302646683738	9.094864321862758	0	7.0	6.0
9	23.662302646683738	9.094864321862758	0	7.0	6.0
10	23.662302646683738	9.094864321862758	0	7.0	6.0
11	23.662302646683738	9.094864321862758	0	7.0	6.0
12	23.662302646683738	9.094864321862758	0	7.0	6.0
13	23.662302646683738	9.094864321862758	0	7.0	6.0
14	23.662302646683738	9.094864321862758	0	7.0	6.0
15	23.662302646683738	9.094864321862758	0	7.0	6.0
16	23.662302646683738	9.094864321862758	0	7.0	6.0
17	23.662302646683738	9.094864321862758	0	7.0	6.0
18	23.662302646683738	9.094864321862758	0	7.0	6.0
19	23.662302646683738	9.094864321862758	0	7.0	6.0
20	23.662302646683738	9.094864321862758	0	7.0	6.0
21	23.662302646683738	9.094864321862758	0	7.0	6.0
22	23.662302646683738	9.094864321862758	0	7.0	6.0
23	23.662302646683738	9.094864321862758	0	7.0	6.0
24	23.662302646683738	9.094864321862758	0	7.0	6.0
25	23.662302646683738	9.094864321862758	0	7.0	6.0
26	23.662302646683738	9.094864321862758	0	7.0	6.0
27	23.662302646683738	9.094864321862758	0	7.0	6.0
28	23.662302646683738	9.094864321862758	0	7.0	6.0
29	23.662302646683738	9.094864321862758	0	7.0	6.0
30	23.662302646683738	9.094864321862758	0	7.0	6.0
31	23.662302646683738	9.094864321862758	0	7.0	6.0
32	23.662302646683738	9.094864321862758	0	7.0	6.0
33	23.662302646683738	9.094864321862758	0	7.0	6.0
34	23.662302646683738	9.094864321862758	0	7.0	6.0
35	23.662302646683738	9.094864321862758	0	7.0	6.0
36	23.662302646683738	9.094864321862758	0	7.0	6.0
37	23.662302646683738	9.094864321862758	0	7.0	6.0
38	23.662302646683738	9.094864321862758	0	7.0	6.0
39	23.662302646683738	9.094864321862758	0	7.0	6.0
40	23.662302646683738	9.094864321862758	0	7.0	6.0
41	23.662302646683738	9.094864321862758	0	7.0	6.0
42	23.662302646683738	9.094864321862758	0	7.0	6.0
43	23.662302646683738	9.094864321862758	0	7.0	6.0
44	23.662302646683738	9.094864321862758	0	7.0	6.0
45	23.662302646683738	9.094864321862758	0	7.0	6.0
46	23.662302646683738	9.094864321862758	0	7.0	6.0
47	23.662302646683738	9.094864321862758	0	7.0	6.0
48	23.662302646683738	9.094864321862758	0	7.0	6.0
49	23.662302646683738	9.094864321862758	0	7.0	6.0
50	23.662302646683738	9.094864321862758	0	7.0	6.0
51	23.662302646683738	9.094864321862758	0	7.0	6.0
52	23.662302646683738	9.094864321862758	0	7.0	6.0
53	23.662302646683738	9.094864321862758	0	7.0	6.0
54	23.662302646683738	9.094864321862758	0	7.0	6.0
55	23.662302646683738	9.094864321862758	0	7.0	6.0
56	23.662302646683738	9.094864321862758	0	7.0	6.0
57	23.662302646683738	9.094864321862758	0	7.0	6.0
58	23.662302646683738	9.094864321862758	0	7.0	6.0
59	23.662302646683738	9.094864321862758	0	7.0	6.0
60	23.662302646683738	9.094864321862758	0	7.0	6.0
61	23.662302646683738	9.094864321862758	0	7.0	6.0
62	23.662302646683738	9.094864321862758	0	7.0	6.0
63	23.662302646683738	9.094864321862758	0	7.0	6.0
64	23.662302646683738	9.094864321862758	0	7.0	6.0
65	23.662302646683738	9.094864321862758	0	7.0	6.0
66	23.662302646683738	9.094864321862758	0	7.0	6.0
67	23.662302646683738	9.094864321862758	0	7.0	6.0
68	23.662302646683738	9.094864321862758	0	7.0	6.0
69	23.662302646683738	9.094864321862758	0	7.0	6.0
70	23.662302646683738	9.094864321862758	0	7.0	6.0
71	23.662302646683738	9.094864321862758	0	7.0	6.0
72	23.662302646683738	9.094864321862758	0	7.0	6.0
73	23.662302646683738	9.094864321862758	0	7.0	6.0
74	23.662302646683738	9.094864321862758	0	7.0	6.0
75	23.662302646683738	9.094864321862758	0	7.0	6.0
76	23.662302646683738	9.094864321862758	0	7.0	6.0
77	23.662302646683738	9.094864321862758	0	7.0	6.0
78	23.662302646683738	9.094864321862758	0	7.0	6.0
79	23.662302646683738	9.094864321862758	0	7.0	6.0
80	23.662302646683738	9.094864321862758	0	7.0	6.0
81	23.662302646683738	9.094864321862758	0	7.0	6.0
82	23.662302646683738	9.094864321862758	0	7.0	6.0
83	23.662302646683738	9.094864321862758	0	7.0	6.0
84	23.662302646683738	9.094864321862758	0	7.0	6.0
85	23.662302646683738	9.094864321862758	0	7.0	6.0
86	23.662302646683738	9.094864321862758	0	7.0	6.0
87	23.662302646683738	9.094864321862758	0	7.0	6.0
88	23.662302646683738	9.094864321862758	0	7.0	6.0
89	23.662302646683738	9.094864321862758	0	7.0	6.0
90	23.662302646683738	9.094864321862758	0	7.0	6.0
91	23.662302646683738	9.094864321862758	0	7.0	6.0
92	23.662302646683738	9.094864321862758	0	7.0	6.0
93	23.662302646683738	9.094864321862758	0	7.0	6.0
94	23.662302646683738	9.094864321862758	0	7.0	6.0
95	23.662302646683738	9.094864321862758	0	7.0	6.0
96	23.662302646683738	9.094864321862758	0	7.0	6.0
97	23.662302646683738	9.094864321862758	0	7.0	6.0
98	23.662302646683738	9.094864321862758	0	7.0	6.0
99	23.662302646683738	9.094864321862758	0	7.0	6.0
100	23.662302646683738	9.094864321862758	0	7.0	6.0
