TS	X	Y	Direction	Line_Man	Column_Man
0	20.49246346986956	26.640865012344843	0	3	5
1	20.49246346986956	26.640865012344843	0	3.0	5.0
2	20.49246346986956	26.640865012344843	0	3.0	5.0
3	20.49246346986956	26.640865012344843	0	3.0	5.0
4	20.49246346986956	26.640865012344843	0	3.0	5.0
5	20.49246346986956	26.640865012344843	0	3.0	5.0
6	20.49246346986956	26.640865012344843	0	3.0	5.0
7	20.49246346986956	26.640865012344843	0	3.0	5.0
8	20.49246346986956	26.640865012344843	0	3.0	5.0
9	20.49246346986956	26.640865012344843	0	3.0	5.0
10	20.49246346986956	26.640865012344843	0	3.0	5.0
11	20.49246346986956	26.640865012344843	0	3.0	5.0
12	20.49246346986956	26.640865012344843	0	3.0	5.0
13	20.49246346986956	26.640865012344843	0	3.0	5.0
14	20.49246346986956	26.640865012344843	0	3.0	5.0
15	20.49246346986956	26.640865012344843	0	3.0	5.0
16	20.49246346986956	26.640865012344843	0	3.0	5.0
17	20.49246346986956	26.640865012344843	0	3.0	5.0
18	20.49246346986956	26.640865012344843	0	3.0	5.0
19	20.49246346986956	26.640865012344843	0	3.0	5.0
20	20.49246346986956	26.640865012344843	0	3.0	5.0
21	20.49246346986956	26.640865012344843	0	3.0	5.0
22	20.49246346986956	26.640865012344843	0	3.0	5.0
23	20.49246346986956	26.640865012344843	0	3.0	5.0
24	20.49246346986956	26.640865012344843	0	3.0	5.0
25	20.49246346986956	26.640865012344843	0	3.0	5.0
26	20.49246346986956	26.640865012344843	0	3.0	5.0
27	20.49246346986956	26.640865012344843	0	3.0	5.0
28	20.49246346986956	26.640865012344843	0	3.0	5.0
29	20.49246346986956	26.640865012344843	0	3.0	5.0
30	20.49246346986956	26.640865012344843	0	3.0	5.0
31	20.49246346986956	26.640865012344843	0	3.0	5.0
32	20.49246346986956	26.640865012344843	0	3.0	5.0
33	20.49246346986956	26.640865012344843	0	3.0	5.0
34	20.49246346986956	26.640865012344843	0	3.0	5.0
35	20.49246346986956	26.640865012344843	0	3.0	5.0
36	20.49246346986956	26.640865012344843	0	3.0	5.0
37	20.49246346986956	26.640865012344843	0	3.0	5.0
38	20.49246346986956	26.640865012344843	0	3.0	5.0
39	20.49246346986956	26.640865012344843	0	3.0	5.0
40	20.49246346986956	26.640865012344843	0	3.0	5.0
41	20.49246346986956	26.640865012344843	0	3.0	5.0
42	20.49246346986956	26.640865012344843	0	3.0	5.0
43	20.49246346986956	26.640865012344843	0	3.0	5.0
44	20.49246346986956	26.640865012344843	0	3.0	5.0
45	20.49246346986956	26.640865012344843	0	3.0	5.0
46	20.49246346986956	26.640865012344843	0	3.0	5.0
47	20.49246346986956	26.640865012344843	0	3.0	5.0
48	20.49246346986956	26.640865012344843	0	3.0	5.0
49	20.49246346986956	26.640865012344843	0	3.0	5.0
50	20.49246346986956	26.640865012344843	0	3.0	5.0
51	20.49246346986956	26.640865012344843	0	3.0	5.0
52	20.49246346986956	26.640865012344843	0	3.0	5.0
53	20.49246346986956	26.640865012344843	0	3.0	5.0
54	20.49246346986956	26.640865012344843	0	3.0	5.0
55	20.49246346986956	26.640865012344843	0	3.0	5.0
56	20.49246346986956	26.640865012344843	0	3.0	5.0
57	20.49246346986956	26.640865012344843	0	3.0	5.0
58	20.49246346986956	26.640865012344843	0	3.0	5.0
59	20.49246346986956	26.640865012344843	0	3.0	5.0
60	20.49246346986956	26.640865012344843	0	3.0	5.0
61	20.49246346986956	26.640865012344843	0	3.0	5.0
62	20.49246346986956	26.640865012344843	0	3.0	5.0
63	20.49246346986956	26.640865012344843	0	3.0	5.0
64	20.49246346986956	26.640865012344843	0	3.0	5.0
65	20.49246346986956	26.640865012344843	0	3.0	5.0
66	20.49246346986956	26.640865012344843	0	3.0	5.0
67	20.49246346986956	26.640865012344843	0	3.0	5.0
68	20.49246346986956	26.640865012344843	0	3.0	5.0
69	20.49246346986956	26.640865012344843	0	3.0	5.0
70	20.49246346986956	26.640865012344843	0	3.0	5.0
71	20.49246346986956	26.640865012344843	0	3.0	5.0
72	20.49246346986956	26.640865012344843	0	3.0	5.0
73	20.49246346986956	26.640865012344843	0	3.0	5.0
74	20.49246346986956	26.640865012344843	0	3.0	5.0
75	20.49246346986956	26.640865012344843	0	3.0	5.0
76	20.49246346986956	26.640865012344843	0	3.0	5.0
77	20.49246346986956	26.640865012344843	0	3.0	5.0
78	20.49246346986956	26.640865012344843	0	3.0	5.0
79	20.49246346986956	26.640865012344843	0	3.0	5.0
80	20.49246346986956	26.640865012344843	0	3.0	5.0
81	20.49246346986956	26.640865012344843	0	3.0	5.0
82	20.49246346986956	26.640865012344843	0	3.0	5.0
83	20.49246346986956	26.640865012344843	0	3.0	5.0
84	20.49246346986956	26.640865012344843	0	3.0	5.0
85	20.49246346986956	26.640865012344843	0	3.0	5.0
86	20.49246346986956	26.640865012344843	0	3.0	5.0
87	20.49246346986956	26.640865012344843	0	3.0	5.0
88	20.49246346986956	26.640865012344843	0	3.0	5.0
89	20.49246346986956	26.640865012344843	0	3.0	5.0
90	20.49246346986956	26.640865012344843	0	3.0	5.0
91	20.49246346986956	26.640865012344843	0	3.0	5.0
92	20.49246346986956	26.640865012344843	0	3.0	5.0
93	20.49246346986956	26.640865012344843	0	3.0	5.0
94	20.49246346986956	26.640865012344843	0	3.0	5.0
95	20.49246346986956	26.640865012344843	0	3.0	5.0
96	20.49246346986956	26.640865012344843	0	3.0	5.0
97	20.49246346986956	26.640865012344843	0	3.0	5.0
98	20.49246346986956	26.640865012344843	0	3.0	5.0
99	20.49246346986956	26.640865012344843	0	3.0	5.0
100	20.49246346986956	26.640865012344843	0	3.0	5.0
