TS	X	Y	Direction	Line_Man	Column_Man
0	23.567367687994043	21.618596409777115	1	5	1
1	23.567367687994043	21.618596409777115	1	5.0	1.0
2	23.567367687994043	21.618596409777115	1	5.0	1.0
3	23.567367687994043	21.618596409777115	1	5.0	1.0
4	23.567367687994043	21.618596409777115	1	5.0	1.0
5	23.567367687994043	21.618596409777115	1	5.0	1.0
6	23.567367687994043	21.618596409777115	1	5.0	1.0
7	23.567367687994043	21.618596409777115	1	5.0	1.0
8	23.567367687994043	21.618596409777115	1	5.0	1.0
9	23.567367687994043	21.618596409777115	1	5.0	1.0
10	23.567367687994043	21.618596409777115	1	5.0	1.0
11	23.567367687994043	21.618596409777115	1	5.0	1.0
12	23.567367687994043	21.618596409777115	1	5.0	1.0
13	23.567367687994043	21.618596409777115	1	5.0	1.0
14	23.567367687994043	21.618596409777115	1	5.0	1.0
15	23.567367687994043	21.618596409777115	1	5.0	1.0
16	23.567367687994043	21.618596409777115	1	5.0	1.0
17	23.567367687994043	21.618596409777115	1	5.0	1.0
18	23.567367687994043	21.618596409777115	1	5.0	1.0
19	23.567367687994043	21.618596409777115	1	5.0	1.0
20	23.567367687994043	21.618596409777115	1	5.0	1.0
21	23.567367687994043	21.618596409777115	1	5.0	1.0
22	23.567367687994043	21.618596409777115	1	5.0	1.0
23	23.567367687994043	21.618596409777115	1	5.0	1.0
24	23.567367687994043	21.618596409777115	1	5.0	1.0
25	23.567367687994043	21.618596409777115	1	5.0	1.0
26	23.567367687994043	21.618596409777115	1	5.0	1.0
27	23.567367687994043	21.618596409777115	1	5.0	1.0
28	23.567367687994043	21.618596409777115	1	5.0	1.0
29	23.567367687994043	21.618596409777115	1	5.0	1.0
30	23.567367687994043	21.618596409777115	1	5.0	1.0
31	23.567367687994043	21.618596409777115	1	5.0	1.0
32	23.567367687994043	21.618596409777115	1	5.0	1.0
33	23.567367687994043	21.618596409777115	1	5.0	1.0
34	23.567367687994043	21.618596409777115	1	5.0	1.0
35	23.567367687994043	21.618596409777115	1	5.0	1.0
36	23.567367687994043	21.618596409777115	1	5.0	1.0
37	23.567367687994043	21.618596409777115	1	5.0	1.0
38	23.567367687994043	21.618596409777115	1	5.0	1.0
39	23.567367687994043	21.618596409777115	1	5.0	1.0
40	23.567367687994043	21.618596409777115	1	5.0	1.0
41	23.567367687994043	21.618596409777115	1	5.0	1.0
42	23.567367687994043	21.618596409777115	1	5.0	1.0
43	23.567367687994043	21.618596409777115	1	5.0	1.0
44	23.567367687994043	21.618596409777115	1	5.0	1.0
45	23.567367687994043	21.618596409777115	1	5.0	1.0
46	23.567367687994043	21.618596409777115	1	5.0	1.0
47	23.567367687994043	21.618596409777115	1	5.0	1.0
48	23.567367687994043	21.618596409777115	1	5.0	1.0
49	23.567367687994043	21.618596409777115	1	5.0	1.0
50	23.567367687994043	21.618596409777115	1	5.0	1.0
51	23.567367687994043	21.618596409777115	1	5.0	1.0
52	23.567367687994043	21.618596409777115	1	5.0	1.0
53	23.567367687994043	21.618596409777115	1	5.0	1.0
54	23.567367687994043	21.618596409777115	1	5.0	1.0
55	23.567367687994043	21.618596409777115	1	5.0	1.0
56	23.567367687994043	21.618596409777115	1	5.0	1.0
57	23.567367687994043	21.618596409777115	1	5.0	1.0
58	23.567367687994043	21.618596409777115	1	5.0	1.0
59	23.567367687994043	21.618596409777115	1	5.0	1.0
60	23.567367687994043	21.618596409777115	1	5.0	1.0
61	23.567367687994043	21.618596409777115	1	5.0	1.0
62	23.567367687994043	21.618596409777115	1	5.0	1.0
63	23.567367687994043	21.618596409777115	1	5.0	1.0
64	23.567367687994043	21.618596409777115	1	5.0	1.0
65	23.567367687994043	21.618596409777115	1	5.0	1.0
66	23.567367687994043	21.618596409777115	1	5.0	1.0
67	23.567367687994043	21.618596409777115	1	5.0	1.0
68	23.567367687994043	21.618596409777115	1	5.0	1.0
69	23.567367687994043	21.618596409777115	1	5.0	1.0
70	23.567367687994043	21.618596409777115	1	5.0	1.0
71	23.567367687994043	21.618596409777115	1	5.0	1.0
72	23.567367687994043	21.618596409777115	1	5.0	1.0
73	23.567367687994043	21.618596409777115	1	5.0	1.0
74	23.567367687994043	21.618596409777115	1	5.0	1.0
75	23.567367687994043	21.618596409777115	1	5.0	1.0
76	23.567367687994043	21.618596409777115	1	5.0	1.0
77	23.567367687994043	21.618596409777115	1	5.0	1.0
78	23.567367687994043	21.618596409777115	1	5.0	1.0
79	23.567367687994043	21.618596409777115	1	5.0	1.0
80	23.567367687994043	21.618596409777115	1	5.0	1.0
81	23.567367687994043	21.618596409777115	1	5.0	1.0
82	23.567367687994043	21.618596409777115	1	5.0	1.0
83	23.567367687994043	21.618596409777115	1	5.0	1.0
84	23.567367687994043	21.618596409777115	1	5.0	1.0
85	23.567367687994043	21.618596409777115	1	5.0	1.0
86	23.567367687994043	21.618596409777115	1	5.0	1.0
87	23.567367687994043	21.618596409777115	1	5.0	1.0
88	23.567367687994043	21.618596409777115	1	5.0	1.0
89	23.567367687994043	21.618596409777115	1	5.0	1.0
90	23.567367687994043	21.618596409777115	1	5.0	1.0
91	23.567367687994043	21.618596409777115	1	5.0	1.0
92	23.567367687994043	21.618596409777115	1	5.0	1.0
93	23.567367687994043	21.618596409777115	1	5.0	1.0
94	23.567367687994043	21.618596409777115	1	5.0	1.0
95	23.567367687994043	21.618596409777115	1	5.0	1.0
96	23.567367687994043	21.618596409777115	1	5.0	1.0
97	23.567367687994043	21.618596409777115	1	5.0	1.0
98	23.567367687994043	21.618596409777115	1	5.0	1.0
99	23.567367687994043	21.618596409777115	1	5.0	1.0
100	23.567367687994043	21.618596409777115	1	5.0	1.0
101	23.567367687994043	21.618596409777115	1	5.0	1.0
102	23.567367687994043	21.618596409777115	1	5.0	1.0
103	23.567367687994043	21.618596409777115	1	5.0	1.0
104	23.567367687994043	21.618596409777115	1	5.0	1.0
105	23.567367687994043	21.618596409777115	1	5.0	1.0
106	23.567367687994043	21.618596409777115	1	5.0	1.0
107	23.567367687994043	21.618596409777115	1	5.0	1.0
108	23.567367687994043	21.618596409777115	1	5.0	1.0
109	23.567367687994043	21.618596409777115	1	5.0	1.0
110	23.567367687994043	21.618596409777115	1	5.0	1.0
111	23.567367687994043	21.618596409777115	1	5.0	1.0
112	23.567367687994043	21.618596409777115	1	5.0	1.0
113	23.567367687994043	21.618596409777115	1	5.0	1.0
114	23.567367687994043	21.618596409777115	1	5.0	1.0
115	23.567367687994043	21.618596409777115	1	5.0	1.0
116	23.567367687994043	21.618596409777115	1	5.0	1.0
117	23.567367687994043	21.618596409777115	1	5.0	1.0
118	23.567367687994043	21.618596409777115	1	5.0	1.0
119	23.567367687994043	21.618596409777115	1	5.0	1.0
120	23.567367687994043	21.618596409777115	1	5.0	1.0
121	23.567367687994043	21.618596409777115	1	5.0	1.0
122	23.567367687994043	21.618596409777115	1	5.0	1.0
123	23.567367687994043	21.618596409777115	1	5.0	1.0
124	23.567367687994043	21.618596409777115	1	5.0	1.0
125	23.567367687994043	21.618596409777115	1	5.0	1.0
126	23.567367687994043	21.618596409777115	1	5.0	1.0
127	23.567367687994043	21.618596409777115	1	5.0	1.0
128	23.567367687994043	21.618596409777115	1	5.0	1.0
129	23.567367687994043	21.618596409777115	1	5.0	1.0
130	23.567367687994043	21.618596409777115	1	5.0	1.0
131	23.567367687994043	21.618596409777115	1	5.0	1.0
132	23.567367687994043	21.618596409777115	1	5.0	1.0
133	23.567367687994043	21.618596409777115	1	5.0	1.0
134	23.567367687994043	21.618596409777115	1	5.0	1.0
135	23.567367687994043	21.618596409777115	1	5.0	1.0
136	23.567367687994043	21.618596409777115	1	5.0	1.0
137	23.567367687994043	21.618596409777115	1	5.0	1.0
138	23.567367687994043	21.618596409777115	1	5.0	1.0
139	23.567367687994043	21.618596409777115	1	5.0	1.0
140	23.567367687994043	21.618596409777115	1	5.0	1.0
141	23.567367687994043	21.618596409777115	1	5.0	1.0
142	23.567367687994043	21.618596409777115	1	5.0	1.0
143	23.567367687994043	21.618596409777115	1	5.0	1.0
144	23.567367687994043	21.618596409777115	1	5.0	1.0
145	23.567367687994043	21.618596409777115	1	5.0	1.0
146	23.567367687994043	21.618596409777115	1	5.0	1.0
147	23.567367687994043	21.618596409777115	1	5.0	1.0
148	23.567367687994043	21.618596409777115	1	5.0	1.0
149	23.567367687994043	21.618596409777115	1	5.0	1.0
150	23.567367687994043	21.618596409777115	1	5.0	1.0
151	23.567367687994043	21.618596409777115	1	5.0	1.0
152	23.567367687994043	21.618596409777115	1	5.0	1.0
153	23.567367687994043	21.618596409777115	1	5.0	1.0
154	23.567367687994043	21.618596409777115	1	5.0	1.0
155	23.567367687994043	21.618596409777115	1	5.0	1.0
156	23.567367687994043	21.618596409777115	1	5.0	1.0
157	23.567367687994043	21.618596409777115	1	5.0	1.0
158	23.567367687994043	21.618596409777115	1	5.0	1.0
159	23.567367687994043	21.618596409777115	1	5.0	1.0
160	23.567367687994043	21.618596409777115	1	5.0	1.0
161	23.567367687994043	21.618596409777115	1	5.0	1.0
162	23.567367687994043	21.618596409777115	1	5.0	1.0
163	23.567367687994043	21.618596409777115	1	5.0	1.0
164	23.567367687994043	21.618596409777115	1	5.0	1.0
165	23.567367687994043	21.618596409777115	1	5.0	1.0
166	23.567367687994043	21.618596409777115	1	5.0	1.0
167	23.567367687994043	21.618596409777115	1	5.0	1.0
168	23.567367687994043	21.618596409777115	1	5.0	1.0
169	23.567367687994043	21.618596409777115	1	5.0	1.0
170	23.567367687994043	21.618596409777115	1	5.0	1.0
171	23.567367687994043	21.618596409777115	1	5.0	1.0
172	23.567367687994043	21.618596409777115	1	5.0	1.0
173	23.567367687994043	21.618596409777115	1	5.0	1.0
174	23.567367687994043	21.618596409777115	1	5.0	1.0
175	23.567367687994043	21.618596409777115	1	5.0	1.0
176	23.567367687994043	21.618596409777115	1	5.0	1.0
177	23.567367687994043	21.618596409777115	1	5.0	1.0
178	23.567367687994043	21.618596409777115	1	5.0	1.0
179	23.567367687994043	21.618596409777115	1	5.0	1.0
180	23.567367687994043	21.618596409777115	1	5.0	1.0
181	23.567367687994043	21.618596409777115	1	5.0	1.0
182	23.567367687994043	21.618596409777115	1	5.0	1.0
183	23.567367687994043	21.618596409777115	1	5.0	1.0
184	23.567367687994043	21.618596409777115	1	5.0	1.0
185	23.567367687994043	21.618596409777115	1	5.0	1.0
186	23.567367687994043	21.618596409777115	1	5.0	1.0
187	23.567367687994043	21.618596409777115	1	5.0	1.0
188	23.567367687994043	21.618596409777115	1	5.0	1.0
189	23.567367687994043	21.618596409777115	1	5.0	1.0
190	23.567367687994043	21.618596409777115	1	5.0	1.0
191	23.567367687994043	21.618596409777115	1	5.0	1.0
192	23.567367687994043	21.618596409777115	1	5.0	1.0
193	23.567367687994043	21.618596409777115	1	5.0	1.0
194	23.567367687994043	21.618596409777115	1	5.0	1.0
195	23.567367687994043	21.618596409777115	1	5.0	1.0
196	23.567367687994043	21.618596409777115	1	5.0	1.0
197	23.567367687994043	21.618596409777115	1	5.0	1.0
198	23.567367687994043	21.618596409777115	1	5.0	1.0
199	23.567367687994043	21.618596409777115	1	5.0	1.0
200	23.567367687994043	21.618596409777115	1	5.0	1.0
201	23.567367687994043	21.618596409777115	1	5.0	1.0
202	23.567367687994043	21.618596409777115	1	5.0	1.0
203	23.567367687994043	21.618596409777115	1	5.0	1.0
204	23.567367687994043	21.618596409777115	1	5.0	1.0
205	23.567367687994043	21.618596409777115	1	5.0	1.0
206	23.567367687994043	21.618596409777115	1	5.0	1.0
207	23.567367687994043	21.618596409777115	1	5.0	1.0
208	23.567367687994043	21.618596409777115	1	5.0	1.0
209	23.567367687994043	21.618596409777115	1	5.0	1.0
210	23.567367687994043	21.618596409777115	1	5.0	1.0
211	23.567367687994043	21.618596409777115	1	5.0	1.0
212	23.567367687994043	21.618596409777115	1	5.0	1.0
213	23.567367687994043	21.618596409777115	1	5.0	1.0
214	23.567367687994043	21.618596409777115	1	5.0	1.0
215	23.567367687994043	21.618596409777115	1	5.0	1.0
216	23.567367687994043	21.618596409777115	1	5.0	1.0
217	23.567367687994043	21.618596409777115	1	5.0	1.0
218	23.567367687994043	21.618596409777115	1	5.0	1.0
219	23.567367687994043	21.618596409777115	1	5.0	1.0
220	23.567367687994043	21.618596409777115	1	5.0	1.0
221	23.567367687994043	21.618596409777115	1	5.0	1.0
222	23.567367687994043	21.618596409777115	1	5.0	1.0
223	23.567367687994043	21.618596409777115	1	5.0	1.0
224	23.567367687994043	21.618596409777115	1	5.0	1.0
225	23.567367687994043	21.618596409777115	1	5.0	1.0
226	23.567367687994043	21.618596409777115	1	5.0	1.0
227	23.567367687994043	21.618596409777115	1	5.0	1.0
228	23.567367687994043	21.618596409777115	1	5.0	1.0
229	23.567367687994043	21.618596409777115	1	5.0	1.0
230	23.567367687994043	21.618596409777115	1	5.0	1.0
231	23.567367687994043	21.618596409777115	1	5.0	1.0
232	23.567367687994043	21.618596409777115	1	5.0	1.0
233	23.567367687994043	21.618596409777115	1	5.0	1.0
234	23.567367687994043	21.618596409777115	1	5.0	1.0
235	23.567367687994043	21.618596409777115	1	5.0	1.0
236	23.567367687994043	21.618596409777115	1	5.0	1.0
237	23.567367687994043	21.618596409777115	1	5.0	1.0
238	23.567367687994043	21.618596409777115	1	5.0	1.0
239	23.567367687994043	21.618596409777115	1	5.0	1.0
240	23.567367687994043	21.618596409777115	1	5.0	1.0
241	23.567367687994043	21.618596409777115	1	5.0	1.0
242	23.567367687994043	21.618596409777115	1	5.0	1.0
243	23.567367687994043	21.618596409777115	1	5.0	1.0
244	23.567367687994043	21.618596409777115	1	5.0	1.0
245	23.567367687994043	21.618596409777115	1	5.0	1.0
246	23.567367687994043	21.618596409777115	1	5.0	1.0
247	23.567367687994043	21.618596409777115	1	5.0	1.0
248	23.567367687994043	21.618596409777115	1	5.0	1.0
249	23.567367687994043	21.618596409777115	1	5.0	1.0
250	23.567367687994043	21.618596409777115	1	5.0	1.0
251	23.567367687994043	21.618596409777115	1	5.0	1.0
252	23.567367687994043	21.618596409777115	1	5.0	1.0
253	23.567367687994043	21.618596409777115	1	5.0	1.0
254	23.567367687994043	21.618596409777115	1	5.0	1.0
255	23.567367687994043	21.618596409777115	1	5.0	1.0
256	23.567367687994043	21.618596409777115	1	5.0	1.0
257	23.567367687994043	21.618596409777115	1	5.0	1.0
258	23.567367687994043	21.618596409777115	1	5.0	1.0
259	23.567367687994043	21.618596409777115	1	5.0	1.0
260	23.567367687994043	21.618596409777115	1	5.0	1.0
261	23.567367687994043	21.618596409777115	1	5.0	1.0
262	23.567367687994043	21.618596409777115	1	5.0	1.0
263	23.567367687994043	21.618596409777115	1	5.0	1.0
264	23.567367687994043	21.618596409777115	1	5.0	1.0
265	23.567367687994043	21.618596409777115	1	5.0	1.0
266	23.567367687994043	21.618596409777115	1	5.0	1.0
267	23.567367687994043	21.618596409777115	1	5.0	1.0
268	23.567367687994043	21.618596409777115	1	5.0	1.0
269	23.567367687994043	21.618596409777115	1	5.0	1.0
270	23.567367687994043	21.618596409777115	1	5.0	1.0
271	23.567367687994043	21.618596409777115	1	5.0	1.0
272	23.567367687994043	21.618596409777115	1	5.0	1.0
273	23.567367687994043	21.618596409777115	1	5.0	1.0
274	23.567367687994043	21.618596409777115	1	5.0	1.0
275	23.567367687994043	21.618596409777115	1	5.0	1.0
276	23.567367687994043	21.618596409777115	1	5.0	1.0
277	23.567367687994043	21.618596409777115	1	5.0	1.0
278	23.567367687994043	21.618596409777115	1	5.0	1.0
279	23.567367687994043	21.618596409777115	1	5.0	1.0
280	23.567367687994043	21.618596409777115	1	5.0	1.0
281	23.567367687994043	21.618596409777115	1	5.0	1.0
282	23.567367687994043	21.618596409777115	1	5.0	1.0
283	23.567367687994043	21.618596409777115	1	5.0	1.0
284	23.567367687994043	21.618596409777115	1	5.0	1.0
285	23.567367687994043	21.618596409777115	1	5.0	1.0
286	23.567367687994043	21.618596409777115	1	5.0	1.0
287	23.567367687994043	21.618596409777115	1	5.0	1.0
288	23.567367687994043	21.618596409777115	1	5.0	1.0
289	23.567367687994043	21.618596409777115	1	5.0	1.0
290	23.567367687994043	21.618596409777115	1	5.0	1.0
291	23.567367687994043	21.618596409777115	1	5.0	1.0
292	23.567367687994043	21.618596409777115	1	5.0	1.0
293	23.567367687994043	21.618596409777115	1	5.0	1.0
294	23.567367687994043	21.618596409777115	1	5.0	1.0
295	23.567367687994043	21.618596409777115	1	5.0	1.0
296	23.567367687994043	21.618596409777115	1	5.0	1.0
297	23.567367687994043	21.618596409777115	1	5.0	1.0
298	23.567367687994043	21.618596409777115	1	5.0	1.0
299	23.567367687994043	21.618596409777115	1	5.0	1.0
300	23.567367687994043	21.618596409777115	1	5.0	1.0
301	23.567367687994043	21.618596409777115	1	5.0	1.0
302	23.567367687994043	21.618596409777115	1	5.0	1.0
303	23.567367687994043	21.618596409777115	1	5.0	1.0
304	23.567367687994043	21.618596409777115	1	5.0	1.0
305	23.567367687994043	21.618596409777115	1	5.0	1.0
306	23.567367687994043	21.618596409777115	1	5.0	1.0
307	23.567367687994043	21.618596409777115	1	5.0	1.0
308	23.567367687994043	21.618596409777115	1	5.0	1.0
309	23.567367687994043	21.618596409777115	1	5.0	1.0
310	23.567367687994043	21.618596409777115	1	5.0	1.0
311	23.567367687994043	21.618596409777115	1	5.0	1.0
312	23.567367687994043	21.618596409777115	1	5.0	1.0
313	23.567367687994043	21.618596409777115	1	5.0	1.0
314	23.567367687994043	21.618596409777115	1	5.0	1.0
315	23.567367687994043	21.618596409777115	1	5.0	1.0
316	23.567367687994043	21.618596409777115	1	5.0	1.0
317	23.567367687994043	21.618596409777115	1	5.0	1.0
318	23.567367687994043	21.618596409777115	1	5.0	1.0
319	23.567367687994043	21.618596409777115	1	5.0	1.0
320	23.567367687994043	21.618596409777115	1	5.0	1.0
321	23.567367687994043	21.618596409777115	1	5.0	1.0
322	23.567367687994043	21.618596409777115	1	5.0	1.0
323	23.567367687994043	21.618596409777115	1	5.0	1.0
324	23.567367687994043	21.618596409777115	1	5.0	1.0
325	23.567367687994043	21.618596409777115	1	5.0	1.0
326	23.567367687994043	21.618596409777115	1	5.0	1.0
327	23.567367687994043	21.618596409777115	1	5.0	1.0
328	23.567367687994043	21.618596409777115	1	5.0	1.0
329	23.567367687994043	21.618596409777115	1	5.0	1.0
330	23.567367687994043	21.618596409777115	1	5.0	1.0
331	23.567367687994043	21.618596409777115	1	5.0	1.0
332	23.567367687994043	21.618596409777115	1	5.0	1.0
333	23.567367687994043	21.618596409777115	1	5.0	1.0
334	23.567367687994043	21.618596409777115	1	5.0	1.0
335	23.567367687994043	21.618596409777115	1	5.0	1.0
336	23.567367687994043	21.618596409777115	1	5.0	1.0
337	23.567367687994043	21.618596409777115	1	5.0	1.0
338	23.567367687994043	21.618596409777115	1	5.0	1.0
339	23.567367687994043	21.618596409777115	1	5.0	1.0
340	23.567367687994043	21.618596409777115	1	5.0	1.0
341	23.567367687994043	21.618596409777115	1	5.0	1.0
342	23.567367687994043	21.618596409777115	1	5.0	1.0
343	23.567367687994043	21.618596409777115	1	5.0	1.0
344	23.567367687994043	21.618596409777115	1	5.0	1.0
345	23.567367687994043	21.618596409777115	1	5.0	1.0
346	23.567367687994043	21.618596409777115	1	5.0	1.0
347	23.567367687994043	21.618596409777115	1	5.0	1.0
348	23.567367687994043	21.618596409777115	1	5.0	1.0
349	23.567367687994043	21.618596409777115	1	5.0	1.0
350	23.567367687994043	21.618596409777115	1	5.0	1.0
351	23.567367687994043	21.618596409777115	1	5.0	1.0
352	23.567367687994043	21.618596409777115	1	5.0	1.0
353	23.567367687994043	21.618596409777115	1	5.0	1.0
354	23.567367687994043	21.618596409777115	1	5.0	1.0
355	23.567367687994043	21.618596409777115	1	5.0	1.0
356	23.567367687994043	21.618596409777115	1	5.0	1.0
357	23.567367687994043	21.618596409777115	1	5.0	1.0
358	23.567367687994043	21.618596409777115	1	5.0	1.0
359	23.567367687994043	21.618596409777115	1	5.0	1.0
360	23.567367687994043	21.618596409777115	1	5.0	1.0
361	23.567367687994043	21.618596409777115	1	5.0	1.0
362	23.567367687994043	21.618596409777115	1	5.0	1.0
363	23.567367687994043	21.618596409777115	1	5.0	1.0
364	23.567367687994043	21.618596409777115	1	5.0	1.0
365	23.567367687994043	21.618596409777115	1	5.0	1.0
366	23.567367687994043	21.618596409777115	1	5.0	1.0
367	23.567367687994043	21.618596409777115	1	5.0	1.0
368	23.567367687994043	21.618596409777115	1	5.0	1.0
369	23.567367687994043	21.618596409777115	1	5.0	1.0
370	23.567367687994043	21.618596409777115	1	5.0	1.0
371	23.567367687994043	21.618596409777115	1	5.0	1.0
372	23.567367687994043	21.618596409777115	1	5.0	1.0
373	23.567367687994043	21.618596409777115	1	5.0	1.0
374	23.567367687994043	21.618596409777115	1	5.0	1.0
375	23.567367687994043	21.618596409777115	1	5.0	1.0
376	23.567367687994043	21.618596409777115	1	5.0	1.0
377	23.567367687994043	21.618596409777115	1	5.0	1.0
378	23.567367687994043	21.618596409777115	1	5.0	1.0
379	23.567367687994043	21.618596409777115	1	5.0	1.0
380	23.567367687994043	21.618596409777115	1	5.0	1.0
381	23.567367687994043	21.618596409777115	1	5.0	1.0
382	23.567367687994043	21.618596409777115	1	5.0	1.0
383	23.567367687994043	21.618596409777115	1	5.0	1.0
384	23.567367687994043	21.618596409777115	1	5.0	1.0
385	23.567367687994043	21.618596409777115	1	5.0	1.0
386	23.567367687994043	21.618596409777115	1	5.0	1.0
387	23.567367687994043	21.618596409777115	1	5.0	1.0
388	23.567367687994043	21.618596409777115	1	5.0	1.0
389	23.567367687994043	21.618596409777115	1	5.0	1.0
390	23.567367687994043	21.618596409777115	1	5.0	1.0
391	23.567367687994043	21.618596409777115	1	5.0	1.0
392	23.567367687994043	21.618596409777115	1	5.0	1.0
393	23.567367687994043	21.618596409777115	1	5.0	1.0
394	23.567367687994043	21.618596409777115	1	5.0	1.0
395	23.567367687994043	21.618596409777115	1	5.0	1.0
396	23.567367687994043	21.618596409777115	1	5.0	1.0
397	23.567367687994043	21.618596409777115	1	5.0	1.0
398	23.567367687994043	21.618596409777115	1	5.0	1.0
399	23.567367687994043	21.618596409777115	1	5.0	1.0
400	23.567367687994043	21.618596409777115	1	5.0	1.0
401	23.567367687994043	21.618596409777115	1	5.0	1.0
402	23.567367687994043	21.618596409777115	1	5.0	1.0
403	23.567367687994043	21.618596409777115	1	5.0	1.0
404	23.567367687994043	21.618596409777115	1	5.0	1.0
405	23.567367687994043	21.618596409777115	1	5.0	1.0
406	23.567367687994043	21.618596409777115	1	5.0	1.0
407	23.567367687994043	21.618596409777115	1	5.0	1.0
408	23.567367687994043	21.618596409777115	1	5.0	1.0
409	23.567367687994043	21.618596409777115	1	5.0	1.0
410	23.567367687994043	21.618596409777115	1	5.0	1.0
411	23.567367687994043	21.618596409777115	1	5.0	1.0
412	23.567367687994043	21.618596409777115	1	5.0	1.0
413	23.567367687994043	21.618596409777115	1	5.0	1.0
414	23.567367687994043	21.618596409777115	1	5.0	1.0
415	23.567367687994043	21.618596409777115	1	5.0	1.0
416	23.567367687994043	21.618596409777115	1	5.0	1.0
417	23.567367687994043	21.618596409777115	1	5.0	1.0
418	23.567367687994043	21.618596409777115	1	5.0	1.0
419	23.567367687994043	21.618596409777115	1	5.0	1.0
420	23.567367687994043	21.618596409777115	1	5.0	1.0
421	23.567367687994043	21.618596409777115	1	5.0	1.0
422	23.567367687994043	21.618596409777115	1	5.0	1.0
423	23.567367687994043	21.618596409777115	1	5.0	1.0
424	23.567367687994043	21.618596409777115	1	5.0	1.0
425	23.567367687994043	21.618596409777115	1	5.0	1.0
426	23.567367687994043	21.618596409777115	1	5.0	1.0
427	23.567367687994043	21.618596409777115	1	5.0	1.0
428	23.567367687994043	21.618596409777115	1	5.0	1.0
429	23.567367687994043	21.618596409777115	1	5.0	1.0
430	23.567367687994043	21.618596409777115	1	5.0	1.0
431	23.567367687994043	21.618596409777115	1	5.0	1.0
432	23.567367687994043	21.618596409777115	1	5.0	1.0
433	23.567367687994043	21.618596409777115	1	5.0	1.0
434	23.567367687994043	21.618596409777115	1	5.0	1.0
435	23.567367687994043	21.618596409777115	1	5.0	1.0
436	23.567367687994043	21.618596409777115	1	5.0	1.0
437	23.567367687994043	21.618596409777115	1	5.0	1.0
438	23.567367687994043	21.618596409777115	1	5.0	1.0
439	23.567367687994043	21.618596409777115	1	5.0	1.0
440	23.567367687994043	21.618596409777115	1	5.0	1.0
441	23.567367687994043	21.618596409777115	1	5.0	1.0
442	23.567367687994043	21.618596409777115	1	5.0	1.0
443	23.567367687994043	21.618596409777115	1	5.0	1.0
444	23.567367687994043	21.618596409777115	1	5.0	1.0
445	23.567367687994043	21.618596409777115	1	5.0	1.0
446	23.567367687994043	21.618596409777115	1	5.0	1.0
447	23.567367687994043	21.618596409777115	1	5.0	1.0
448	23.567367687994043	21.618596409777115	1	5.0	1.0
449	23.567367687994043	21.618596409777115	1	5.0	1.0
450	23.567367687994043	21.618596409777115	1	5.0	1.0
451	23.567367687994043	21.618596409777115	1	5.0	1.0
452	23.567367687994043	21.618596409777115	1	5.0	1.0
453	23.567367687994043	21.618596409777115	1	5.0	1.0
454	23.567367687994043	21.618596409777115	1	5.0	1.0
455	23.567367687994043	21.618596409777115	1	5.0	1.0
456	23.567367687994043	21.618596409777115	1	5.0	1.0
457	23.567367687994043	21.618596409777115	1	5.0	1.0
458	23.567367687994043	21.618596409777115	1	5.0	1.0
459	23.567367687994043	21.618596409777115	1	5.0	1.0
460	23.567367687994043	21.618596409777115	1	5.0	1.0
461	23.567367687994043	21.618596409777115	1	5.0	1.0
462	23.567367687994043	21.618596409777115	1	5.0	1.0
463	23.567367687994043	21.618596409777115	1	5.0	1.0
464	23.567367687994043	21.618596409777115	1	5.0	1.0
465	23.567367687994043	21.618596409777115	1	5.0	1.0
466	23.567367687994043	21.618596409777115	1	5.0	1.0
467	23.567367687994043	21.618596409777115	1	5.0	1.0
468	23.567367687994043	21.618596409777115	1	5.0	1.0
469	23.567367687994043	21.618596409777115	1	5.0	1.0
470	23.567367687994043	21.618596409777115	1	5.0	1.0
471	23.567367687994043	21.618596409777115	1	5.0	1.0
472	23.567367687994043	21.618596409777115	1	5.0	1.0
473	23.567367687994043	21.618596409777115	1	5.0	1.0
474	23.567367687994043	21.618596409777115	1	5.0	1.0
475	23.567367687994043	21.618596409777115	1	5.0	1.0
476	23.567367687994043	21.618596409777115	1	5.0	1.0
477	23.567367687994043	21.618596409777115	1	5.0	1.0
478	23.567367687994043	21.618596409777115	1	5.0	1.0
479	23.567367687994043	21.618596409777115	1	5.0	1.0
480	23.567367687994043	21.618596409777115	1	5.0	1.0
481	23.567367687994043	21.618596409777115	1	5.0	1.0
482	23.567367687994043	21.618596409777115	1	5.0	1.0
483	23.567367687994043	21.618596409777115	1	5.0	1.0
484	23.567367687994043	21.618596409777115	1	5.0	1.0
485	23.567367687994043	21.618596409777115	1	5.0	1.0
486	23.567367687994043	21.618596409777115	1	5.0	1.0
487	23.567367687994043	21.618596409777115	1	5.0	1.0
488	23.567367687994043	21.618596409777115	1	5.0	1.0
489	23.567367687994043	21.618596409777115	1	5.0	1.0
490	23.567367687994043	21.618596409777115	1	5.0	1.0
491	23.567367687994043	21.618596409777115	1	5.0	1.0
492	23.567367687994043	21.618596409777115	1	5.0	1.0
493	23.567367687994043	21.618596409777115	1	5.0	1.0
494	23.567367687994043	21.618596409777115	1	5.0	1.0
495	23.567367687994043	21.618596409777115	1	5.0	1.0
496	23.567367687994043	21.618596409777115	1	5.0	1.0
497	23.567367687994043	21.618596409777115	1	5.0	1.0
498	23.567367687994043	21.618596409777115	1	5.0	1.0
499	23.567367687994043	21.618596409777115	1	5.0	1.0
500	23.567367687994043	21.618596409777115	1	5.0	1.0
501	23.567367687994043	21.618596409777115	1	5.0	1.0
502	23.567367687994043	21.618596409777115	1	5.0	1.0
503	23.567367687994043	21.618596409777115	1	5.0	1.0
504	23.567367687994043	21.618596409777115	1	5.0	1.0
505	23.567367687994043	21.618596409777115	1	5.0	1.0
506	23.567367687994043	21.618596409777115	1	5.0	1.0
507	23.567367687994043	21.618596409777115	1	5.0	1.0
508	23.567367687994043	21.618596409777115	1	5.0	1.0
509	23.567367687994043	21.618596409777115	1	5.0	1.0
510	23.567367687994043	21.618596409777115	1	5.0	1.0
511	23.567367687994043	21.618596409777115	1	5.0	1.0
512	23.567367687994043	21.618596409777115	1	5.0	1.0
513	23.567367687994043	21.618596409777115	1	5.0	1.0
514	23.567367687994043	21.618596409777115	1	5.0	1.0
515	23.567367687994043	21.618596409777115	1	5.0	1.0
516	23.567367687994043	21.618596409777115	1	5.0	1.0
517	23.567367687994043	21.618596409777115	1	5.0	1.0
518	23.567367687994043	21.618596409777115	1	5.0	1.0
519	23.567367687994043	21.618596409777115	1	5.0	1.0
520	23.567367687994043	21.618596409777115	1	5.0	1.0
521	23.567367687994043	21.618596409777115	1	5.0	1.0
522	23.567367687994043	21.618596409777115	1	5.0	1.0
523	23.567367687994043	21.618596409777115	1	5.0	1.0
524	23.567367687994043	21.618596409777115	1	5.0	1.0
525	23.567367687994043	21.618596409777115	1	5.0	1.0
526	23.567367687994043	21.618596409777115	1	5.0	1.0
527	23.567367687994043	21.618596409777115	1	5.0	1.0
528	23.567367687994043	21.618596409777115	1	5.0	1.0
529	23.567367687994043	21.618596409777115	1	5.0	1.0
530	23.567367687994043	21.618596409777115	1	5.0	1.0
531	23.567367687994043	21.618596409777115	1	5.0	1.0
532	23.567367687994043	21.618596409777115	1	5.0	1.0
533	23.567367687994043	21.618596409777115	1	5.0	1.0
534	23.567367687994043	21.618596409777115	1	5.0	1.0
535	23.567367687994043	21.618596409777115	1	5.0	1.0
536	23.567367687994043	21.618596409777115	1	5.0	1.0
537	23.567367687994043	21.618596409777115	1	5.0	1.0
538	23.567367687994043	21.618596409777115	1	5.0	1.0
539	23.567367687994043	21.618596409777115	1	5.0	1.0
540	23.567367687994043	21.618596409777115	1	5.0	1.0
541	23.567367687994043	21.618596409777115	1	5.0	1.0
542	23.567367687994043	21.618596409777115	1	5.0	1.0
543	23.567367687994043	21.618596409777115	1	5.0	1.0
544	23.567367687994043	21.618596409777115	1	5.0	1.0
545	23.567367687994043	21.618596409777115	1	5.0	1.0
546	23.567367687994043	21.618596409777115	1	5.0	1.0
547	23.567367687994043	21.618596409777115	1	5.0	1.0
548	23.567367687994043	21.618596409777115	1	5.0	1.0
549	23.567367687994043	21.618596409777115	1	5.0	1.0
550	23.567367687994043	21.618596409777115	1	5.0	1.0
551	23.567367687994043	21.618596409777115	1	5.0	1.0
552	23.567367687994043	21.618596409777115	1	5.0	1.0
553	23.567367687994043	21.618596409777115	1	5.0	1.0
554	23.567367687994043	21.618596409777115	1	5.0	1.0
555	23.567367687994043	21.618596409777115	1	5.0	1.0
556	23.567367687994043	21.618596409777115	1	5.0	1.0
557	23.567367687994043	21.618596409777115	1	5.0	1.0
558	23.567367687994043	21.618596409777115	1	5.0	1.0
559	23.567367687994043	21.618596409777115	1	5.0	1.0
560	23.567367687994043	21.618596409777115	1	5.0	1.0
561	23.567367687994043	21.618596409777115	1	5.0	1.0
562	23.567367687994043	21.618596409777115	1	5.0	1.0
563	23.567367687994043	21.618596409777115	1	5.0	1.0
564	23.567367687994043	21.618596409777115	1	5.0	1.0
565	23.567367687994043	21.618596409777115	1	5.0	1.0
566	23.567367687994043	21.618596409777115	1	5.0	1.0
567	23.567367687994043	21.618596409777115	1	5.0	1.0
568	23.567367687994043	21.618596409777115	1	5.0	1.0
569	23.567367687994043	21.618596409777115	1	5.0	1.0
570	23.567367687994043	21.618596409777115	1	5.0	1.0
571	23.567367687994043	21.618596409777115	1	5.0	1.0
572	23.567367687994043	21.618596409777115	1	5.0	1.0
573	23.567367687994043	21.618596409777115	1	5.0	1.0
574	23.567367687994043	21.618596409777115	1	5.0	1.0
575	23.567367687994043	21.618596409777115	1	5.0	1.0
576	23.567367687994043	21.618596409777115	1	5.0	1.0
577	23.567367687994043	21.618596409777115	1	5.0	1.0
578	23.567367687994043	21.618596409777115	1	5.0	1.0
579	23.567367687994043	21.618596409777115	1	5.0	1.0
580	23.567367687994043	21.618596409777115	1	5.0	1.0
581	23.567367687994043	21.618596409777115	1	5.0	1.0
582	23.567367687994043	21.618596409777115	1	5.0	1.0
583	23.567367687994043	21.618596409777115	1	5.0	1.0
584	23.567367687994043	21.618596409777115	1	5.0	1.0
585	23.567367687994043	21.618596409777115	1	5.0	1.0
586	23.567367687994043	21.618596409777115	1	5.0	1.0
587	23.567367687994043	21.618596409777115	1	5.0	1.0
588	23.567367687994043	21.618596409777115	1	5.0	1.0
589	23.567367687994043	21.618596409777115	1	5.0	1.0
590	23.567367687994043	21.618596409777115	1	5.0	1.0
591	23.567367687994043	21.618596409777115	1	5.0	1.0
592	23.567367687994043	21.618596409777115	1	5.0	1.0
593	23.567367687994043	21.618596409777115	1	5.0	1.0
594	23.567367687994043	21.618596409777115	1	5.0	1.0
595	23.567367687994043	21.618596409777115	1	5.0	1.0
596	23.567367687994043	21.618596409777115	1	5.0	1.0
597	23.567367687994043	21.618596409777115	1	5.0	1.0
598	23.567367687994043	21.618596409777115	1	5.0	1.0
599	23.567367687994043	21.618596409777115	1	5.0	1.0
600	23.567367687994043	21.618596409777115	1	5.0	1.0
601	23.567367687994043	21.618596409777115	1	5.0	1.0
602	23.567367687994043	21.618596409777115	1	5.0	1.0
603	23.567367687994043	21.618596409777115	1	5.0	1.0
604	23.567367687994043	21.618596409777115	1	5.0	1.0
605	23.567367687994043	21.618596409777115	1	5.0	1.0
606	23.567367687994043	21.618596409777115	1	5.0	1.0
607	23.567367687994043	21.618596409777115	1	5.0	1.0
608	23.567367687994043	21.618596409777115	1	5.0	1.0
609	23.567367687994043	21.618596409777115	1	5.0	1.0
610	23.567367687994043	21.618596409777115	1	5.0	1.0
611	23.567367687994043	21.618596409777115	1	5.0	1.0
612	23.567367687994043	21.618596409777115	1	5.0	1.0
613	23.567367687994043	21.618596409777115	1	5.0	1.0
614	23.567367687994043	21.618596409777115	1	5.0	1.0
615	23.567367687994043	21.618596409777115	1	5.0	1.0
616	23.567367687994043	21.618596409777115	1	5.0	1.0
617	23.567367687994043	21.618596409777115	1	5.0	1.0
618	23.567367687994043	21.618596409777115	1	5.0	1.0
619	23.567367687994043	21.618596409777115	1	5.0	1.0
620	23.567367687994043	21.618596409777115	1	5.0	1.0
621	23.567367687994043	21.618596409777115	1	5.0	1.0
622	23.567367687994043	21.618596409777115	1	5.0	1.0
623	23.567367687994043	21.618596409777115	1	5.0	1.0
624	23.567367687994043	21.618596409777115	1	5.0	1.0
625	23.567367687994043	21.618596409777115	1	5.0	1.0
626	23.567367687994043	21.618596409777115	1	5.0	1.0
627	23.567367687994043	21.618596409777115	1	5.0	1.0
628	23.567367687994043	21.618596409777115	1	5.0	1.0
629	23.567367687994043	21.618596409777115	1	5.0	1.0
630	23.567367687994043	21.618596409777115	1	5.0	1.0
631	23.567367687994043	21.618596409777115	1	5.0	1.0
632	23.567367687994043	21.618596409777115	1	5.0	1.0
633	23.567367687994043	21.618596409777115	1	5.0	1.0
634	23.567367687994043	21.618596409777115	1	5.0	1.0
635	23.567367687994043	21.618596409777115	1	5.0	1.0
636	23.567367687994043	21.618596409777115	1	5.0	1.0
637	23.567367687994043	21.618596409777115	1	5.0	1.0
638	23.567367687994043	21.618596409777115	1	5.0	1.0
639	23.567367687994043	21.618596409777115	1	5.0	1.0
640	23.567367687994043	21.618596409777115	1	5.0	1.0
641	23.567367687994043	21.618596409777115	1	5.0	1.0
642	23.567367687994043	21.618596409777115	1	5.0	1.0
643	23.567367687994043	21.618596409777115	1	5.0	1.0
644	23.567367687994043	21.618596409777115	1	5.0	1.0
645	23.567367687994043	21.618596409777115	1	5.0	1.0
646	23.567367687994043	21.618596409777115	1	5.0	1.0
647	23.567367687994043	21.618596409777115	1	5.0	1.0
648	23.567367687994043	21.618596409777115	1	5.0	1.0
649	23.567367687994043	21.618596409777115	1	5.0	1.0
650	23.567367687994043	21.618596409777115	1	5.0	1.0
651	23.567367687994043	21.618596409777115	1	5.0	1.0
652	23.567367687994043	21.618596409777115	1	5.0	1.0
653	23.567367687994043	21.618596409777115	1	5.0	1.0
654	23.567367687994043	21.618596409777115	1	5.0	1.0
655	23.567367687994043	21.618596409777115	1	5.0	1.0
656	23.567367687994043	21.618596409777115	1	5.0	1.0
657	23.567367687994043	21.618596409777115	1	5.0	1.0
658	23.567367687994043	21.618596409777115	1	5.0	1.0
659	23.567367687994043	21.618596409777115	1	5.0	1.0
660	23.567367687994043	21.618596409777115	1	5.0	1.0
661	23.567367687994043	21.618596409777115	1	5.0	1.0
662	23.567367687994043	21.618596409777115	1	5.0	1.0
663	23.567367687994043	21.618596409777115	1	5.0	1.0
664	23.567367687994043	21.618596409777115	1	5.0	1.0
665	23.567367687994043	21.618596409777115	1	5.0	1.0
666	23.567367687994043	21.618596409777115	1	5.0	1.0
667	23.567367687994043	21.618596409777115	1	5.0	1.0
668	23.567367687994043	21.618596409777115	1	5.0	1.0
669	23.567367687994043	21.618596409777115	1	5.0	1.0
670	23.567367687994043	21.618596409777115	1	5.0	1.0
671	23.567367687994043	21.618596409777115	1	5.0	1.0
672	23.567367687994043	21.618596409777115	1	5.0	1.0
673	23.567367687994043	21.618596409777115	1	5.0	1.0
674	23.567367687994043	21.618596409777115	1	5.0	1.0
675	23.567367687994043	21.618596409777115	1	5.0	1.0
676	23.567367687994043	21.618596409777115	1	5.0	1.0
677	23.567367687994043	21.618596409777115	1	5.0	1.0
678	23.567367687994043	21.618596409777115	1	5.0	1.0
679	23.567367687994043	21.618596409777115	1	5.0	1.0
680	23.567367687994043	21.618596409777115	1	5.0	1.0
681	23.567367687994043	21.618596409777115	1	5.0	1.0
682	23.567367687994043	21.618596409777115	1	5.0	1.0
683	23.567367687994043	21.618596409777115	1	5.0	1.0
684	23.567367687994043	21.618596409777115	1	5.0	1.0
685	23.567367687994043	21.618596409777115	1	5.0	1.0
686	23.567367687994043	21.618596409777115	1	5.0	1.0
687	23.567367687994043	21.618596409777115	1	5.0	1.0
688	23.567367687994043	21.618596409777115	1	5.0	1.0
689	23.567367687994043	21.618596409777115	1	5.0	1.0
690	23.567367687994043	21.618596409777115	1	5.0	1.0
691	23.567367687994043	21.618596409777115	1	5.0	1.0
692	23.567367687994043	21.618596409777115	1	5.0	1.0
693	23.567367687994043	21.618596409777115	1	5.0	1.0
694	23.567367687994043	21.618596409777115	1	5.0	1.0
695	23.567367687994043	21.618596409777115	1	5.0	1.0
696	23.567367687994043	21.618596409777115	1	5.0	1.0
697	23.567367687994043	21.618596409777115	1	5.0	1.0
698	23.567367687994043	21.618596409777115	1	5.0	1.0
699	23.567367687994043	21.618596409777115	1	5.0	1.0
700	23.567367687994043	21.618596409777115	1	5.0	1.0
701	23.567367687994043	21.618596409777115	1	5.0	1.0
702	23.567367687994043	21.618596409777115	1	5.0	1.0
703	23.567367687994043	21.618596409777115	1	5.0	1.0
704	23.567367687994043	21.618596409777115	1	5.0	1.0
705	23.567367687994043	21.618596409777115	1	5.0	1.0
706	23.567367687994043	21.618596409777115	1	5.0	1.0
707	23.567367687994043	21.618596409777115	1	5.0	1.0
708	23.567367687994043	21.618596409777115	1	5.0	1.0
709	23.567367687994043	21.618596409777115	1	5.0	1.0
710	23.567367687994043	21.618596409777115	1	5.0	1.0
711	23.567367687994043	21.618596409777115	1	5.0	1.0
712	23.567367687994043	21.618596409777115	1	5.0	1.0
713	23.567367687994043	21.618596409777115	1	5.0	1.0
714	23.567367687994043	21.618596409777115	1	5.0	1.0
715	23.567367687994043	21.618596409777115	1	5.0	1.0
716	23.567367687994043	21.618596409777115	1	5.0	1.0
717	23.567367687994043	21.618596409777115	1	5.0	1.0
718	23.567367687994043	21.618596409777115	1	5.0	1.0
719	23.567367687994043	21.618596409777115	1	5.0	1.0
720	23.567367687994043	21.618596409777115	1	5.0	1.0
721	23.567367687994043	21.618596409777115	1	5.0	1.0
722	23.567367687994043	21.618596409777115	1	5.0	1.0
723	23.567367687994043	21.618596409777115	1	5.0	1.0
724	23.567367687994043	21.618596409777115	1	5.0	1.0
725	23.567367687994043	21.618596409777115	1	5.0	1.0
726	23.567367687994043	21.618596409777115	1	5.0	1.0
727	23.567367687994043	21.618596409777115	1	5.0	1.0
728	23.567367687994043	21.618596409777115	1	5.0	1.0
729	23.567367687994043	21.618596409777115	1	5.0	1.0
730	23.567367687994043	21.618596409777115	1	5.0	1.0
731	23.567367687994043	21.618596409777115	1	5.0	1.0
732	23.567367687994043	21.618596409777115	1	5.0	1.0
733	23.567367687994043	21.618596409777115	1	5.0	1.0
734	23.567367687994043	21.618596409777115	1	5.0	1.0
735	23.567367687994043	21.618596409777115	1	5.0	1.0
736	23.567367687994043	21.618596409777115	1	5.0	1.0
737	23.567367687994043	21.618596409777115	1	5.0	1.0
738	23.567367687994043	21.618596409777115	1	5.0	1.0
739	23.567367687994043	21.618596409777115	1	5.0	1.0
740	23.567367687994043	21.618596409777115	1	5.0	1.0
741	23.567367687994043	21.618596409777115	1	5.0	1.0
742	23.567367687994043	21.618596409777115	1	5.0	1.0
743	23.567367687994043	21.618596409777115	1	5.0	1.0
744	23.567367687994043	21.618596409777115	1	5.0	1.0
745	23.567367687994043	21.618596409777115	1	5.0	1.0
746	23.567367687994043	21.618596409777115	1	5.0	1.0
747	23.567367687994043	21.618596409777115	1	5.0	1.0
748	23.567367687994043	21.618596409777115	1	5.0	1.0
749	23.567367687994043	21.618596409777115	1	5.0	1.0
750	23.567367687994043	21.618596409777115	1	5.0	1.0
751	23.567367687994043	21.618596409777115	1	5.0	1.0
752	23.567367687994043	21.618596409777115	1	5.0	1.0
753	23.567367687994043	21.618596409777115	1	5.0	1.0
754	23.567367687994043	21.618596409777115	1	5.0	1.0
755	23.567367687994043	21.618596409777115	1	5.0	1.0
756	23.567367687994043	21.618596409777115	1	5.0	1.0
757	23.567367687994043	21.618596409777115	1	5.0	1.0
758	23.567367687994043	21.618596409777115	1	5.0	1.0
759	23.567367687994043	21.618596409777115	1	5.0	1.0
760	23.567367687994043	21.618596409777115	1	5.0	1.0
761	23.567367687994043	21.618596409777115	1	5.0	1.0
762	23.567367687994043	21.618596409777115	1	5.0	1.0
763	23.567367687994043	21.618596409777115	1	5.0	1.0
764	23.567367687994043	21.618596409777115	1	5.0	1.0
765	23.567367687994043	21.618596409777115	1	5.0	1.0
766	23.567367687994043	21.618596409777115	1	5.0	1.0
767	23.567367687994043	21.618596409777115	1	5.0	1.0
768	23.567367687994043	21.618596409777115	1	5.0	1.0
769	23.567367687994043	21.618596409777115	1	5.0	1.0
770	23.567367687994043	21.618596409777115	1	5.0	1.0
771	23.567367687994043	21.618596409777115	1	5.0	1.0
772	23.567367687994043	21.618596409777115	1	5.0	1.0
773	23.567367687994043	21.618596409777115	1	5.0	1.0
774	23.567367687994043	21.618596409777115	1	5.0	1.0
775	23.567367687994043	21.618596409777115	1	5.0	1.0
776	23.567367687994043	21.618596409777115	1	5.0	1.0
777	23.567367687994043	21.618596409777115	1	5.0	1.0
778	23.567367687994043	21.618596409777115	1	5.0	1.0
779	23.567367687994043	21.618596409777115	1	5.0	1.0
780	23.567367687994043	21.618596409777115	1	5.0	1.0
781	23.567367687994043	21.618596409777115	1	5.0	1.0
782	23.567367687994043	21.618596409777115	1	5.0	1.0
783	23.567367687994043	21.618596409777115	1	5.0	1.0
784	23.567367687994043	21.618596409777115	1	5.0	1.0
785	23.567367687994043	21.618596409777115	1	5.0	1.0
786	23.567367687994043	21.618596409777115	1	5.0	1.0
787	23.567367687994043	21.618596409777115	1	5.0	1.0
788	23.567367687994043	21.618596409777115	1	5.0	1.0
789	23.567367687994043	21.618596409777115	1	5.0	1.0
790	23.567367687994043	21.618596409777115	1	5.0	1.0
791	23.567367687994043	21.618596409777115	1	5.0	1.0
792	23.567367687994043	21.618596409777115	1	5.0	1.0
793	23.567367687994043	21.618596409777115	1	5.0	1.0
794	23.567367687994043	21.618596409777115	1	5.0	1.0
795	23.567367687994043	21.618596409777115	1	5.0	1.0
796	23.567367687994043	21.618596409777115	1	5.0	1.0
797	23.567367687994043	21.618596409777115	1	5.0	1.0
798	23.567367687994043	21.618596409777115	1	5.0	1.0
799	23.567367687994043	21.618596409777115	1	5.0	1.0
800	23.567367687994043	21.618596409777115	1	5.0	1.0
801	23.567367687994043	21.618596409777115	1	5.0	1.0
802	23.567367687994043	21.618596409777115	1	5.0	1.0
803	23.567367687994043	21.618596409777115	1	5.0	1.0
804	23.567367687994043	21.618596409777115	1	5.0	1.0
805	23.567367687994043	21.618596409777115	1	5.0	1.0
806	23.567367687994043	21.618596409777115	1	5.0	1.0
807	23.567367687994043	21.618596409777115	1	5.0	1.0
808	23.567367687994043	21.618596409777115	1	5.0	1.0
809	23.567367687994043	21.618596409777115	1	5.0	1.0
810	23.567367687994043	21.618596409777115	1	5.0	1.0
