TS	X	Y	Direction	Line_Man	Column_Man
0	27.368294468547383	32.77093256289973	1	6	7
1	27.368294468547383	32.77093256289973	1	6.0	7.0
2	27.368294468547383	32.77093256289973	1	6.0	7.0
3	27.368294468547383	32.77093256289973	1	6.0	7.0
4	27.368294468547383	32.77093256289973	1	6.0	7.0
5	27.368294468547383	32.77093256289973	1	6.0	7.0
6	27.368294468547383	32.77093256289973	1	6.0	7.0
7	27.368294468547383	32.77093256289973	1	6.0	7.0
8	27.368294468547383	32.77093256289973	1	6.0	7.0
9	27.368294468547383	32.77093256289973	1	6.0	7.0
10	27.368294468547383	32.77093256289973	1	6.0	7.0
11	27.368294468547383	32.77093256289973	1	6.0	7.0
12	27.368294468547383	32.77093256289973	1	6.0	7.0
13	27.368294468547383	32.77093256289973	1	6.0	7.0
14	27.368294468547383	32.77093256289973	1	6.0	7.0
15	27.368294468547383	32.77093256289973	1	6.0	7.0
16	27.368294468547383	32.77093256289973	1	6.0	7.0
17	27.368294468547383	32.77093256289973	1	6.0	7.0
18	27.368294468547383	32.77093256289973	1	6.0	7.0
19	27.368294468547383	32.77093256289973	1	6.0	7.0
20	27.368294468547383	32.77093256289973	1	6.0	7.0
21	27.368294468547383	32.77093256289973	1	6.0	7.0
22	27.368294468547383	32.77093256289973	1	6.0	7.0
23	27.368294468547383	32.77093256289973	1	6.0	7.0
24	27.368294468547383	32.77093256289973	1	6.0	7.0
25	27.368294468547383	32.77093256289973	1	6.0	7.0
26	27.368294468547383	32.77093256289973	1	6.0	7.0
27	27.368294468547383	32.77093256289973	1	6.0	7.0
28	27.368294468547383	32.77093256289973	1	6.0	7.0
29	27.368294468547383	32.77093256289973	1	6.0	7.0
30	27.368294468547383	32.77093256289973	1	6.0	7.0
31	27.368294468547383	32.77093256289973	1	6.0	7.0
32	27.368294468547383	32.77093256289973	1	6.0	7.0
33	27.368294468547383	32.77093256289973	1	6.0	7.0
34	27.368294468547383	32.77093256289973	1	6.0	7.0
35	27.368294468547383	32.77093256289973	1	6.0	7.0
36	27.368294468547383	32.77093256289973	1	6.0	7.0
37	27.368294468547383	32.77093256289973	1	6.0	7.0
38	27.368294468547383	32.77093256289973	1	6.0	7.0
39	27.368294468547383	32.77093256289973	1	6.0	7.0
40	27.368294468547383	32.77093256289973	1	6.0	7.0
41	27.368294468547383	32.77093256289973	1	6.0	7.0
42	27.368294468547383	32.77093256289973	1	6.0	7.0
43	27.368294468547383	32.77093256289973	1	6.0	7.0
44	27.368294468547383	32.77093256289973	1	6.0	7.0
45	27.368294468547383	32.77093256289973	1	6.0	7.0
46	27.368294468547383	32.77093256289973	1	6.0	7.0
47	27.368294468547383	32.77093256289973	1	6.0	7.0
48	27.368294468547383	32.77093256289973	1	6.0	7.0
49	27.368294468547383	32.77093256289973	1	6.0	7.0
50	27.368294468547383	32.77093256289973	1	6.0	7.0
51	27.368294468547383	32.77093256289973	1	6.0	7.0
52	27.368294468547383	32.77093256289973	1	6.0	7.0
53	27.368294468547383	32.77093256289973	1	6.0	7.0
54	27.368294468547383	32.77093256289973	1	6.0	7.0
55	27.368294468547383	32.77093256289973	1	6.0	7.0
56	27.368294468547383	32.77093256289973	1	6.0	7.0
57	27.368294468547383	32.77093256289973	1	6.0	7.0
58	27.368294468547383	32.77093256289973	1	6.0	7.0
59	27.368294468547383	32.77093256289973	1	6.0	7.0
60	27.368294468547383	32.77093256289973	1	6.0	7.0
61	27.368294468547383	32.77093256289973	1	6.0	7.0
62	27.368294468547383	32.77093256289973	1	6.0	7.0
63	27.368294468547383	32.77093256289973	1	6.0	7.0
64	27.368294468547383	32.77093256289973	1	6.0	7.0
65	27.368294468547383	32.77093256289973	1	6.0	7.0
66	27.368294468547383	32.77093256289973	1	6.0	7.0
67	27.368294468547383	32.77093256289973	1	6.0	7.0
68	27.368294468547383	32.77093256289973	1	6.0	7.0
69	27.368294468547383	32.77093256289973	1	6.0	7.0
70	27.368294468547383	32.77093256289973	1	6.0	7.0
71	27.368294468547383	32.77093256289973	1	6.0	7.0
72	27.368294468547383	32.77093256289973	1	6.0	7.0
73	27.368294468547383	32.77093256289973	1	6.0	7.0
74	27.368294468547383	32.77093256289973	1	6.0	7.0
75	27.368294468547383	32.77093256289973	1	6.0	7.0
76	27.368294468547383	32.77093256289973	1	6.0	7.0
77	27.368294468547383	32.77093256289973	1	6.0	7.0
78	27.368294468547383	32.77093256289973	1	6.0	7.0
79	27.368294468547383	32.77093256289973	1	6.0	7.0
80	27.368294468547383	32.77093256289973	1	6.0	7.0
81	27.368294468547383	32.77093256289973	1	6.0	7.0
82	27.368294468547383	32.77093256289973	1	6.0	7.0
83	27.368294468547383	32.77093256289973	1	6.0	7.0
84	27.368294468547383	32.77093256289973	1	6.0	7.0
85	27.368294468547383	32.77093256289973	1	6.0	7.0
86	27.368294468547383	32.77093256289973	1	6.0	7.0
87	27.368294468547383	32.77093256289973	1	6.0	7.0
88	27.368294468547383	32.77093256289973	1	6.0	7.0
89	27.368294468547383	32.77093256289973	1	6.0	7.0
90	27.368294468547383	32.77093256289973	1	6.0	7.0
91	27.368294468547383	32.77093256289973	1	6.0	7.0
92	27.368294468547383	32.77093256289973	1	6.0	7.0
93	27.368294468547383	32.77093256289973	1	6.0	7.0
94	27.368294468547383	32.77093256289973	1	6.0	7.0
95	27.368294468547383	32.77093256289973	1	6.0	7.0
96	27.368294468547383	32.77093256289973	1	6.0	7.0
97	27.368294468547383	32.77093256289973	1	6.0	7.0
98	27.368294468547383	32.77093256289973	1	6.0	7.0
99	27.368294468547383	32.77093256289973	1	6.0	7.0
100	27.368294468547383	32.77093256289973	1	6.0	7.0
101	27.368294468547383	32.77093256289973	1	6.0	7.0
102	27.368294468547383	32.77093256289973	1	6.0	7.0
103	27.368294468547383	32.77093256289973	1	6.0	7.0
104	27.368294468547383	32.77093256289973	1	6.0	7.0
105	27.368294468547383	32.77093256289973	1	6.0	7.0
106	27.368294468547383	32.77093256289973	1	6.0	7.0
107	27.368294468547383	32.77093256289973	1	6.0	7.0
108	27.368294468547383	32.77093256289973	1	6.0	7.0
109	27.368294468547383	32.77093256289973	1	6.0	7.0
110	27.368294468547383	32.77093256289973	1	6.0	7.0
111	27.368294468547383	32.77093256289973	1	6.0	7.0
112	27.368294468547383	32.77093256289973	1	6.0	7.0
113	27.368294468547383	32.77093256289973	1	6.0	7.0
114	27.368294468547383	32.77093256289973	1	6.0	7.0
115	27.368294468547383	32.77093256289973	1	6.0	7.0
116	27.368294468547383	32.77093256289973	1	6.0	7.0
117	27.368294468547383	32.77093256289973	1	6.0	7.0
118	27.368294468547383	32.77093256289973	1	6.0	7.0
119	27.368294468547383	32.77093256289973	1	6.0	7.0
120	27.368294468547383	32.77093256289973	1	6.0	7.0
121	27.368294468547383	32.77093256289973	1	6.0	7.0
122	27.368294468547383	32.77093256289973	1	6.0	7.0
123	27.368294468547383	32.77093256289973	1	6.0	7.0
124	27.368294468547383	32.77093256289973	1	6.0	7.0
125	27.368294468547383	32.77093256289973	1	6.0	7.0
126	27.368294468547383	32.77093256289973	1	6.0	7.0
127	27.368294468547383	32.77093256289973	1	6.0	7.0
128	27.368294468547383	32.77093256289973	1	6.0	7.0
129	27.368294468547383	32.77093256289973	1	6.0	7.0
130	27.368294468547383	32.77093256289973	1	6.0	7.0
131	27.368294468547383	32.77093256289973	1	6.0	7.0
132	27.368294468547383	32.77093256289973	1	6.0	7.0
133	27.368294468547383	32.77093256289973	1	6.0	7.0
134	27.368294468547383	32.77093256289973	1	6.0	7.0
135	27.368294468547383	32.77093256289973	1	6.0	7.0
136	27.368294468547383	32.77093256289973	1	6.0	7.0
137	27.368294468547383	32.77093256289973	1	6.0	7.0
138	27.368294468547383	32.77093256289973	1	6.0	7.0
139	27.368294468547383	32.77093256289973	1	6.0	7.0
140	27.368294468547383	32.77093256289973	1	6.0	7.0
141	27.368294468547383	32.77093256289973	1	6.0	7.0
142	27.368294468547383	32.77093256289973	1	6.0	7.0
143	27.368294468547383	32.77093256289973	1	6.0	7.0
144	27.368294468547383	32.77093256289973	1	6.0	7.0
145	27.368294468547383	32.77093256289973	1	6.0	7.0
146	27.368294468547383	32.77093256289973	1	6.0	7.0
147	27.368294468547383	32.77093256289973	1	6.0	7.0
148	27.368294468547383	32.77093256289973	1	6.0	7.0
149	27.368294468547383	32.77093256289973	1	6.0	7.0
150	27.368294468547383	32.77093256289973	1	6.0	7.0
151	27.368294468547383	32.77093256289973	1	6.0	7.0
152	27.368294468547383	32.77093256289973	1	6.0	7.0
153	27.368294468547383	32.77093256289973	1	6.0	7.0
154	27.368294468547383	32.77093256289973	1	6.0	7.0
155	27.368294468547383	32.77093256289973	1	6.0	7.0
156	27.368294468547383	32.77093256289973	1	6.0	7.0
157	27.368294468547383	32.77093256289973	1	6.0	7.0
158	27.368294468547383	32.77093256289973	1	6.0	7.0
159	27.368294468547383	32.77093256289973	1	6.0	7.0
160	27.368294468547383	32.77093256289973	1	6.0	7.0
161	27.368294468547383	32.77093256289973	1	6.0	7.0
162	27.368294468547383	32.77093256289973	1	6.0	7.0
163	27.368294468547383	32.77093256289973	1	6.0	7.0
164	27.368294468547383	32.77093256289973	1	6.0	7.0
165	27.368294468547383	32.77093256289973	1	6.0	7.0
166	27.368294468547383	32.77093256289973	1	6.0	7.0
167	27.368294468547383	32.77093256289973	1	6.0	7.0
168	27.368294468547383	32.77093256289973	1	6.0	7.0
169	27.368294468547383	32.77093256289973	1	6.0	7.0
170	27.368294468547383	32.77093256289973	1	6.0	7.0
171	27.368294468547383	32.77093256289973	1	6.0	7.0
172	27.368294468547383	32.77093256289973	1	6.0	7.0
173	27.368294468547383	32.77093256289973	1	6.0	7.0
174	27.368294468547383	32.77093256289973	1	6.0	7.0
175	27.368294468547383	32.77093256289973	1	6.0	7.0
176	27.368294468547383	32.77093256289973	1	6.0	7.0
177	27.368294468547383	32.77093256289973	1	6.0	7.0
178	27.368294468547383	32.77093256289973	1	6.0	7.0
179	27.368294468547383	32.77093256289973	1	6.0	7.0
180	27.368294468547383	32.77093256289973	1	6.0	7.0
181	27.368294468547383	32.77093256289973	1	6.0	7.0
182	27.368294468547383	32.77093256289973	1	6.0	7.0
183	27.368294468547383	32.77093256289973	1	6.0	7.0
184	27.368294468547383	32.77093256289973	1	6.0	7.0
185	27.368294468547383	32.77093256289973	1	6.0	7.0
186	27.368294468547383	32.77093256289973	1	6.0	7.0
187	27.368294468547383	32.77093256289973	1	6.0	7.0
188	27.368294468547383	32.77093256289973	1	6.0	7.0
189	27.368294468547383	32.77093256289973	1	6.0	7.0
190	27.368294468547383	32.77093256289973	1	6.0	7.0
191	27.368294468547383	32.77093256289973	1	6.0	7.0
192	27.368294468547383	32.77093256289973	1	6.0	7.0
193	27.368294468547383	32.77093256289973	1	6.0	7.0
194	27.368294468547383	32.77093256289973	1	6.0	7.0
195	27.368294468547383	32.77093256289973	1	6.0	7.0
196	27.368294468547383	32.77093256289973	1	6.0	7.0
197	27.368294468547383	32.77093256289973	1	6.0	7.0
198	27.368294468547383	32.77093256289973	1	6.0	7.0
199	27.368294468547383	32.77093256289973	1	6.0	7.0
200	27.368294468547383	32.77093256289973	1	6.0	7.0
201	27.368294468547383	32.77093256289973	1	6.0	7.0
202	27.368294468547383	32.77093256289973	1	6.0	7.0
203	27.368294468547383	32.77093256289973	1	6.0	7.0
204	27.368294468547383	32.77093256289973	1	6.0	7.0
205	27.368294468547383	32.77093256289973	1	6.0	7.0
206	27.368294468547383	32.77093256289973	1	6.0	7.0
207	27.368294468547383	32.77093256289973	1	6.0	7.0
208	27.368294468547383	32.77093256289973	1	6.0	7.0
209	27.368294468547383	32.77093256289973	1	6.0	7.0
210	27.368294468547383	32.77093256289973	1	6.0	7.0
211	27.368294468547383	32.77093256289973	1	6.0	7.0
212	27.368294468547383	32.77093256289973	1	6.0	7.0
213	27.368294468547383	32.77093256289973	1	6.0	7.0
214	27.368294468547383	32.77093256289973	1	6.0	7.0
215	27.368294468547383	32.77093256289973	1	6.0	7.0
216	27.368294468547383	32.77093256289973	1	6.0	7.0
217	27.368294468547383	32.77093256289973	1	6.0	7.0
218	27.368294468547383	32.77093256289973	1	6.0	7.0
219	27.368294468547383	32.77093256289973	1	6.0	7.0
220	27.368294468547383	32.77093256289973	1	6.0	7.0
221	27.368294468547383	32.77093256289973	1	6.0	7.0
222	27.368294468547383	32.77093256289973	1	6.0	7.0
223	27.368294468547383	32.77093256289973	1	6.0	7.0
224	27.368294468547383	32.77093256289973	1	6.0	7.0
225	27.368294468547383	32.77093256289973	1	6.0	7.0
226	27.368294468547383	32.77093256289973	1	6.0	7.0
227	27.368294468547383	32.77093256289973	1	6.0	7.0
228	27.368294468547383	32.77093256289973	1	6.0	7.0
229	27.368294468547383	32.77093256289973	1	6.0	7.0
230	27.368294468547383	32.77093256289973	1	6.0	7.0
231	27.368294468547383	32.77093256289973	1	6.0	7.0
232	27.368294468547383	32.77093256289973	1	6.0	7.0
233	27.368294468547383	32.77093256289973	1	6.0	7.0
234	27.368294468547383	32.77093256289973	1	6.0	7.0
235	27.368294468547383	32.77093256289973	1	6.0	7.0
236	27.368294468547383	32.77093256289973	1	6.0	7.0
237	27.368294468547383	32.77093256289973	1	6.0	7.0
238	27.368294468547383	32.77093256289973	1	6.0	7.0
239	27.368294468547383	32.77093256289973	1	6.0	7.0
240	27.368294468547383	32.77093256289973	1	6.0	7.0
241	27.368294468547383	32.77093256289973	1	6.0	7.0
242	27.368294468547383	32.77093256289973	1	6.0	7.0
243	27.368294468547383	32.77093256289973	1	6.0	7.0
244	27.368294468547383	32.77093256289973	1	6.0	7.0
245	27.368294468547383	32.77093256289973	1	6.0	7.0
246	27.368294468547383	32.77093256289973	1	6.0	7.0
247	27.368294468547383	32.77093256289973	1	6.0	7.0
248	27.368294468547383	32.77093256289973	1	6.0	7.0
249	27.368294468547383	32.77093256289973	1	6.0	7.0
250	27.368294468547383	32.77093256289973	1	6.0	7.0
251	27.368294468547383	32.77093256289973	1	6.0	7.0
252	27.368294468547383	32.77093256289973	1	6.0	7.0
253	27.368294468547383	32.77093256289973	1	6.0	7.0
254	27.368294468547383	32.77093256289973	1	6.0	7.0
255	27.368294468547383	32.77093256289973	1	6.0	7.0
256	27.368294468547383	32.77093256289973	1	6.0	7.0
257	27.368294468547383	32.77093256289973	1	6.0	7.0
258	27.368294468547383	32.77093256289973	1	6.0	7.0
259	27.368294468547383	32.77093256289973	1	6.0	7.0
260	27.368294468547383	32.77093256289973	1	6.0	7.0
261	27.368294468547383	32.77093256289973	1	6.0	7.0
262	27.368294468547383	32.77093256289973	1	6.0	7.0
263	27.368294468547383	32.77093256289973	1	6.0	7.0
264	27.368294468547383	32.77093256289973	1	6.0	7.0
265	27.368294468547383	32.77093256289973	1	6.0	7.0
266	27.368294468547383	32.77093256289973	1	6.0	7.0
267	27.368294468547383	32.77093256289973	1	6.0	7.0
268	27.368294468547383	32.77093256289973	1	6.0	7.0
269	27.368294468547383	32.77093256289973	1	6.0	7.0
270	27.368294468547383	32.77093256289973	1	6.0	7.0
271	27.368294468547383	32.77093256289973	1	6.0	7.0
272	27.368294468547383	32.77093256289973	1	6.0	7.0
273	27.368294468547383	32.77093256289973	1	6.0	7.0
274	27.368294468547383	32.77093256289973	1	6.0	7.0
275	27.368294468547383	32.77093256289973	1	6.0	7.0
276	27.368294468547383	32.77093256289973	1	6.0	7.0
277	27.368294468547383	32.77093256289973	1	6.0	7.0
278	27.368294468547383	32.77093256289973	1	6.0	7.0
279	27.368294468547383	32.77093256289973	1	6.0	7.0
280	27.368294468547383	32.77093256289973	1	6.0	7.0
281	27.368294468547383	32.77093256289973	1	6.0	7.0
282	27.368294468547383	32.77093256289973	1	6.0	7.0
283	27.368294468547383	32.77093256289973	1	6.0	7.0
284	27.368294468547383	32.77093256289973	1	6.0	7.0
285	27.368294468547383	32.77093256289973	1	6.0	7.0
286	27.368294468547383	32.77093256289973	1	6.0	7.0
287	27.368294468547383	32.77093256289973	1	6.0	7.0
288	27.368294468547383	32.77093256289973	1	6.0	7.0
289	27.368294468547383	32.77093256289973	1	6.0	7.0
290	27.368294468547383	32.77093256289973	1	6.0	7.0
291	27.368294468547383	32.77093256289973	1	6.0	7.0
292	27.368294468547383	32.77093256289973	1	6.0	7.0
293	27.368294468547383	32.77093256289973	1	6.0	7.0
294	27.368294468547383	32.77093256289973	1	6.0	7.0
295	27.368294468547383	32.77093256289973	1	6.0	7.0
296	27.368294468547383	32.77093256289973	1	6.0	7.0
297	27.368294468547383	32.77093256289973	1	6.0	7.0
298	27.368294468547383	32.77093256289973	1	6.0	7.0
299	27.368294468547383	32.77093256289973	1	6.0	7.0
300	27.368294468547383	32.77093256289973	1	6.0	7.0
301	27.368294468547383	32.77093256289973	1	6.0	7.0
302	27.368294468547383	32.77093256289973	1	6.0	7.0
303	27.368294468547383	32.77093256289973	1	6.0	7.0
304	27.368294468547383	32.77093256289973	1	6.0	7.0
305	27.368294468547383	32.77093256289973	1	6.0	7.0
306	27.368294468547383	32.77093256289973	1	6.0	7.0
307	27.368294468547383	32.77093256289973	1	6.0	7.0
308	27.368294468547383	32.77093256289973	1	6.0	7.0
309	27.368294468547383	32.77093256289973	1	6.0	7.0
310	27.368294468547383	32.77093256289973	1	6.0	7.0
311	27.368294468547383	32.77093256289973	1	6.0	7.0
312	27.368294468547383	32.77093256289973	1	6.0	7.0
313	27.368294468547383	32.77093256289973	1	6.0	7.0
314	27.368294468547383	32.77093256289973	1	6.0	7.0
315	27.368294468547383	32.77093256289973	1	6.0	7.0
316	27.368294468547383	32.77093256289973	1	6.0	7.0
317	27.368294468547383	32.77093256289973	1	6.0	7.0
318	27.368294468547383	32.77093256289973	1	6.0	7.0
319	27.368294468547383	32.77093256289973	1	6.0	7.0
320	27.368294468547383	32.77093256289973	1	6.0	7.0
321	27.368294468547383	32.77093256289973	1	6.0	7.0
322	27.368294468547383	32.77093256289973	1	6.0	7.0
323	27.368294468547383	32.77093256289973	1	6.0	7.0
324	27.368294468547383	32.77093256289973	1	6.0	7.0
325	27.368294468547383	32.77093256289973	1	6.0	7.0
326	27.368294468547383	32.77093256289973	1	6.0	7.0
327	27.368294468547383	32.77093256289973	1	6.0	7.0
328	27.368294468547383	32.77093256289973	1	6.0	7.0
329	27.368294468547383	32.77093256289973	1	6.0	7.0
330	27.368294468547383	32.77093256289973	1	6.0	7.0
331	27.368294468547383	32.77093256289973	1	6.0	7.0
332	27.368294468547383	32.77093256289973	1	6.0	7.0
333	27.368294468547383	32.77093256289973	1	6.0	7.0
334	27.368294468547383	32.77093256289973	1	6.0	7.0
335	27.368294468547383	32.77093256289973	1	6.0	7.0
336	27.368294468547383	32.77093256289973	1	6.0	7.0
337	27.368294468547383	32.77093256289973	1	6.0	7.0
338	27.368294468547383	32.77093256289973	1	6.0	7.0
339	27.368294468547383	32.77093256289973	1	6.0	7.0
340	27.368294468547383	32.77093256289973	1	6.0	7.0
341	27.368294468547383	32.77093256289973	1	6.0	7.0
342	27.368294468547383	32.77093256289973	1	6.0	7.0
343	27.368294468547383	32.77093256289973	1	6.0	7.0
344	27.368294468547383	32.77093256289973	1	6.0	7.0
345	27.368294468547383	32.77093256289973	1	6.0	7.0
346	27.368294468547383	32.77093256289973	1	6.0	7.0
347	27.368294468547383	32.77093256289973	1	6.0	7.0
348	27.368294468547383	32.77093256289973	1	6.0	7.0
349	27.368294468547383	32.77093256289973	1	6.0	7.0
350	27.368294468547383	32.77093256289973	1	6.0	7.0
351	27.368294468547383	32.77093256289973	1	6.0	7.0
352	27.368294468547383	32.77093256289973	1	6.0	7.0
353	27.368294468547383	32.77093256289973	1	6.0	7.0
354	27.368294468547383	32.77093256289973	1	6.0	7.0
355	27.368294468547383	32.77093256289973	1	6.0	7.0
356	27.368294468547383	32.77093256289973	1	6.0	7.0
357	27.368294468547383	32.77093256289973	1	6.0	7.0
358	27.368294468547383	32.77093256289973	1	6.0	7.0
359	27.368294468547383	32.77093256289973	1	6.0	7.0
360	27.368294468547383	32.77093256289973	1	6.0	7.0
361	27.368294468547383	32.77093256289973	1	6.0	7.0
362	27.368294468547383	32.77093256289973	1	6.0	7.0
363	27.368294468547383	32.77093256289973	1	6.0	7.0
364	27.368294468547383	32.77093256289973	1	6.0	7.0
365	27.368294468547383	32.77093256289973	1	6.0	7.0
366	27.368294468547383	32.77093256289973	1	6.0	7.0
367	27.368294468547383	32.77093256289973	1	6.0	7.0
368	27.368294468547383	32.77093256289973	1	6.0	7.0
369	27.368294468547383	32.77093256289973	1	6.0	7.0
370	27.368294468547383	32.77093256289973	1	6.0	7.0
371	27.368294468547383	32.77093256289973	1	6.0	7.0
372	27.368294468547383	32.77093256289973	1	6.0	7.0
373	27.368294468547383	32.77093256289973	1	6.0	7.0
374	27.368294468547383	32.77093256289973	1	6.0	7.0
375	27.368294468547383	32.77093256289973	1	6.0	7.0
376	27.368294468547383	32.77093256289973	1	6.0	7.0
377	27.368294468547383	32.77093256289973	1	6.0	7.0
378	27.368294468547383	32.77093256289973	1	6.0	7.0
379	27.368294468547383	32.77093256289973	1	6.0	7.0
380	27.368294468547383	32.77093256289973	1	6.0	7.0
381	27.368294468547383	32.77093256289973	1	6.0	7.0
382	27.368294468547383	32.77093256289973	1	6.0	7.0
383	27.368294468547383	32.77093256289973	1	6.0	7.0
384	27.368294468547383	32.77093256289973	1	6.0	7.0
385	27.368294468547383	32.77093256289973	1	6.0	7.0
386	27.368294468547383	32.77093256289973	1	6.0	7.0
387	27.368294468547383	32.77093256289973	1	6.0	7.0
388	27.368294468547383	32.77093256289973	1	6.0	7.0
389	27.368294468547383	32.77093256289973	1	6.0	7.0
390	27.368294468547383	32.77093256289973	1	6.0	7.0
391	27.368294468547383	32.77093256289973	1	6.0	7.0
392	27.368294468547383	32.77093256289973	1	6.0	7.0
393	27.368294468547383	32.77093256289973	1	6.0	7.0
394	27.368294468547383	32.77093256289973	1	6.0	7.0
395	27.368294468547383	32.77093256289973	1	6.0	7.0
396	27.368294468547383	32.77093256289973	1	6.0	7.0
397	27.368294468547383	32.77093256289973	1	6.0	7.0
398	27.368294468547383	32.77093256289973	1	6.0	7.0
399	27.368294468547383	32.77093256289973	1	6.0	7.0
400	27.368294468547383	32.77093256289973	1	6.0	7.0
401	27.368294468547383	32.77093256289973	1	6.0	7.0
402	27.368294468547383	32.77093256289973	1	6.0	7.0
403	27.368294468547383	32.77093256289973	1	6.0	7.0
404	27.368294468547383	32.77093256289973	1	6.0	7.0
405	27.368294468547383	32.77093256289973	1	6.0	7.0
406	27.368294468547383	32.77093256289973	1	6.0	7.0
407	27.368294468547383	32.77093256289973	1	6.0	7.0
408	27.368294468547383	32.77093256289973	1	6.0	7.0
409	27.368294468547383	32.77093256289973	1	6.0	7.0
410	27.368294468547383	32.77093256289973	1	6.0	7.0
411	27.368294468547383	32.77093256289973	1	6.0	7.0
412	27.368294468547383	32.77093256289973	1	6.0	7.0
413	27.368294468547383	32.77093256289973	1	6.0	7.0
414	27.368294468547383	32.77093256289973	1	6.0	7.0
415	27.368294468547383	32.77093256289973	1	6.0	7.0
416	27.368294468547383	32.77093256289973	1	6.0	7.0
417	27.368294468547383	32.77093256289973	1	6.0	7.0
418	27.368294468547383	32.77093256289973	1	6.0	7.0
419	27.368294468547383	32.77093256289973	1	6.0	7.0
420	27.368294468547383	32.77093256289973	1	6.0	7.0
421	27.368294468547383	32.77093256289973	1	6.0	7.0
422	27.368294468547383	32.77093256289973	1	6.0	7.0
423	27.368294468547383	32.77093256289973	1	6.0	7.0
424	27.368294468547383	32.77093256289973	1	6.0	7.0
425	27.368294468547383	32.77093256289973	1	6.0	7.0
426	27.368294468547383	32.77093256289973	1	6.0	7.0
427	27.368294468547383	32.77093256289973	1	6.0	7.0
428	27.368294468547383	32.77093256289973	1	6.0	7.0
429	27.368294468547383	32.77093256289973	1	6.0	7.0
430	27.368294468547383	32.77093256289973	1	6.0	7.0
431	27.368294468547383	32.77093256289973	1	6.0	7.0
432	27.368294468547383	32.77093256289973	1	6.0	7.0
433	27.368294468547383	32.77093256289973	1	6.0	7.0
434	27.368294468547383	32.77093256289973	1	6.0	7.0
435	27.368294468547383	32.77093256289973	1	6.0	7.0
436	27.368294468547383	32.77093256289973	1	6.0	7.0
437	27.368294468547383	32.77093256289973	1	6.0	7.0
438	27.368294468547383	32.77093256289973	1	6.0	7.0
439	27.368294468547383	32.77093256289973	1	6.0	7.0
440	27.368294468547383	32.77093256289973	1	6.0	7.0
441	27.368294468547383	32.77093256289973	1	6.0	7.0
442	27.368294468547383	32.77093256289973	1	6.0	7.0
443	27.368294468547383	32.77093256289973	1	6.0	7.0
444	27.368294468547383	32.77093256289973	1	6.0	7.0
445	27.368294468547383	32.77093256289973	1	6.0	7.0
446	27.368294468547383	32.77093256289973	1	6.0	7.0
447	27.368294468547383	32.77093256289973	1	6.0	7.0
448	27.368294468547383	32.77093256289973	1	6.0	7.0
449	27.368294468547383	32.77093256289973	1	6.0	7.0
450	27.368294468547383	32.77093256289973	1	6.0	7.0
451	27.368294468547383	32.77093256289973	1	6.0	7.0
452	27.368294468547383	32.77093256289973	1	6.0	7.0
453	27.368294468547383	32.77093256289973	1	6.0	7.0
454	27.368294468547383	32.77093256289973	1	6.0	7.0
455	27.368294468547383	32.77093256289973	1	6.0	7.0
456	27.368294468547383	32.77093256289973	1	6.0	7.0
457	27.368294468547383	32.77093256289973	1	6.0	7.0
458	27.368294468547383	32.77093256289973	1	6.0	7.0
459	27.368294468547383	32.77093256289973	1	6.0	7.0
460	27.368294468547383	32.77093256289973	1	6.0	7.0
461	27.368294468547383	32.77093256289973	1	6.0	7.0
462	27.368294468547383	32.77093256289973	1	6.0	7.0
463	27.368294468547383	32.77093256289973	1	6.0	7.0
464	27.368294468547383	32.77093256289973	1	6.0	7.0
465	27.368294468547383	32.77093256289973	1	6.0	7.0
466	27.368294468547383	32.77093256289973	1	6.0	7.0
467	27.368294468547383	32.77093256289973	1	6.0	7.0
468	27.368294468547383	32.77093256289973	1	6.0	7.0
469	27.368294468547383	32.77093256289973	1	6.0	7.0
470	27.368294468547383	32.77093256289973	1	6.0	7.0
471	27.368294468547383	32.77093256289973	1	6.0	7.0
472	27.368294468547383	32.77093256289973	1	6.0	7.0
473	27.368294468547383	32.77093256289973	1	6.0	7.0
474	27.368294468547383	32.77093256289973	1	6.0	7.0
475	27.368294468547383	32.77093256289973	1	6.0	7.0
476	27.368294468547383	32.77093256289973	1	6.0	7.0
477	27.368294468547383	32.77093256289973	1	6.0	7.0
478	27.368294468547383	32.77093256289973	1	6.0	7.0
479	27.368294468547383	32.77093256289973	1	6.0	7.0
480	27.368294468547383	32.77093256289973	1	6.0	7.0
481	27.368294468547383	32.77093256289973	1	6.0	7.0
482	27.368294468547383	32.77093256289973	1	6.0	7.0
483	27.368294468547383	32.77093256289973	1	6.0	7.0
484	27.368294468547383	32.77093256289973	1	6.0	7.0
485	27.368294468547383	32.77093256289973	1	6.0	7.0
486	27.368294468547383	32.77093256289973	1	6.0	7.0
487	27.368294468547383	32.77093256289973	1	6.0	7.0
488	27.368294468547383	32.77093256289973	1	6.0	7.0
489	27.368294468547383	32.77093256289973	1	6.0	7.0
490	27.368294468547383	32.77093256289973	1	6.0	7.0
491	27.368294468547383	32.77093256289973	1	6.0	7.0
492	27.368294468547383	32.77093256289973	1	6.0	7.0
493	27.368294468547383	32.77093256289973	1	6.0	7.0
494	27.368294468547383	32.77093256289973	1	6.0	7.0
495	27.368294468547383	32.77093256289973	1	6.0	7.0
496	27.368294468547383	32.77093256289973	1	6.0	7.0
497	27.368294468547383	32.77093256289973	1	6.0	7.0
498	27.368294468547383	32.77093256289973	1	6.0	7.0
499	27.368294468547383	32.77093256289973	1	6.0	7.0
500	27.368294468547383	32.77093256289973	1	6.0	7.0
501	27.368294468547383	32.77093256289973	1	6.0	7.0
502	27.368294468547383	32.77093256289973	1	6.0	7.0
503	27.368294468547383	32.77093256289973	1	6.0	7.0
504	27.368294468547383	32.77093256289973	1	6.0	7.0
505	27.368294468547383	32.77093256289973	1	6.0	7.0
506	27.368294468547383	32.77093256289973	1	6.0	7.0
507	27.368294468547383	32.77093256289973	1	6.0	7.0
508	27.368294468547383	32.77093256289973	1	6.0	7.0
509	27.368294468547383	32.77093256289973	1	6.0	7.0
510	27.368294468547383	32.77093256289973	1	6.0	7.0
511	27.368294468547383	32.77093256289973	1	6.0	7.0
512	27.368294468547383	32.77093256289973	1	6.0	7.0
513	27.368294468547383	32.77093256289973	1	6.0	7.0
514	27.368294468547383	32.77093256289973	1	6.0	7.0
515	27.368294468547383	32.77093256289973	1	6.0	7.0
516	27.368294468547383	32.77093256289973	1	6.0	7.0
517	27.368294468547383	32.77093256289973	1	6.0	7.0
518	27.368294468547383	32.77093256289973	1	6.0	7.0
519	27.368294468547383	32.77093256289973	1	6.0	7.0
520	27.368294468547383	32.77093256289973	1	6.0	7.0
521	27.368294468547383	32.77093256289973	1	6.0	7.0
522	27.368294468547383	32.77093256289973	1	6.0	7.0
523	27.368294468547383	32.77093256289973	1	6.0	7.0
524	27.368294468547383	32.77093256289973	1	6.0	7.0
525	27.368294468547383	32.77093256289973	1	6.0	7.0
526	27.368294468547383	32.77093256289973	1	6.0	7.0
527	27.368294468547383	32.77093256289973	1	6.0	7.0
528	27.368294468547383	32.77093256289973	1	6.0	7.0
529	27.368294468547383	32.77093256289973	1	6.0	7.0
530	27.368294468547383	32.77093256289973	1	6.0	7.0
531	27.368294468547383	32.77093256289973	1	6.0	7.0
532	27.368294468547383	32.77093256289973	1	6.0	7.0
533	27.368294468547383	32.77093256289973	1	6.0	7.0
534	27.368294468547383	32.77093256289973	1	6.0	7.0
535	27.368294468547383	32.77093256289973	1	6.0	7.0
536	27.368294468547383	32.77093256289973	1	6.0	7.0
537	27.368294468547383	32.77093256289973	1	6.0	7.0
538	27.368294468547383	32.77093256289973	1	6.0	7.0
539	27.368294468547383	32.77093256289973	1	6.0	7.0
540	27.368294468547383	32.77093256289973	1	6.0	7.0
541	27.368294468547383	32.77093256289973	1	6.0	7.0
542	27.368294468547383	32.77093256289973	1	6.0	7.0
543	27.368294468547383	32.77093256289973	1	6.0	7.0
544	27.368294468547383	32.77093256289973	1	6.0	7.0
545	27.368294468547383	32.77093256289973	1	6.0	7.0
546	27.368294468547383	32.77093256289973	1	6.0	7.0
547	27.368294468547383	32.77093256289973	1	6.0	7.0
548	27.368294468547383	32.77093256289973	1	6.0	7.0
549	27.368294468547383	32.77093256289973	1	6.0	7.0
550	27.368294468547383	32.77093256289973	1	6.0	7.0
551	27.368294468547383	32.77093256289973	1	6.0	7.0
552	27.368294468547383	32.77093256289973	1	6.0	7.0
553	27.368294468547383	32.77093256289973	1	6.0	7.0
554	27.368294468547383	32.77093256289973	1	6.0	7.0
555	27.368294468547383	32.77093256289973	1	6.0	7.0
556	27.368294468547383	32.77093256289973	1	6.0	7.0
557	27.368294468547383	32.77093256289973	1	6.0	7.0
558	27.368294468547383	32.77093256289973	1	6.0	7.0
559	27.368294468547383	32.77093256289973	1	6.0	7.0
560	27.368294468547383	32.77093256289973	1	6.0	7.0
561	27.368294468547383	32.77093256289973	1	6.0	7.0
562	27.368294468547383	32.77093256289973	1	6.0	7.0
563	27.368294468547383	32.77093256289973	1	6.0	7.0
564	27.368294468547383	32.77093256289973	1	6.0	7.0
565	27.368294468547383	32.77093256289973	1	6.0	7.0
566	27.368294468547383	32.77093256289973	1	6.0	7.0
567	27.368294468547383	32.77093256289973	1	6.0	7.0
568	27.368294468547383	32.77093256289973	1	6.0	7.0
569	27.368294468547383	32.77093256289973	1	6.0	7.0
570	27.368294468547383	32.77093256289973	1	6.0	7.0
571	27.368294468547383	32.77093256289973	1	6.0	7.0
572	27.368294468547383	32.77093256289973	1	6.0	7.0
573	27.368294468547383	32.77093256289973	1	6.0	7.0
574	27.368294468547383	32.77093256289973	1	6.0	7.0
575	27.368294468547383	32.77093256289973	1	6.0	7.0
576	27.368294468547383	32.77093256289973	1	6.0	7.0
577	27.368294468547383	32.77093256289973	1	6.0	7.0
578	27.368294468547383	32.77093256289973	1	6.0	7.0
579	27.368294468547383	32.77093256289973	1	6.0	7.0
580	27.368294468547383	32.77093256289973	1	6.0	7.0
581	27.368294468547383	32.77093256289973	1	6.0	7.0
582	27.368294468547383	32.77093256289973	1	6.0	7.0
583	27.368294468547383	32.77093256289973	1	6.0	7.0
584	27.368294468547383	32.77093256289973	1	6.0	7.0
585	27.368294468547383	32.77093256289973	1	6.0	7.0
586	27.368294468547383	32.77093256289973	1	6.0	7.0
587	27.368294468547383	32.77093256289973	1	6.0	7.0
588	27.368294468547383	32.77093256289973	1	6.0	7.0
589	27.368294468547383	32.77093256289973	1	6.0	7.0
590	27.368294468547383	32.77093256289973	1	6.0	7.0
591	27.368294468547383	32.77093256289973	1	6.0	7.0
592	27.368294468547383	32.77093256289973	1	6.0	7.0
593	27.368294468547383	32.77093256289973	1	6.0	7.0
594	27.368294468547383	32.77093256289973	1	6.0	7.0
595	27.368294468547383	32.77093256289973	1	6.0	7.0
596	27.368294468547383	32.77093256289973	1	6.0	7.0
597	27.368294468547383	32.77093256289973	1	6.0	7.0
598	27.368294468547383	32.77093256289973	1	6.0	7.0
599	27.368294468547383	32.77093256289973	1	6.0	7.0
600	27.368294468547383	32.77093256289973	1	6.0	7.0
601	27.368294468547383	32.77093256289973	1	6.0	7.0
602	27.368294468547383	32.77093256289973	1	6.0	7.0
603	27.368294468547383	32.77093256289973	1	6.0	7.0
604	27.368294468547383	32.77093256289973	1	6.0	7.0
605	27.368294468547383	32.77093256289973	1	6.0	7.0
606	27.368294468547383	32.77093256289973	1	6.0	7.0
607	27.368294468547383	32.77093256289973	1	6.0	7.0
608	27.368294468547383	32.77093256289973	1	6.0	7.0
609	27.368294468547383	32.77093256289973	1	6.0	7.0
610	27.368294468547383	32.77093256289973	1	6.0	7.0
611	27.368294468547383	32.77093256289973	1	6.0	7.0
612	27.368294468547383	32.77093256289973	1	6.0	7.0
613	27.368294468547383	32.77093256289973	1	6.0	7.0
614	27.368294468547383	32.77093256289973	1	6.0	7.0
615	27.368294468547383	32.77093256289973	1	6.0	7.0
616	27.368294468547383	32.77093256289973	1	6.0	7.0
617	27.368294468547383	32.77093256289973	1	6.0	7.0
618	27.368294468547383	32.77093256289973	1	6.0	7.0
619	27.368294468547383	32.77093256289973	1	6.0	7.0
620	27.368294468547383	32.77093256289973	1	6.0	7.0
621	27.368294468547383	32.77093256289973	1	6.0	7.0
622	27.368294468547383	32.77093256289973	1	6.0	7.0
623	27.368294468547383	32.77093256289973	1	6.0	7.0
624	27.368294468547383	32.77093256289973	1	6.0	7.0
625	27.368294468547383	32.77093256289973	1	6.0	7.0
626	27.368294468547383	32.77093256289973	1	6.0	7.0
627	27.368294468547383	32.77093256289973	1	6.0	7.0
628	27.368294468547383	32.77093256289973	1	6.0	7.0
629	27.368294468547383	32.77093256289973	1	6.0	7.0
630	27.368294468547383	32.77093256289973	1	6.0	7.0
631	27.368294468547383	32.77093256289973	1	6.0	7.0
632	27.368294468547383	32.77093256289973	1	6.0	7.0
633	27.368294468547383	32.77093256289973	1	6.0	7.0
634	27.368294468547383	32.77093256289973	1	6.0	7.0
635	27.368294468547383	32.77093256289973	1	6.0	7.0
636	27.368294468547383	32.77093256289973	1	6.0	7.0
637	27.368294468547383	32.77093256289973	1	6.0	7.0
638	27.368294468547383	32.77093256289973	1	6.0	7.0
639	27.368294468547383	32.77093256289973	1	6.0	7.0
640	27.368294468547383	32.77093256289973	1	6.0	7.0
641	27.368294468547383	32.77093256289973	1	6.0	7.0
642	27.368294468547383	32.77093256289973	1	6.0	7.0
643	27.368294468547383	32.77093256289973	1	6.0	7.0
644	27.368294468547383	32.77093256289973	1	6.0	7.0
645	27.368294468547383	32.77093256289973	1	6.0	7.0
646	27.368294468547383	32.77093256289973	1	6.0	7.0
647	27.368294468547383	32.77093256289973	1	6.0	7.0
648	27.368294468547383	32.77093256289973	1	6.0	7.0
649	27.368294468547383	32.77093256289973	1	6.0	7.0
650	27.368294468547383	32.77093256289973	1	6.0	7.0
651	27.368294468547383	32.77093256289973	1	6.0	7.0
652	27.368294468547383	32.77093256289973	1	6.0	7.0
653	27.368294468547383	32.77093256289973	1	6.0	7.0
654	27.368294468547383	32.77093256289973	1	6.0	7.0
655	27.368294468547383	32.77093256289973	1	6.0	7.0
656	27.368294468547383	32.77093256289973	1	6.0	7.0
657	27.368294468547383	32.77093256289973	1	6.0	7.0
658	27.368294468547383	32.77093256289973	1	6.0	7.0
659	27.368294468547383	32.77093256289973	1	6.0	7.0
660	27.368294468547383	32.77093256289973	1	6.0	7.0
661	27.368294468547383	32.77093256289973	1	6.0	7.0
662	27.368294468547383	32.77093256289973	1	6.0	7.0
663	27.368294468547383	32.77093256289973	1	6.0	7.0
664	27.368294468547383	32.77093256289973	1	6.0	7.0
665	27.368294468547383	32.77093256289973	1	6.0	7.0
666	27.368294468547383	32.77093256289973	1	6.0	7.0
667	27.368294468547383	32.77093256289973	1	6.0	7.0
668	27.368294468547383	32.77093256289973	1	6.0	7.0
669	27.368294468547383	32.77093256289973	1	6.0	7.0
670	27.368294468547383	32.77093256289973	1	6.0	7.0
671	27.368294468547383	32.77093256289973	1	6.0	7.0
672	27.368294468547383	32.77093256289973	1	6.0	7.0
673	27.368294468547383	32.77093256289973	1	6.0	7.0
674	27.368294468547383	32.77093256289973	1	6.0	7.0
675	27.368294468547383	32.77093256289973	1	6.0	7.0
676	27.368294468547383	32.77093256289973	1	6.0	7.0
677	27.368294468547383	32.77093256289973	1	6.0	7.0
678	27.368294468547383	32.77093256289973	1	6.0	7.0
679	27.368294468547383	32.77093256289973	1	6.0	7.0
680	27.368294468547383	32.77093256289973	1	6.0	7.0
681	27.368294468547383	32.77093256289973	1	6.0	7.0
682	27.368294468547383	32.77093256289973	1	6.0	7.0
683	27.368294468547383	32.77093256289973	1	6.0	7.0
684	27.368294468547383	32.77093256289973	1	6.0	7.0
685	27.368294468547383	32.77093256289973	1	6.0	7.0
686	27.368294468547383	32.77093256289973	1	6.0	7.0
687	27.368294468547383	32.77093256289973	1	6.0	7.0
688	27.368294468547383	32.77093256289973	1	6.0	7.0
689	27.368294468547383	32.77093256289973	1	6.0	7.0
690	27.368294468547383	32.77093256289973	1	6.0	7.0
691	27.368294468547383	32.77093256289973	1	6.0	7.0
692	27.368294468547383	32.77093256289973	1	6.0	7.0
693	27.368294468547383	32.77093256289973	1	6.0	7.0
694	27.368294468547383	32.77093256289973	1	6.0	7.0
695	27.368294468547383	32.77093256289973	1	6.0	7.0
696	27.368294468547383	32.77093256289973	1	6.0	7.0
697	27.368294468547383	32.77093256289973	1	6.0	7.0
698	27.368294468547383	32.77093256289973	1	6.0	7.0
699	27.368294468547383	32.77093256289973	1	6.0	7.0
700	27.368294468547383	32.77093256289973	1	6.0	7.0
701	27.368294468547383	32.77093256289973	1	6.0	7.0
702	27.368294468547383	32.77093256289973	1	6.0	7.0
703	27.368294468547383	32.77093256289973	1	6.0	7.0
704	27.368294468547383	32.77093256289973	1	6.0	7.0
705	27.368294468547383	32.77093256289973	1	6.0	7.0
706	27.368294468547383	32.77093256289973	1	6.0	7.0
707	27.368294468547383	32.77093256289973	1	6.0	7.0
708	27.368294468547383	32.77093256289973	1	6.0	7.0
709	27.368294468547383	32.77093256289973	1	6.0	7.0
710	27.368294468547383	32.77093256289973	1	6.0	7.0
711	27.368294468547383	32.77093256289973	1	6.0	7.0
712	27.368294468547383	32.77093256289973	1	6.0	7.0
713	27.368294468547383	32.77093256289973	1	6.0	7.0
714	27.368294468547383	32.77093256289973	1	6.0	7.0
715	27.368294468547383	32.77093256289973	1	6.0	7.0
716	27.368294468547383	32.77093256289973	1	6.0	7.0
717	27.368294468547383	32.77093256289973	1	6.0	7.0
718	27.368294468547383	32.77093256289973	1	6.0	7.0
719	27.368294468547383	32.77093256289973	1	6.0	7.0
720	27.368294468547383	32.77093256289973	1	6.0	7.0
721	27.368294468547383	32.77093256289973	1	6.0	7.0
722	27.368294468547383	32.77093256289973	1	6.0	7.0
723	27.368294468547383	32.77093256289973	1	6.0	7.0
724	27.368294468547383	32.77093256289973	1	6.0	7.0
725	27.368294468547383	32.77093256289973	1	6.0	7.0
726	27.368294468547383	32.77093256289973	1	6.0	7.0
727	27.368294468547383	32.77093256289973	1	6.0	7.0
728	27.368294468547383	32.77093256289973	1	6.0	7.0
729	27.368294468547383	32.77093256289973	1	6.0	7.0
730	27.368294468547383	32.77093256289973	1	6.0	7.0
731	27.368294468547383	32.77093256289973	1	6.0	7.0
732	27.368294468547383	32.77093256289973	1	6.0	7.0
733	27.368294468547383	32.77093256289973	1	6.0	7.0
734	27.368294468547383	32.77093256289973	1	6.0	7.0
735	27.368294468547383	32.77093256289973	1	6.0	7.0
736	27.368294468547383	32.77093256289973	1	6.0	7.0
737	27.368294468547383	32.77093256289973	1	6.0	7.0
738	27.368294468547383	32.77093256289973	1	6.0	7.0
739	27.368294468547383	32.77093256289973	1	6.0	7.0
740	27.368294468547383	32.77093256289973	1	6.0	7.0
741	27.368294468547383	32.77093256289973	1	6.0	7.0
742	27.368294468547383	32.77093256289973	1	6.0	7.0
743	27.368294468547383	32.77093256289973	1	6.0	7.0
744	27.368294468547383	32.77093256289973	1	6.0	7.0
745	27.368294468547383	32.77093256289973	1	6.0	7.0
746	27.368294468547383	32.77093256289973	1	6.0	7.0
747	27.368294468547383	32.77093256289973	1	6.0	7.0
748	27.368294468547383	32.77093256289973	1	6.0	7.0
749	27.368294468547383	32.77093256289973	1	6.0	7.0
750	27.368294468547383	32.77093256289973	1	6.0	7.0
751	27.368294468547383	32.77093256289973	1	6.0	7.0
752	27.368294468547383	32.77093256289973	1	6.0	7.0
753	27.368294468547383	32.77093256289973	1	6.0	7.0
754	27.368294468547383	32.77093256289973	1	6.0	7.0
755	27.368294468547383	32.77093256289973	1	6.0	7.0
756	27.368294468547383	32.77093256289973	1	6.0	7.0
757	27.368294468547383	32.77093256289973	1	6.0	7.0
758	27.368294468547383	32.77093256289973	1	6.0	7.0
759	27.368294468547383	32.77093256289973	1	6.0	7.0
760	27.368294468547383	32.77093256289973	1	6.0	7.0
761	27.368294468547383	32.77093256289973	1	6.0	7.0
762	27.368294468547383	32.77093256289973	1	6.0	7.0
763	27.368294468547383	32.77093256289973	1	6.0	7.0
764	27.368294468547383	32.77093256289973	1	6.0	7.0
765	27.368294468547383	32.77093256289973	1	6.0	7.0
766	27.368294468547383	32.77093256289973	1	6.0	7.0
767	27.368294468547383	32.77093256289973	1	6.0	7.0
768	27.368294468547383	32.77093256289973	1	6.0	7.0
769	27.368294468547383	32.77093256289973	1	6.0	7.0
770	27.368294468547383	32.77093256289973	1	6.0	7.0
771	27.368294468547383	32.77093256289973	1	6.0	7.0
772	27.368294468547383	32.77093256289973	1	6.0	7.0
773	27.368294468547383	32.77093256289973	1	6.0	7.0
774	27.368294468547383	32.77093256289973	1	6.0	7.0
775	27.368294468547383	32.77093256289973	1	6.0	7.0
776	27.368294468547383	32.77093256289973	1	6.0	7.0
777	27.368294468547383	32.77093256289973	1	6.0	7.0
778	27.368294468547383	32.77093256289973	1	6.0	7.0
779	27.368294468547383	32.77093256289973	1	6.0	7.0
780	27.368294468547383	32.77093256289973	1	6.0	7.0
781	27.368294468547383	32.77093256289973	1	6.0	7.0
782	27.368294468547383	32.77093256289973	1	6.0	7.0
783	27.368294468547383	32.77093256289973	1	6.0	7.0
784	27.368294468547383	32.77093256289973	1	6.0	7.0
785	27.368294468547383	32.77093256289973	1	6.0	7.0
786	27.368294468547383	32.77093256289973	1	6.0	7.0
787	27.368294468547383	32.77093256289973	1	6.0	7.0
788	27.368294468547383	32.77093256289973	1	6.0	7.0
789	27.368294468547383	32.77093256289973	1	6.0	7.0
790	27.368294468547383	32.77093256289973	1	6.0	7.0
791	27.368294468547383	32.77093256289973	1	6.0	7.0
792	27.368294468547383	32.77093256289973	1	6.0	7.0
793	27.368294468547383	32.77093256289973	1	6.0	7.0
794	27.368294468547383	32.77093256289973	1	6.0	7.0
795	27.368294468547383	32.77093256289973	1	6.0	7.0
796	27.368294468547383	32.77093256289973	1	6.0	7.0
797	27.368294468547383	32.77093256289973	1	6.0	7.0
798	27.368294468547383	32.77093256289973	1	6.0	7.0
799	27.368294468547383	32.77093256289973	1	6.0	7.0
800	27.368294468547383	32.77093256289973	1	6.0	7.0
801	27.368294468547383	32.77093256289973	1	6.0	7.0
802	27.368294468547383	32.77093256289973	1	6.0	7.0
803	27.368294468547383	32.77093256289973	1	6.0	7.0
804	27.368294468547383	32.77093256289973	1	6.0	7.0
805	27.368294468547383	32.77093256289973	1	6.0	7.0
806	27.368294468547383	32.77093256289973	1	6.0	7.0
807	27.368294468547383	32.77093256289973	1	6.0	7.0
808	27.368294468547383	32.77093256289973	1	6.0	7.0
809	27.368294468547383	32.77093256289973	1	6.0	7.0
810	27.368294468547383	32.77093256289973	1	6.0	7.0
