TS	X	Y	Direction	Line_Man	Column_Man
0	28.831995421512392	31.87616903307276	0	8	7
1	28.831995421512392	31.87616903307276	0	8.0	7.0
2	28.831995421512392	31.87616903307276	0	8.0	7.0
3	28.831995421512392	31.87616903307276	0	8.0	7.0
4	28.831995421512392	31.87616903307276	0	8.0	7.0
5	28.831995421512392	31.87616903307276	0	8.0	7.0
6	28.831995421512392	31.87616903307276	0	8.0	7.0
7	28.831995421512392	31.87616903307276	0	8.0	7.0
8	28.831995421512392	31.87616903307276	0	8.0	7.0
9	28.831995421512392	31.87616903307276	0	8.0	7.0
10	28.831995421512392	31.87616903307276	0	8.0	7.0
11	28.831995421512392	31.87616903307276	0	8.0	7.0
12	28.831995421512392	31.87616903307276	0	8.0	7.0
13	28.831995421512392	31.87616903307276	0	8.0	7.0
14	28.831995421512392	31.87616903307276	0	8.0	7.0
15	28.831995421512392	31.87616903307276	0	8.0	7.0
16	28.831995421512392	31.87616903307276	0	8.0	7.0
17	28.831995421512392	31.87616903307276	0	8.0	7.0
18	28.831995421512392	31.87616903307276	0	8.0	7.0
19	28.831995421512392	31.87616903307276	0	8.0	7.0
20	28.831995421512392	31.87616903307276	0	8.0	7.0
21	28.831995421512392	31.87616903307276	0	8.0	7.0
22	28.831995421512392	31.87616903307276	0	8.0	7.0
23	28.831995421512392	31.87616903307276	0	8.0	7.0
24	28.831995421512392	31.87616903307276	0	8.0	7.0
25	28.831995421512392	31.87616903307276	0	8.0	7.0
26	28.831995421512392	31.87616903307276	0	8.0	7.0
27	28.831995421512392	31.87616903307276	0	8.0	7.0
28	28.831995421512392	31.87616903307276	0	8.0	7.0
29	28.831995421512392	31.87616903307276	0	8.0	7.0
30	28.831995421512392	31.87616903307276	0	8.0	7.0
31	28.831995421512392	31.87616903307276	0	8.0	7.0
32	28.831995421512392	31.87616903307276	0	8.0	7.0
33	28.831995421512392	31.87616903307276	0	8.0	7.0
34	28.831995421512392	31.87616903307276	0	8.0	7.0
35	28.831995421512392	31.87616903307276	0	8.0	7.0
36	28.831995421512392	31.87616903307276	0	8.0	7.0
37	28.831995421512392	31.87616903307276	0	8.0	7.0
38	28.831995421512392	31.87616903307276	0	8.0	7.0
39	28.831995421512392	31.87616903307276	0	8.0	7.0
40	28.831995421512392	31.87616903307276	0	8.0	7.0
41	28.831995421512392	31.87616903307276	0	8.0	7.0
42	28.831995421512392	31.87616903307276	0	8.0	7.0
43	28.831995421512392	31.87616903307276	0	8.0	7.0
44	28.831995421512392	31.87616903307276	0	8.0	7.0
45	28.831995421512392	31.87616903307276	0	8.0	7.0
46	28.831995421512392	31.87616903307276	0	8.0	7.0
47	28.831995421512392	31.87616903307276	0	8.0	7.0
48	28.831995421512392	31.87616903307276	0	8.0	7.0
49	28.831995421512392	31.87616903307276	0	8.0	7.0
50	28.831995421512392	31.87616903307276	0	8.0	7.0
51	28.831995421512392	31.87616903307276	0	8.0	7.0
52	28.831995421512392	31.87616903307276	0	8.0	7.0
53	28.831995421512392	31.87616903307276	0	8.0	7.0
54	28.831995421512392	31.87616903307276	0	8.0	7.0
55	28.831995421512392	31.87616903307276	0	8.0	7.0
56	28.831995421512392	31.87616903307276	0	8.0	7.0
57	28.831995421512392	31.87616903307276	0	8.0	7.0
58	28.831995421512392	31.87616903307276	0	8.0	7.0
59	28.831995421512392	31.87616903307276	0	8.0	7.0
60	28.831995421512392	31.87616903307276	0	8.0	7.0
61	28.831995421512392	31.87616903307276	0	8.0	7.0
62	28.831995421512392	31.87616903307276	0	8.0	7.0
63	28.831995421512392	31.87616903307276	0	8.0	7.0
64	28.831995421512392	31.87616903307276	0	8.0	7.0
65	28.831995421512392	31.87616903307276	0	8.0	7.0
66	28.831995421512392	31.87616903307276	0	8.0	7.0
67	28.831995421512392	31.87616903307276	0	8.0	7.0
68	28.831995421512392	31.87616903307276	0	8.0	7.0
69	28.831995421512392	31.87616903307276	0	8.0	7.0
70	28.831995421512392	31.87616903307276	0	8.0	7.0
71	28.831995421512392	31.87616903307276	0	8.0	7.0
72	28.831995421512392	31.87616903307276	0	8.0	7.0
73	28.831995421512392	31.87616903307276	0	8.0	7.0
74	28.831995421512392	31.87616903307276	0	8.0	7.0
75	28.831995421512392	31.87616903307276	0	8.0	7.0
76	28.831995421512392	31.87616903307276	0	8.0	7.0
77	28.831995421512392	31.87616903307276	0	8.0	7.0
78	28.831995421512392	31.87616903307276	0	8.0	7.0
79	28.831995421512392	31.87616903307276	0	8.0	7.0
80	28.831995421512392	31.87616903307276	0	8.0	7.0
81	28.831995421512392	31.87616903307276	0	8.0	7.0
82	28.831995421512392	31.87616903307276	0	8.0	7.0
83	28.831995421512392	31.87616903307276	0	8.0	7.0
84	28.831995421512392	31.87616903307276	0	8.0	7.0
85	28.831995421512392	31.87616903307276	0	8.0	7.0
86	28.831995421512392	31.87616903307276	0	8.0	7.0
87	28.831995421512392	31.87616903307276	0	8.0	7.0
88	28.831995421512392	31.87616903307276	0	8.0	7.0
89	28.831995421512392	31.87616903307276	0	8.0	7.0
90	28.831995421512392	31.87616903307276	0	8.0	7.0
91	28.831995421512392	31.87616903307276	0	8.0	7.0
92	28.831995421512392	31.87616903307276	0	8.0	7.0
93	28.831995421512392	31.87616903307276	0	8.0	7.0
94	28.831995421512392	31.87616903307276	0	8.0	7.0
95	28.831995421512392	31.87616903307276	0	8.0	7.0
96	28.831995421512392	31.87616903307276	0	8.0	7.0
97	28.831995421512392	31.87616903307276	0	8.0	7.0
98	28.831995421512392	31.87616903307276	0	8.0	7.0
99	28.831995421512392	31.87616903307276	0	8.0	7.0
100	28.831995421512392	31.87616903307276	0	8.0	7.0
101	28.831995421512392	31.87616903307276	0	8.0	7.0
102	28.831995421512392	31.87616903307276	0	8.0	7.0
103	28.831995421512392	31.87616903307276	0	8.0	7.0
104	28.831995421512392	31.87616903307276	0	8.0	7.0
105	28.831995421512392	31.87616903307276	0	8.0	7.0
106	28.831995421512392	31.87616903307276	0	8.0	7.0
107	28.831995421512392	31.87616903307276	0	8.0	7.0
108	28.831995421512392	31.87616903307276	0	8.0	7.0
109	28.831995421512392	31.87616903307276	0	8.0	7.0
110	28.831995421512392	31.87616903307276	0	8.0	7.0
111	28.831995421512392	31.87616903307276	0	8.0	7.0
112	28.831995421512392	31.87616903307276	0	8.0	7.0
113	28.831995421512392	31.87616903307276	0	8.0	7.0
114	28.831995421512392	31.87616903307276	0	8.0	7.0
115	28.831995421512392	31.87616903307276	0	8.0	7.0
116	28.831995421512392	31.87616903307276	0	8.0	7.0
117	28.831995421512392	31.87616903307276	0	8.0	7.0
118	28.831995421512392	31.87616903307276	0	8.0	7.0
119	28.831995421512392	31.87616903307276	0	8.0	7.0
120	28.831995421512392	31.87616903307276	0	8.0	7.0
121	28.831995421512392	31.87616903307276	0	8.0	7.0
122	28.831995421512392	31.87616903307276	0	8.0	7.0
123	28.831995421512392	31.87616903307276	0	8.0	7.0
124	28.831995421512392	31.87616903307276	0	8.0	7.0
125	28.831995421512392	31.87616903307276	0	8.0	7.0
126	28.831995421512392	31.87616903307276	0	8.0	7.0
127	28.831995421512392	31.87616903307276	0	8.0	7.0
128	28.831995421512392	31.87616903307276	0	8.0	7.0
129	28.831995421512392	31.87616903307276	0	8.0	7.0
130	28.831995421512392	31.87616903307276	0	8.0	7.0
131	28.831995421512392	31.87616903307276	0	8.0	7.0
132	28.831995421512392	31.87616903307276	0	8.0	7.0
133	28.831995421512392	31.87616903307276	0	8.0	7.0
134	28.831995421512392	31.87616903307276	0	8.0	7.0
135	28.831995421512392	31.87616903307276	0	8.0	7.0
136	28.831995421512392	31.87616903307276	0	8.0	7.0
137	28.831995421512392	31.87616903307276	0	8.0	7.0
138	28.831995421512392	31.87616903307276	0	8.0	7.0
139	28.831995421512392	31.87616903307276	0	8.0	7.0
140	28.831995421512392	31.87616903307276	0	8.0	7.0
141	28.831995421512392	31.87616903307276	0	8.0	7.0
142	28.831995421512392	31.87616903307276	0	8.0	7.0
143	28.831995421512392	31.87616903307276	0	8.0	7.0
144	28.831995421512392	31.87616903307276	0	8.0	7.0
145	28.831995421512392	31.87616903307276	0	8.0	7.0
146	28.831995421512392	31.87616903307276	0	8.0	7.0
147	28.831995421512392	31.87616903307276	0	8.0	7.0
148	28.831995421512392	31.87616903307276	0	8.0	7.0
149	28.831995421512392	31.87616903307276	0	8.0	7.0
150	28.831995421512392	31.87616903307276	0	8.0	7.0
151	28.831995421512392	31.87616903307276	0	8.0	7.0
152	28.831995421512392	31.87616903307276	0	8.0	7.0
153	28.831995421512392	31.87616903307276	0	8.0	7.0
154	28.831995421512392	31.87616903307276	0	8.0	7.0
155	28.831995421512392	31.87616903307276	0	8.0	7.0
156	28.831995421512392	31.87616903307276	0	8.0	7.0
157	28.831995421512392	31.87616903307276	0	8.0	7.0
158	28.831995421512392	31.87616903307276	0	8.0	7.0
159	28.831995421512392	31.87616903307276	0	8.0	7.0
160	28.831995421512392	31.87616903307276	0	8.0	7.0
161	28.831995421512392	31.87616903307276	0	8.0	7.0
162	28.831995421512392	31.87616903307276	0	8.0	7.0
163	28.831995421512392	31.87616903307276	0	8.0	7.0
164	28.831995421512392	31.87616903307276	0	8.0	7.0
165	28.831995421512392	31.87616903307276	0	8.0	7.0
166	28.831995421512392	31.87616903307276	0	8.0	7.0
167	28.831995421512392	31.87616903307276	0	8.0	7.0
168	28.831995421512392	31.87616903307276	0	8.0	7.0
169	28.831995421512392	31.87616903307276	0	8.0	7.0
170	28.831995421512392	31.87616903307276	0	8.0	7.0
171	28.831995421512392	31.87616903307276	0	8.0	7.0
172	28.831995421512392	31.87616903307276	0	8.0	7.0
173	28.831995421512392	31.87616903307276	0	8.0	7.0
174	28.831995421512392	31.87616903307276	0	8.0	7.0
175	28.831995421512392	31.87616903307276	0	8.0	7.0
176	28.831995421512392	31.87616903307276	0	8.0	7.0
177	28.831995421512392	31.87616903307276	0	8.0	7.0
178	28.831995421512392	31.87616903307276	0	8.0	7.0
179	28.831995421512392	31.87616903307276	0	8.0	7.0
180	28.831995421512392	31.87616903307276	0	8.0	7.0
181	28.831995421512392	31.87616903307276	0	8.0	7.0
182	28.831995421512392	31.87616903307276	0	8.0	7.0
183	28.831995421512392	31.87616903307276	0	8.0	7.0
184	28.831995421512392	31.87616903307276	0	8.0	7.0
185	28.831995421512392	31.87616903307276	0	8.0	7.0
186	28.831995421512392	31.87616903307276	0	8.0	7.0
187	28.831995421512392	31.87616903307276	0	8.0	7.0
188	28.831995421512392	31.87616903307276	0	8.0	7.0
189	28.831995421512392	31.87616903307276	0	8.0	7.0
190	28.831995421512392	31.87616903307276	0	8.0	7.0
191	28.831995421512392	31.87616903307276	0	8.0	7.0
192	28.831995421512392	31.87616903307276	0	8.0	7.0
193	28.831995421512392	31.87616903307276	0	8.0	7.0
194	28.831995421512392	31.87616903307276	0	8.0	7.0
195	28.831995421512392	31.87616903307276	0	8.0	7.0
196	28.831995421512392	31.87616903307276	0	8.0	7.0
197	28.831995421512392	31.87616903307276	0	8.0	7.0
198	28.831995421512392	31.87616903307276	0	8.0	7.0
199	28.831995421512392	31.87616903307276	0	8.0	7.0
200	28.831995421512392	31.87616903307276	0	8.0	7.0
201	28.831995421512392	31.87616903307276	0	8.0	7.0
202	28.831995421512392	31.87616903307276	0	8.0	7.0
203	28.831995421512392	31.87616903307276	0	8.0	7.0
204	28.831995421512392	31.87616903307276	0	8.0	7.0
205	28.831995421512392	31.87616903307276	0	8.0	7.0
206	28.831995421512392	31.87616903307276	0	8.0	7.0
207	28.831995421512392	31.87616903307276	0	8.0	7.0
208	28.831995421512392	31.87616903307276	0	8.0	7.0
209	28.831995421512392	31.87616903307276	0	8.0	7.0
210	28.831995421512392	31.87616903307276	0	8.0	7.0
211	28.831995421512392	31.87616903307276	0	8.0	7.0
212	28.831995421512392	31.87616903307276	0	8.0	7.0
213	28.831995421512392	31.87616903307276	0	8.0	7.0
214	28.831995421512392	31.87616903307276	0	8.0	7.0
215	28.831995421512392	31.87616903307276	0	8.0	7.0
216	28.831995421512392	31.87616903307276	0	8.0	7.0
217	28.831995421512392	31.87616903307276	0	8.0	7.0
218	28.831995421512392	31.87616903307276	0	8.0	7.0
219	28.831995421512392	31.87616903307276	0	8.0	7.0
220	28.831995421512392	31.87616903307276	0	8.0	7.0
221	28.831995421512392	31.87616903307276	0	8.0	7.0
222	28.831995421512392	31.87616903307276	0	8.0	7.0
223	28.831995421512392	31.87616903307276	0	8.0	7.0
224	28.831995421512392	31.87616903307276	0	8.0	7.0
225	28.831995421512392	31.87616903307276	0	8.0	7.0
226	28.831995421512392	31.87616903307276	0	8.0	7.0
227	28.831995421512392	31.87616903307276	0	8.0	7.0
228	28.831995421512392	31.87616903307276	0	8.0	7.0
229	28.831995421512392	31.87616903307276	0	8.0	7.0
230	28.831995421512392	31.87616903307276	0	8.0	7.0
231	28.831995421512392	31.87616903307276	0	8.0	7.0
232	28.831995421512392	31.87616903307276	0	8.0	7.0
233	28.831995421512392	31.87616903307276	0	8.0	7.0
234	28.831995421512392	31.87616903307276	0	8.0	7.0
235	28.831995421512392	31.87616903307276	0	8.0	7.0
236	28.831995421512392	31.87616903307276	0	8.0	7.0
237	28.831995421512392	31.87616903307276	0	8.0	7.0
238	28.831995421512392	31.87616903307276	0	8.0	7.0
239	28.831995421512392	31.87616903307276	0	8.0	7.0
240	28.831995421512392	31.87616903307276	0	8.0	7.0
241	28.831995421512392	31.87616903307276	0	8.0	7.0
242	28.831995421512392	31.87616903307276	0	8.0	7.0
243	28.831995421512392	31.87616903307276	0	8.0	7.0
244	28.831995421512392	31.87616903307276	0	8.0	7.0
245	28.831995421512392	31.87616903307276	0	8.0	7.0
246	28.831995421512392	31.87616903307276	0	8.0	7.0
247	28.831995421512392	31.87616903307276	0	8.0	7.0
248	28.831995421512392	31.87616903307276	0	8.0	7.0
249	28.831995421512392	31.87616903307276	0	8.0	7.0
250	28.831995421512392	31.87616903307276	0	8.0	7.0
251	28.831995421512392	31.87616903307276	0	8.0	7.0
252	28.831995421512392	31.87616903307276	0	8.0	7.0
253	28.831995421512392	31.87616903307276	0	8.0	7.0
254	28.831995421512392	31.87616903307276	0	8.0	7.0
255	28.831995421512392	31.87616903307276	0	8.0	7.0
256	28.831995421512392	31.87616903307276	0	8.0	7.0
257	28.831995421512392	31.87616903307276	0	8.0	7.0
258	28.831995421512392	31.87616903307276	0	8.0	7.0
259	28.831995421512392	31.87616903307276	0	8.0	7.0
260	28.831995421512392	31.87616903307276	0	8.0	7.0
261	28.831995421512392	31.87616903307276	0	8.0	7.0
262	28.831995421512392	31.87616903307276	0	8.0	7.0
263	28.831995421512392	31.87616903307276	0	8.0	7.0
264	28.831995421512392	31.87616903307276	0	8.0	7.0
265	28.831995421512392	31.87616903307276	0	8.0	7.0
266	28.831995421512392	31.87616903307276	0	8.0	7.0
267	28.831995421512392	31.87616903307276	0	8.0	7.0
268	28.831995421512392	31.87616903307276	0	8.0	7.0
269	28.831995421512392	31.87616903307276	0	8.0	7.0
270	28.831995421512392	31.87616903307276	0	8.0	7.0
271	28.831995421512392	31.87616903307276	0	8.0	7.0
272	28.831995421512392	31.87616903307276	0	8.0	7.0
273	28.831995421512392	31.87616903307276	0	8.0	7.0
274	28.831995421512392	31.87616903307276	0	8.0	7.0
275	28.831995421512392	31.87616903307276	0	8.0	7.0
276	28.831995421512392	31.87616903307276	0	8.0	7.0
277	28.831995421512392	31.87616903307276	0	8.0	7.0
278	28.831995421512392	31.87616903307276	0	8.0	7.0
279	28.831995421512392	31.87616903307276	0	8.0	7.0
280	28.831995421512392	31.87616903307276	0	8.0	7.0
281	28.831995421512392	31.87616903307276	0	8.0	7.0
282	28.831995421512392	31.87616903307276	0	8.0	7.0
283	28.831995421512392	31.87616903307276	0	8.0	7.0
284	28.831995421512392	31.87616903307276	0	8.0	7.0
285	28.831995421512392	31.87616903307276	0	8.0	7.0
286	28.831995421512392	31.87616903307276	0	8.0	7.0
287	28.831995421512392	31.87616903307276	0	8.0	7.0
288	28.831995421512392	31.87616903307276	0	8.0	7.0
289	28.831995421512392	31.87616903307276	0	8.0	7.0
290	28.831995421512392	31.87616903307276	0	8.0	7.0
291	28.831995421512392	31.87616903307276	0	8.0	7.0
292	28.831995421512392	31.87616903307276	0	8.0	7.0
293	28.831995421512392	31.87616903307276	0	8.0	7.0
294	28.831995421512392	31.87616903307276	0	8.0	7.0
295	28.831995421512392	31.87616903307276	0	8.0	7.0
296	28.831995421512392	31.87616903307276	0	8.0	7.0
297	28.831995421512392	31.87616903307276	0	8.0	7.0
298	28.831995421512392	31.87616903307276	0	8.0	7.0
299	28.831995421512392	31.87616903307276	0	8.0	7.0
300	28.831995421512392	31.87616903307276	0	8.0	7.0
301	28.831995421512392	31.87616903307276	0	8.0	7.0
302	28.831995421512392	31.87616903307276	0	8.0	7.0
303	28.831995421512392	31.87616903307276	0	8.0	7.0
304	28.831995421512392	31.87616903307276	0	8.0	7.0
305	28.831995421512392	31.87616903307276	0	8.0	7.0
306	28.831995421512392	31.87616903307276	0	8.0	7.0
307	28.831995421512392	31.87616903307276	0	8.0	7.0
308	28.831995421512392	31.87616903307276	0	8.0	7.0
309	28.831995421512392	31.87616903307276	0	8.0	7.0
310	28.831995421512392	31.87616903307276	0	8.0	7.0
311	28.831995421512392	31.87616903307276	0	8.0	7.0
312	28.831995421512392	31.87616903307276	0	8.0	7.0
313	28.831995421512392	31.87616903307276	0	8.0	7.0
314	28.831995421512392	31.87616903307276	0	8.0	7.0
315	28.831995421512392	31.87616903307276	0	8.0	7.0
316	28.831995421512392	31.87616903307276	0	8.0	7.0
317	28.831995421512392	31.87616903307276	0	8.0	7.0
318	28.831995421512392	31.87616903307276	0	8.0	7.0
319	28.831995421512392	31.87616903307276	0	8.0	7.0
320	28.831995421512392	31.87616903307276	0	8.0	7.0
321	28.831995421512392	31.87616903307276	0	8.0	7.0
322	28.831995421512392	31.87616903307276	0	8.0	7.0
323	28.831995421512392	31.87616903307276	0	8.0	7.0
324	28.831995421512392	31.87616903307276	0	8.0	7.0
325	28.831995421512392	31.87616903307276	0	8.0	7.0
326	28.831995421512392	31.87616903307276	0	8.0	7.0
327	28.831995421512392	31.87616903307276	0	8.0	7.0
328	28.831995421512392	31.87616903307276	0	8.0	7.0
329	28.831995421512392	31.87616903307276	0	8.0	7.0
330	28.831995421512392	31.87616903307276	0	8.0	7.0
331	28.831995421512392	31.87616903307276	0	8.0	7.0
332	28.831995421512392	31.87616903307276	0	8.0	7.0
333	28.831995421512392	31.87616903307276	0	8.0	7.0
334	28.831995421512392	31.87616903307276	0	8.0	7.0
335	28.831995421512392	31.87616903307276	0	8.0	7.0
336	28.831995421512392	31.87616903307276	0	8.0	7.0
337	28.831995421512392	31.87616903307276	0	8.0	7.0
338	28.831995421512392	31.87616903307276	0	8.0	7.0
339	28.831995421512392	31.87616903307276	0	8.0	7.0
340	28.831995421512392	31.87616903307276	0	8.0	7.0
341	28.831995421512392	31.87616903307276	0	8.0	7.0
342	28.831995421512392	31.87616903307276	0	8.0	7.0
343	28.831995421512392	31.87616903307276	0	8.0	7.0
344	28.831995421512392	31.87616903307276	0	8.0	7.0
345	28.831995421512392	31.87616903307276	0	8.0	7.0
346	28.831995421512392	31.87616903307276	0	8.0	7.0
347	28.831995421512392	31.87616903307276	0	8.0	7.0
348	28.831995421512392	31.87616903307276	0	8.0	7.0
349	28.831995421512392	31.87616903307276	0	8.0	7.0
350	28.831995421512392	31.87616903307276	0	8.0	7.0
351	28.831995421512392	31.87616903307276	0	8.0	7.0
352	28.831995421512392	31.87616903307276	0	8.0	7.0
353	28.831995421512392	31.87616903307276	0	8.0	7.0
354	28.831995421512392	31.87616903307276	0	8.0	7.0
355	28.831995421512392	31.87616903307276	0	8.0	7.0
356	28.831995421512392	31.87616903307276	0	8.0	7.0
357	28.831995421512392	31.87616903307276	0	8.0	7.0
358	28.831995421512392	31.87616903307276	0	8.0	7.0
359	28.831995421512392	31.87616903307276	0	8.0	7.0
360	28.831995421512392	31.87616903307276	0	8.0	7.0
361	28.831995421512392	31.87616903307276	0	8.0	7.0
362	28.831995421512392	31.87616903307276	0	8.0	7.0
363	28.831995421512392	31.87616903307276	0	8.0	7.0
364	28.831995421512392	31.87616903307276	0	8.0	7.0
365	28.831995421512392	31.87616903307276	0	8.0	7.0
366	28.831995421512392	31.87616903307276	0	8.0	7.0
367	28.831995421512392	31.87616903307276	0	8.0	7.0
368	28.831995421512392	31.87616903307276	0	8.0	7.0
369	28.831995421512392	31.87616903307276	0	8.0	7.0
370	28.831995421512392	31.87616903307276	0	8.0	7.0
371	28.831995421512392	31.87616903307276	0	8.0	7.0
372	28.831995421512392	31.87616903307276	0	8.0	7.0
373	28.831995421512392	31.87616903307276	0	8.0	7.0
374	28.831995421512392	31.87616903307276	0	8.0	7.0
375	28.831995421512392	31.87616903307276	0	8.0	7.0
376	28.831995421512392	31.87616903307276	0	8.0	7.0
377	28.831995421512392	31.87616903307276	0	8.0	7.0
378	28.831995421512392	31.87616903307276	0	8.0	7.0
379	28.831995421512392	31.87616903307276	0	8.0	7.0
380	28.831995421512392	31.87616903307276	0	8.0	7.0
381	28.831995421512392	31.87616903307276	0	8.0	7.0
382	28.831995421512392	31.87616903307276	0	8.0	7.0
383	28.831995421512392	31.87616903307276	0	8.0	7.0
384	28.831995421512392	31.87616903307276	0	8.0	7.0
385	28.831995421512392	31.87616903307276	0	8.0	7.0
386	28.831995421512392	31.87616903307276	0	8.0	7.0
387	28.831995421512392	31.87616903307276	0	8.0	7.0
388	28.831995421512392	31.87616903307276	0	8.0	7.0
389	28.831995421512392	31.87616903307276	0	8.0	7.0
390	28.831995421512392	31.87616903307276	0	8.0	7.0
391	28.831995421512392	31.87616903307276	0	8.0	7.0
392	28.831995421512392	31.87616903307276	0	8.0	7.0
393	28.831995421512392	31.87616903307276	0	8.0	7.0
394	28.831995421512392	31.87616903307276	0	8.0	7.0
395	28.831995421512392	31.87616903307276	0	8.0	7.0
396	28.831995421512392	31.87616903307276	0	8.0	7.0
397	28.831995421512392	31.87616903307276	0	8.0	7.0
398	28.831995421512392	31.87616903307276	0	8.0	7.0
399	28.831995421512392	31.87616903307276	0	8.0	7.0
400	28.831995421512392	31.87616903307276	0	8.0	7.0
401	28.831995421512392	31.87616903307276	0	8.0	7.0
402	28.831995421512392	31.87616903307276	0	8.0	7.0
403	28.831995421512392	31.87616903307276	0	8.0	7.0
404	28.831995421512392	31.87616903307276	0	8.0	7.0
405	28.831995421512392	31.87616903307276	0	8.0	7.0
406	28.831995421512392	31.87616903307276	0	8.0	7.0
407	28.831995421512392	31.87616903307276	0	8.0	7.0
408	28.831995421512392	31.87616903307276	0	8.0	7.0
409	28.831995421512392	31.87616903307276	0	8.0	7.0
410	28.831995421512392	31.87616903307276	0	8.0	7.0
411	28.831995421512392	31.87616903307276	0	8.0	7.0
412	28.831995421512392	31.87616903307276	0	8.0	7.0
413	28.831995421512392	31.87616903307276	0	8.0	7.0
414	28.831995421512392	31.87616903307276	0	8.0	7.0
415	28.831995421512392	31.87616903307276	0	8.0	7.0
416	28.831995421512392	31.87616903307276	0	8.0	7.0
417	28.831995421512392	31.87616903307276	0	8.0	7.0
418	28.831995421512392	31.87616903307276	0	8.0	7.0
419	28.831995421512392	31.87616903307276	0	8.0	7.0
420	28.831995421512392	31.87616903307276	0	8.0	7.0
421	28.831995421512392	31.87616903307276	0	8.0	7.0
422	28.831995421512392	31.87616903307276	0	8.0	7.0
423	28.831995421512392	31.87616903307276	0	8.0	7.0
424	28.831995421512392	31.87616903307276	0	8.0	7.0
425	28.831995421512392	31.87616903307276	0	8.0	7.0
426	28.831995421512392	31.87616903307276	0	8.0	7.0
427	28.831995421512392	31.87616903307276	0	8.0	7.0
428	28.831995421512392	31.87616903307276	0	8.0	7.0
429	28.831995421512392	31.87616903307276	0	8.0	7.0
430	28.831995421512392	31.87616903307276	0	8.0	7.0
431	28.831995421512392	31.87616903307276	0	8.0	7.0
432	28.831995421512392	31.87616903307276	0	8.0	7.0
433	28.831995421512392	31.87616903307276	0	8.0	7.0
434	28.831995421512392	31.87616903307276	0	8.0	7.0
435	28.831995421512392	31.87616903307276	0	8.0	7.0
436	28.831995421512392	31.87616903307276	0	8.0	7.0
437	28.831995421512392	31.87616903307276	0	8.0	7.0
438	28.831995421512392	31.87616903307276	0	8.0	7.0
439	28.831995421512392	31.87616903307276	0	8.0	7.0
440	28.831995421512392	31.87616903307276	0	8.0	7.0
441	28.831995421512392	31.87616903307276	0	8.0	7.0
442	28.831995421512392	31.87616903307276	0	8.0	7.0
443	28.831995421512392	31.87616903307276	0	8.0	7.0
444	28.831995421512392	31.87616903307276	0	8.0	7.0
445	28.831995421512392	31.87616903307276	0	8.0	7.0
446	28.831995421512392	31.87616903307276	0	8.0	7.0
447	28.831995421512392	31.87616903307276	0	8.0	7.0
448	28.831995421512392	31.87616903307276	0	8.0	7.0
449	28.831995421512392	31.87616903307276	0	8.0	7.0
450	28.831995421512392	31.87616903307276	0	8.0	7.0
451	28.831995421512392	31.87616903307276	0	8.0	7.0
452	28.831995421512392	31.87616903307276	0	8.0	7.0
453	28.831995421512392	31.87616903307276	0	8.0	7.0
454	28.831995421512392	31.87616903307276	0	8.0	7.0
455	28.831995421512392	31.87616903307276	0	8.0	7.0
456	28.831995421512392	31.87616903307276	0	8.0	7.0
457	28.831995421512392	31.87616903307276	0	8.0	7.0
458	28.831995421512392	31.87616903307276	0	8.0	7.0
459	28.831995421512392	31.87616903307276	0	8.0	7.0
460	28.831995421512392	31.87616903307276	0	8.0	7.0
461	28.831995421512392	31.87616903307276	0	8.0	7.0
462	28.831995421512392	31.87616903307276	0	8.0	7.0
463	28.831995421512392	31.87616903307276	0	8.0	7.0
464	28.831995421512392	31.87616903307276	0	8.0	7.0
465	28.831995421512392	31.87616903307276	0	8.0	7.0
466	28.831995421512392	31.87616903307276	0	8.0	7.0
467	28.831995421512392	31.87616903307276	0	8.0	7.0
468	28.831995421512392	31.87616903307276	0	8.0	7.0
469	28.831995421512392	31.87616903307276	0	8.0	7.0
470	28.831995421512392	31.87616903307276	0	8.0	7.0
471	28.831995421512392	31.87616903307276	0	8.0	7.0
472	28.831995421512392	31.87616903307276	0	8.0	7.0
473	28.831995421512392	31.87616903307276	0	8.0	7.0
474	28.831995421512392	31.87616903307276	0	8.0	7.0
475	28.831995421512392	31.87616903307276	0	8.0	7.0
476	28.831995421512392	31.87616903307276	0	8.0	7.0
477	28.831995421512392	31.87616903307276	0	8.0	7.0
478	28.831995421512392	31.87616903307276	0	8.0	7.0
479	28.831995421512392	31.87616903307276	0	8.0	7.0
480	28.831995421512392	31.87616903307276	0	8.0	7.0
481	28.831995421512392	31.87616903307276	0	8.0	7.0
482	28.831995421512392	31.87616903307276	0	8.0	7.0
483	28.831995421512392	31.87616903307276	0	8.0	7.0
484	28.831995421512392	31.87616903307276	0	8.0	7.0
485	28.831995421512392	31.87616903307276	0	8.0	7.0
486	28.831995421512392	31.87616903307276	0	8.0	7.0
487	28.831995421512392	31.87616903307276	0	8.0	7.0
488	28.831995421512392	31.87616903307276	0	8.0	7.0
489	28.831995421512392	31.87616903307276	0	8.0	7.0
490	28.831995421512392	31.87616903307276	0	8.0	7.0
491	28.831995421512392	31.87616903307276	0	8.0	7.0
492	28.831995421512392	31.87616903307276	0	8.0	7.0
493	28.831995421512392	31.87616903307276	0	8.0	7.0
494	28.831995421512392	31.87616903307276	0	8.0	7.0
495	28.831995421512392	31.87616903307276	0	8.0	7.0
496	28.831995421512392	31.87616903307276	0	8.0	7.0
497	28.831995421512392	31.87616903307276	0	8.0	7.0
498	28.831995421512392	31.87616903307276	0	8.0	7.0
499	28.831995421512392	31.87616903307276	0	8.0	7.0
500	28.831995421512392	31.87616903307276	0	8.0	7.0
501	28.831995421512392	31.87616903307276	0	8.0	7.0
502	28.831995421512392	31.87616903307276	0	8.0	7.0
503	28.831995421512392	31.87616903307276	0	8.0	7.0
504	28.831995421512392	31.87616903307276	0	8.0	7.0
505	28.831995421512392	31.87616903307276	0	8.0	7.0
506	28.831995421512392	31.87616903307276	0	8.0	7.0
507	28.831995421512392	31.87616903307276	0	8.0	7.0
508	28.831995421512392	31.87616903307276	0	8.0	7.0
509	28.831995421512392	31.87616903307276	0	8.0	7.0
510	28.831995421512392	31.87616903307276	0	8.0	7.0
511	28.831995421512392	31.87616903307276	0	8.0	7.0
512	28.831995421512392	31.87616903307276	0	8.0	7.0
513	28.831995421512392	31.87616903307276	0	8.0	7.0
514	28.831995421512392	31.87616903307276	0	8.0	7.0
515	28.831995421512392	31.87616903307276	0	8.0	7.0
516	28.831995421512392	31.87616903307276	0	8.0	7.0
517	28.831995421512392	31.87616903307276	0	8.0	7.0
518	28.831995421512392	31.87616903307276	0	8.0	7.0
519	28.831995421512392	31.87616903307276	0	8.0	7.0
520	28.831995421512392	31.87616903307276	0	8.0	7.0
521	28.831995421512392	31.87616903307276	0	8.0	7.0
522	28.831995421512392	31.87616903307276	0	8.0	7.0
523	28.831995421512392	31.87616903307276	0	8.0	7.0
524	28.831995421512392	31.87616903307276	0	8.0	7.0
525	28.831995421512392	31.87616903307276	0	8.0	7.0
526	28.831995421512392	31.87616903307276	0	8.0	7.0
527	28.831995421512392	31.87616903307276	0	8.0	7.0
528	28.831995421512392	31.87616903307276	0	8.0	7.0
529	28.831995421512392	31.87616903307276	0	8.0	7.0
530	28.831995421512392	31.87616903307276	0	8.0	7.0
531	28.831995421512392	31.87616903307276	0	8.0	7.0
532	28.831995421512392	31.87616903307276	0	8.0	7.0
533	28.831995421512392	31.87616903307276	0	8.0	7.0
534	28.831995421512392	31.87616903307276	0	8.0	7.0
535	28.831995421512392	31.87616903307276	0	8.0	7.0
536	28.831995421512392	31.87616903307276	0	8.0	7.0
537	28.831995421512392	31.87616903307276	0	8.0	7.0
538	28.831995421512392	31.87616903307276	0	8.0	7.0
539	28.831995421512392	31.87616903307276	0	8.0	7.0
540	28.831995421512392	31.87616903307276	0	8.0	7.0
541	28.831995421512392	31.87616903307276	0	8.0	7.0
542	28.831995421512392	31.87616903307276	0	8.0	7.0
543	28.831995421512392	31.87616903307276	0	8.0	7.0
544	28.831995421512392	31.87616903307276	0	8.0	7.0
545	28.831995421512392	31.87616903307276	0	8.0	7.0
546	28.831995421512392	31.87616903307276	0	8.0	7.0
547	28.831995421512392	31.87616903307276	0	8.0	7.0
548	28.831995421512392	31.87616903307276	0	8.0	7.0
549	28.831995421512392	31.87616903307276	0	8.0	7.0
550	28.831995421512392	31.87616903307276	0	8.0	7.0
551	28.831995421512392	31.87616903307276	0	8.0	7.0
552	28.831995421512392	31.87616903307276	0	8.0	7.0
553	28.831995421512392	31.87616903307276	0	8.0	7.0
554	28.831995421512392	31.87616903307276	0	8.0	7.0
555	28.831995421512392	31.87616903307276	0	8.0	7.0
556	28.831995421512392	31.87616903307276	0	8.0	7.0
557	28.831995421512392	31.87616903307276	0	8.0	7.0
558	28.831995421512392	31.87616903307276	0	8.0	7.0
559	28.831995421512392	31.87616903307276	0	8.0	7.0
560	28.831995421512392	31.87616903307276	0	8.0	7.0
561	28.831995421512392	31.87616903307276	0	8.0	7.0
562	28.831995421512392	31.87616903307276	0	8.0	7.0
563	28.831995421512392	31.87616903307276	0	8.0	7.0
564	28.831995421512392	31.87616903307276	0	8.0	7.0
565	28.831995421512392	31.87616903307276	0	8.0	7.0
566	28.831995421512392	31.87616903307276	0	8.0	7.0
567	28.831995421512392	31.87616903307276	0	8.0	7.0
568	28.831995421512392	31.87616903307276	0	8.0	7.0
569	28.831995421512392	31.87616903307276	0	8.0	7.0
570	28.831995421512392	31.87616903307276	0	8.0	7.0
571	28.831995421512392	31.87616903307276	0	8.0	7.0
572	28.831995421512392	31.87616903307276	0	8.0	7.0
573	28.831995421512392	31.87616903307276	0	8.0	7.0
574	28.831995421512392	31.87616903307276	0	8.0	7.0
575	28.831995421512392	31.87616903307276	0	8.0	7.0
576	28.831995421512392	31.87616903307276	0	8.0	7.0
577	28.831995421512392	31.87616903307276	0	8.0	7.0
578	28.831995421512392	31.87616903307276	0	8.0	7.0
579	28.831995421512392	31.87616903307276	0	8.0	7.0
580	28.831995421512392	31.87616903307276	0	8.0	7.0
581	28.831995421512392	31.87616903307276	0	8.0	7.0
582	28.831995421512392	31.87616903307276	0	8.0	7.0
583	28.831995421512392	31.87616903307276	0	8.0	7.0
584	28.831995421512392	31.87616903307276	0	8.0	7.0
585	28.831995421512392	31.87616903307276	0	8.0	7.0
586	28.831995421512392	31.87616903307276	0	8.0	7.0
587	28.831995421512392	31.87616903307276	0	8.0	7.0
588	28.831995421512392	31.87616903307276	0	8.0	7.0
589	28.831995421512392	31.87616903307276	0	8.0	7.0
590	28.831995421512392	31.87616903307276	0	8.0	7.0
591	28.831995421512392	31.87616903307276	0	8.0	7.0
592	28.831995421512392	31.87616903307276	0	8.0	7.0
593	28.831995421512392	31.87616903307276	0	8.0	7.0
594	28.831995421512392	31.87616903307276	0	8.0	7.0
595	28.831995421512392	31.87616903307276	0	8.0	7.0
596	28.831995421512392	31.87616903307276	0	8.0	7.0
597	28.831995421512392	31.87616903307276	0	8.0	7.0
598	28.831995421512392	31.87616903307276	0	8.0	7.0
599	28.831995421512392	31.87616903307276	0	8.0	7.0
600	28.831995421512392	31.87616903307276	0	8.0	7.0
601	28.831995421512392	31.87616903307276	0	8.0	7.0
602	28.831995421512392	31.87616903307276	0	8.0	7.0
603	28.831995421512392	31.87616903307276	0	8.0	7.0
604	28.831995421512392	31.87616903307276	0	8.0	7.0
605	28.831995421512392	31.87616903307276	0	8.0	7.0
606	28.831995421512392	31.87616903307276	0	8.0	7.0
607	28.831995421512392	31.87616903307276	0	8.0	7.0
608	28.831995421512392	31.87616903307276	0	8.0	7.0
609	28.831995421512392	31.87616903307276	0	8.0	7.0
610	28.831995421512392	31.87616903307276	0	8.0	7.0
611	28.831995421512392	31.87616903307276	0	8.0	7.0
612	28.831995421512392	31.87616903307276	0	8.0	7.0
613	28.831995421512392	31.87616903307276	0	8.0	7.0
614	28.831995421512392	31.87616903307276	0	8.0	7.0
615	28.831995421512392	31.87616903307276	0	8.0	7.0
616	28.831995421512392	31.87616903307276	0	8.0	7.0
617	28.831995421512392	31.87616903307276	0	8.0	7.0
618	28.831995421512392	31.87616903307276	0	8.0	7.0
619	28.831995421512392	31.87616903307276	0	8.0	7.0
620	28.831995421512392	31.87616903307276	0	8.0	7.0
621	28.831995421512392	31.87616903307276	0	8.0	7.0
622	28.831995421512392	31.87616903307276	0	8.0	7.0
623	28.831995421512392	31.87616903307276	0	8.0	7.0
624	28.831995421512392	31.87616903307276	0	8.0	7.0
625	28.831995421512392	31.87616903307276	0	8.0	7.0
626	28.831995421512392	31.87616903307276	0	8.0	7.0
627	28.831995421512392	31.87616903307276	0	8.0	7.0
628	28.831995421512392	31.87616903307276	0	8.0	7.0
629	28.831995421512392	31.87616903307276	0	8.0	7.0
630	28.831995421512392	31.87616903307276	0	8.0	7.0
631	28.831995421512392	31.87616903307276	0	8.0	7.0
632	28.831995421512392	31.87616903307276	0	8.0	7.0
633	28.831995421512392	31.87616903307276	0	8.0	7.0
634	28.831995421512392	31.87616903307276	0	8.0	7.0
635	28.831995421512392	31.87616903307276	0	8.0	7.0
636	28.831995421512392	31.87616903307276	0	8.0	7.0
637	28.831995421512392	31.87616903307276	0	8.0	7.0
638	28.831995421512392	31.87616903307276	0	8.0	7.0
639	28.831995421512392	31.87616903307276	0	8.0	7.0
640	28.831995421512392	31.87616903307276	0	8.0	7.0
641	28.831995421512392	31.87616903307276	0	8.0	7.0
642	28.831995421512392	31.87616903307276	0	8.0	7.0
643	28.831995421512392	31.87616903307276	0	8.0	7.0
644	28.831995421512392	31.87616903307276	0	8.0	7.0
645	28.831995421512392	31.87616903307276	0	8.0	7.0
646	28.831995421512392	31.87616903307276	0	8.0	7.0
647	28.831995421512392	31.87616903307276	0	8.0	7.0
648	28.831995421512392	31.87616903307276	0	8.0	7.0
649	28.831995421512392	31.87616903307276	0	8.0	7.0
650	28.831995421512392	31.87616903307276	0	8.0	7.0
651	28.831995421512392	31.87616903307276	0	8.0	7.0
652	28.831995421512392	31.87616903307276	0	8.0	7.0
653	28.831995421512392	31.87616903307276	0	8.0	7.0
654	28.831995421512392	31.87616903307276	0	8.0	7.0
655	28.831995421512392	31.87616903307276	0	8.0	7.0
656	28.831995421512392	31.87616903307276	0	8.0	7.0
657	28.831995421512392	31.87616903307276	0	8.0	7.0
658	28.831995421512392	31.87616903307276	0	8.0	7.0
659	28.831995421512392	31.87616903307276	0	8.0	7.0
660	28.831995421512392	31.87616903307276	0	8.0	7.0
661	28.831995421512392	31.87616903307276	0	8.0	7.0
662	28.831995421512392	31.87616903307276	0	8.0	7.0
663	28.831995421512392	31.87616903307276	0	8.0	7.0
664	28.831995421512392	31.87616903307276	0	8.0	7.0
665	28.831995421512392	31.87616903307276	0	8.0	7.0
666	28.831995421512392	31.87616903307276	0	8.0	7.0
667	28.831995421512392	31.87616903307276	0	8.0	7.0
668	28.831995421512392	31.87616903307276	0	8.0	7.0
669	28.831995421512392	31.87616903307276	0	8.0	7.0
670	28.831995421512392	31.87616903307276	0	8.0	7.0
671	28.831995421512392	31.87616903307276	0	8.0	7.0
672	28.831995421512392	31.87616903307276	0	8.0	7.0
673	28.831995421512392	31.87616903307276	0	8.0	7.0
674	28.831995421512392	31.87616903307276	0	8.0	7.0
675	28.831995421512392	31.87616903307276	0	8.0	7.0
676	28.831995421512392	31.87616903307276	0	8.0	7.0
677	28.831995421512392	31.87616903307276	0	8.0	7.0
678	28.831995421512392	31.87616903307276	0	8.0	7.0
679	28.831995421512392	31.87616903307276	0	8.0	7.0
680	28.831995421512392	31.87616903307276	0	8.0	7.0
681	28.831995421512392	31.87616903307276	0	8.0	7.0
682	28.831995421512392	31.87616903307276	0	8.0	7.0
683	28.831995421512392	31.87616903307276	0	8.0	7.0
684	28.831995421512392	31.87616903307276	0	8.0	7.0
685	28.831995421512392	31.87616903307276	0	8.0	7.0
686	28.831995421512392	31.87616903307276	0	8.0	7.0
687	28.831995421512392	31.87616903307276	0	8.0	7.0
688	28.831995421512392	31.87616903307276	0	8.0	7.0
689	28.831995421512392	31.87616903307276	0	8.0	7.0
690	28.831995421512392	31.87616903307276	0	8.0	7.0
691	28.831995421512392	31.87616903307276	0	8.0	7.0
692	28.831995421512392	31.87616903307276	0	8.0	7.0
693	28.831995421512392	31.87616903307276	0	8.0	7.0
694	28.831995421512392	31.87616903307276	0	8.0	7.0
695	28.831995421512392	31.87616903307276	0	8.0	7.0
696	28.831995421512392	31.87616903307276	0	8.0	7.0
697	28.831995421512392	31.87616903307276	0	8.0	7.0
698	28.831995421512392	31.87616903307276	0	8.0	7.0
699	28.831995421512392	31.87616903307276	0	8.0	7.0
700	28.831995421512392	31.87616903307276	0	8.0	7.0
701	28.831995421512392	31.87616903307276	0	8.0	7.0
702	28.831995421512392	31.87616903307276	0	8.0	7.0
703	28.831995421512392	31.87616903307276	0	8.0	7.0
704	28.831995421512392	31.87616903307276	0	8.0	7.0
705	28.831995421512392	31.87616903307276	0	8.0	7.0
706	28.831995421512392	31.87616903307276	0	8.0	7.0
707	28.831995421512392	31.87616903307276	0	8.0	7.0
708	28.831995421512392	31.87616903307276	0	8.0	7.0
709	28.831995421512392	31.87616903307276	0	8.0	7.0
710	28.831995421512392	31.87616903307276	0	8.0	7.0
711	28.831995421512392	31.87616903307276	0	8.0	7.0
712	28.831995421512392	31.87616903307276	0	8.0	7.0
713	28.831995421512392	31.87616903307276	0	8.0	7.0
714	28.831995421512392	31.87616903307276	0	8.0	7.0
715	28.831995421512392	31.87616903307276	0	8.0	7.0
716	28.831995421512392	31.87616903307276	0	8.0	7.0
717	28.831995421512392	31.87616903307276	0	8.0	7.0
718	28.831995421512392	31.87616903307276	0	8.0	7.0
719	28.831995421512392	31.87616903307276	0	8.0	7.0
720	28.831995421512392	31.87616903307276	0	8.0	7.0
721	28.831995421512392	31.87616903307276	0	8.0	7.0
722	28.831995421512392	31.87616903307276	0	8.0	7.0
723	28.831995421512392	31.87616903307276	0	8.0	7.0
724	28.831995421512392	31.87616903307276	0	8.0	7.0
725	28.831995421512392	31.87616903307276	0	8.0	7.0
726	28.831995421512392	31.87616903307276	0	8.0	7.0
727	28.831995421512392	31.87616903307276	0	8.0	7.0
728	28.831995421512392	31.87616903307276	0	8.0	7.0
729	28.831995421512392	31.87616903307276	0	8.0	7.0
730	28.831995421512392	31.87616903307276	0	8.0	7.0
731	28.831995421512392	31.87616903307276	0	8.0	7.0
732	28.831995421512392	31.87616903307276	0	8.0	7.0
733	28.831995421512392	31.87616903307276	0	8.0	7.0
734	28.831995421512392	31.87616903307276	0	8.0	7.0
735	28.831995421512392	31.87616903307276	0	8.0	7.0
736	28.831995421512392	31.87616903307276	0	8.0	7.0
737	28.831995421512392	31.87616903307276	0	8.0	7.0
738	28.831995421512392	31.87616903307276	0	8.0	7.0
739	28.831995421512392	31.87616903307276	0	8.0	7.0
740	28.831995421512392	31.87616903307276	0	8.0	7.0
741	28.831995421512392	31.87616903307276	0	8.0	7.0
742	28.831995421512392	31.87616903307276	0	8.0	7.0
743	28.831995421512392	31.87616903307276	0	8.0	7.0
744	28.831995421512392	31.87616903307276	0	8.0	7.0
745	28.831995421512392	31.87616903307276	0	8.0	7.0
746	28.831995421512392	31.87616903307276	0	8.0	7.0
747	28.831995421512392	31.87616903307276	0	8.0	7.0
748	28.831995421512392	31.87616903307276	0	8.0	7.0
749	28.831995421512392	31.87616903307276	0	8.0	7.0
750	28.831995421512392	31.87616903307276	0	8.0	7.0
751	28.831995421512392	31.87616903307276	0	8.0	7.0
752	28.831995421512392	31.87616903307276	0	8.0	7.0
753	28.831995421512392	31.87616903307276	0	8.0	7.0
754	28.831995421512392	31.87616903307276	0	8.0	7.0
755	28.831995421512392	31.87616903307276	0	8.0	7.0
756	28.831995421512392	31.87616903307276	0	8.0	7.0
757	28.831995421512392	31.87616903307276	0	8.0	7.0
758	28.831995421512392	31.87616903307276	0	8.0	7.0
759	28.831995421512392	31.87616903307276	0	8.0	7.0
760	28.831995421512392	31.87616903307276	0	8.0	7.0
761	28.831995421512392	31.87616903307276	0	8.0	7.0
762	28.831995421512392	31.87616903307276	0	8.0	7.0
763	28.831995421512392	31.87616903307276	0	8.0	7.0
764	28.831995421512392	31.87616903307276	0	8.0	7.0
765	28.831995421512392	31.87616903307276	0	8.0	7.0
766	28.831995421512392	31.87616903307276	0	8.0	7.0
767	28.831995421512392	31.87616903307276	0	8.0	7.0
768	28.831995421512392	31.87616903307276	0	8.0	7.0
769	28.831995421512392	31.87616903307276	0	8.0	7.0
770	28.831995421512392	31.87616903307276	0	8.0	7.0
771	28.831995421512392	31.87616903307276	0	8.0	7.0
772	28.831995421512392	31.87616903307276	0	8.0	7.0
773	28.831995421512392	31.87616903307276	0	8.0	7.0
774	28.831995421512392	31.87616903307276	0	8.0	7.0
775	28.831995421512392	31.87616903307276	0	8.0	7.0
776	28.831995421512392	31.87616903307276	0	8.0	7.0
777	28.831995421512392	31.87616903307276	0	8.0	7.0
778	28.831995421512392	31.87616903307276	0	8.0	7.0
779	28.831995421512392	31.87616903307276	0	8.0	7.0
780	28.831995421512392	31.87616903307276	0	8.0	7.0
781	28.831995421512392	31.87616903307276	0	8.0	7.0
782	28.831995421512392	31.87616903307276	0	8.0	7.0
783	28.831995421512392	31.87616903307276	0	8.0	7.0
784	28.831995421512392	31.87616903307276	0	8.0	7.0
785	28.831995421512392	31.87616903307276	0	8.0	7.0
786	28.831995421512392	31.87616903307276	0	8.0	7.0
787	28.831995421512392	31.87616903307276	0	8.0	7.0
788	28.831995421512392	31.87616903307276	0	8.0	7.0
789	28.831995421512392	31.87616903307276	0	8.0	7.0
790	28.831995421512392	31.87616903307276	0	8.0	7.0
791	28.831995421512392	31.87616903307276	0	8.0	7.0
792	28.831995421512392	31.87616903307276	0	8.0	7.0
793	28.831995421512392	31.87616903307276	0	8.0	7.0
794	28.831995421512392	31.87616903307276	0	8.0	7.0
795	28.831995421512392	31.87616903307276	0	8.0	7.0
796	28.831995421512392	31.87616903307276	0	8.0	7.0
797	28.831995421512392	31.87616903307276	0	8.0	7.0
798	28.831995421512392	31.87616903307276	0	8.0	7.0
799	28.831995421512392	31.87616903307276	0	8.0	7.0
800	28.831995421512392	31.87616903307276	0	8.0	7.0
801	28.831995421512392	31.87616903307276	0	8.0	7.0
802	28.831995421512392	31.87616903307276	0	8.0	7.0
803	28.831995421512392	31.87616903307276	0	8.0	7.0
804	28.831995421512392	31.87616903307276	0	8.0	7.0
805	28.831995421512392	31.87616903307276	0	8.0	7.0
806	28.831995421512392	31.87616903307276	0	8.0	7.0
807	28.831995421512392	31.87616903307276	0	8.0	7.0
808	28.831995421512392	31.87616903307276	0	8.0	7.0
809	28.831995421512392	31.87616903307276	0	8.0	7.0
810	28.831995421512392	31.87616903307276	0	8.0	7.0
