TS	X	Y	Direction	Line_Man	Column_Man
0	33.46615797556548	2.1276229958278834	0	5	8
1	32.25980936888738	2.1276229958278834	0	5.0	8.0
2	32.25980936888738	2.1276229958278834	0	5.0	8.0
3	32.25980936888738	2.1276229958278834	0	5.0	8.0
4	32.25980936888738	2.1276229958278834	0	5.0	8.0
5	32.25980936888738	2.1276229958278834	0	5.0	8.0
6	32.25980936888738	2.1276229958278834	0	5.0	8.0
7	32.25980936888738	2.1276229958278834	0	5.0	8.0
8	32.25980936888738	2.1276229958278834	0	5.0	8.0
9	32.25980936888738	2.1276229958278834	0	5.0	8.0
10	32.25980936888738	2.1276229958278834	0	5.0	8.0
11	32.25980936888738	2.1276229958278834	0	5.0	8.0
12	32.25980936888738	2.1276229958278834	0	5.0	8.0
13	32.25980936888738	2.1276229958278834	0	5.0	8.0
14	32.25980936888738	2.1276229958278834	0	5.0	8.0
15	32.25980936888738	2.1276229958278834	0	5.0	8.0
16	32.25980936888738	2.1276229958278834	0	5.0	8.0
17	32.25980936888738	2.1276229958278834	0	5.0	8.0
18	32.25980936888738	2.1276229958278834	0	5.0	8.0
19	32.25980936888738	2.1276229958278834	0	5.0	8.0
20	32.25980936888738	2.1276229958278834	0	5.0	8.0
21	32.25980936888738	2.1276229958278834	0	5.0	8.0
22	32.25980936888738	2.1276229958278834	0	5.0	8.0
23	32.25980936888738	2.1276229958278834	0	5.0	8.0
24	32.25980936888738	2.1276229958278834	0	5.0	8.0
25	32.25980936888738	2.1276229958278834	0	5.0	8.0
26	32.25980936888738	2.1276229958278834	0	5.0	8.0
27	32.25980936888738	2.1276229958278834	0	5.0	8.0
28	32.25980936888738	2.1276229958278834	0	5.0	8.0
29	32.25980936888738	2.1276229958278834	0	5.0	8.0
30	32.25980936888738	2.1276229958278834	0	5.0	8.0
31	32.25980936888738	2.1276229958278834	0	5.0	8.0
32	32.25980936888738	2.1276229958278834	0	5.0	8.0
33	32.25980936888738	2.1276229958278834	0	5.0	8.0
34	32.25980936888738	2.1276229958278834	0	5.0	8.0
35	32.25980936888738	2.1276229958278834	0	5.0	8.0
36	32.25980936888738	2.1276229958278834	0	5.0	8.0
37	32.25980936888738	2.1276229958278834	0	5.0	8.0
38	32.25980936888738	2.1276229958278834	0	5.0	8.0
39	32.25980936888738	2.1276229958278834	0	5.0	8.0
40	32.25980936888738	2.1276229958278834	0	5.0	8.0
41	32.25980936888738	2.1276229958278834	0	5.0	8.0
42	32.25980936888738	2.1276229958278834	0	5.0	8.0
43	32.25980936888738	2.1276229958278834	0	5.0	8.0
44	32.25980936888738	2.1276229958278834	0	5.0	8.0
45	32.25980936888738	2.1276229958278834	0	5.0	8.0
46	32.25980936888738	2.1276229958278834	0	5.0	8.0
47	32.25980936888738	2.1276229958278834	0	5.0	8.0
48	32.25980936888738	2.1276229958278834	0	5.0	8.0
49	32.25980936888738	2.1276229958278834	0	5.0	8.0
50	32.25980936888738	2.1276229958278834	0	5.0	8.0
51	32.25980936888738	2.1276229958278834	0	5.0	8.0
52	32.25980936888738	2.1276229958278834	0	5.0	8.0
53	32.25980936888738	2.1276229958278834	0	5.0	8.0
54	32.25980936888738	2.1276229958278834	0	5.0	8.0
55	32.25980936888738	2.1276229958278834	0	5.0	8.0
56	32.25980936888738	2.1276229958278834	0	5.0	8.0
57	32.25980936888738	2.1276229958278834	0	5.0	8.0
58	32.25980936888738	2.1276229958278834	0	5.0	8.0
59	32.25980936888738	2.1276229958278834	0	5.0	8.0
60	32.25980936888738	2.1276229958278834	0	5.0	8.0
61	32.25980936888738	2.1276229958278834	0	5.0	8.0
62	32.25980936888738	2.1276229958278834	0	5.0	8.0
63	32.25980936888738	2.1276229958278834	0	5.0	8.0
64	32.25980936888738	2.1276229958278834	0	5.0	8.0
65	32.25980936888738	2.1276229958278834	0	5.0	8.0
66	32.25980936888738	2.1276229958278834	0	5.0	8.0
67	32.25980936888738	2.1276229958278834	0	5.0	8.0
68	32.25980936888738	2.1276229958278834	0	5.0	8.0
69	32.25980936888738	2.1276229958278834	0	5.0	8.0
70	32.25980936888738	2.1276229958278834	0	5.0	8.0
71	32.25980936888738	2.1276229958278834	0	5.0	8.0
72	32.25980936888738	2.1276229958278834	0	5.0	8.0
73	32.25980936888738	2.1276229958278834	0	5.0	8.0
74	32.25980936888738	2.1276229958278834	0	5.0	8.0
75	32.25980936888738	2.1276229958278834	0	5.0	8.0
76	32.25980936888738	2.1276229958278834	0	5.0	8.0
77	32.25980936888738	2.1276229958278834	0	5.0	8.0
78	32.25980936888738	2.1276229958278834	0	5.0	8.0
79	32.25980936888738	2.1276229958278834	0	5.0	8.0
80	32.25980936888738	2.1276229958278834	0	5.0	8.0
81	32.25980936888738	2.1276229958278834	0	5.0	8.0
82	32.25980936888738	2.1276229958278834	0	5.0	8.0
83	32.25980936888738	2.1276229958278834	0	5.0	8.0
84	32.25980936888738	2.1276229958278834	0	5.0	8.0
85	32.25980936888738	2.1276229958278834	0	5.0	8.0
86	32.25980936888738	2.1276229958278834	0	5.0	8.0
87	32.25980936888738	2.1276229958278834	0	5.0	8.0
88	32.25980936888738	2.1276229958278834	0	5.0	8.0
89	32.25980936888738	2.1276229958278834	0	5.0	8.0
90	32.25980936888738	2.1276229958278834	0	5.0	8.0
91	32.25980936888738	2.1276229958278834	0	5.0	8.0
92	32.25980936888738	2.1276229958278834	0	5.0	8.0
93	32.25980936888738	2.1276229958278834	0	5.0	8.0
94	32.25980936888738	2.1276229958278834	0	5.0	8.0
95	32.25980936888738	2.1276229958278834	0	5.0	8.0
96	32.25980936888738	2.1276229958278834	0	5.0	8.0
97	32.25980936888738	2.1276229958278834	0	5.0	8.0
98	32.25980936888738	2.1276229958278834	0	5.0	8.0
99	32.25980936888738	2.1276229958278834	0	5.0	8.0
100	32.25980936888738	2.1276229958278834	0	5.0	8.0
101	32.25980936888738	2.1276229958278834	0	5.0	8.0
102	32.25980936888738	2.1276229958278834	0	5.0	8.0
103	32.25980936888738	2.1276229958278834	0	5.0	8.0
104	32.25980936888738	2.1276229958278834	0	5.0	8.0
105	32.25980936888738	2.1276229958278834	0	5.0	8.0
106	32.25980936888738	2.1276229958278834	0	5.0	8.0
107	32.25980936888738	2.1276229958278834	0	5.0	8.0
108	32.25980936888738	2.1276229958278834	0	5.0	8.0
109	32.25980936888738	2.1276229958278834	0	5.0	8.0
110	32.25980936888738	2.1276229958278834	0	5.0	8.0
111	32.25980936888738	2.1276229958278834	0	5.0	8.0
112	32.25980936888738	2.1276229958278834	0	5.0	8.0
113	32.25980936888738	2.1276229958278834	0	5.0	8.0
114	32.25980936888738	2.1276229958278834	0	5.0	8.0
115	32.25980936888738	2.1276229958278834	0	5.0	8.0
116	32.25980936888738	2.1276229958278834	0	5.0	8.0
117	32.25980936888738	2.1276229958278834	0	5.0	8.0
118	32.25980936888738	2.1276229958278834	0	5.0	8.0
119	32.25980936888738	2.1276229958278834	0	5.0	8.0
120	32.25980936888738	2.1276229958278834	0	5.0	8.0
121	32.25980936888738	2.1276229958278834	0	5.0	8.0
122	32.25980936888738	2.1276229958278834	0	5.0	8.0
123	32.25980936888738	2.1276229958278834	0	5.0	8.0
124	32.25980936888738	2.1276229958278834	0	5.0	8.0
125	32.25980936888738	2.1276229958278834	0	5.0	8.0
126	32.25980936888738	2.1276229958278834	0	5.0	8.0
127	32.25980936888738	2.1276229958278834	0	5.0	8.0
128	32.25980936888738	2.1276229958278834	0	5.0	8.0
129	32.25980936888738	2.1276229958278834	0	5.0	8.0
130	32.25980936888738	2.1276229958278834	0	5.0	8.0
131	32.25980936888738	2.1276229958278834	0	5.0	8.0
132	32.25980936888738	2.1276229958278834	0	5.0	8.0
133	32.25980936888738	2.1276229958278834	0	5.0	8.0
134	32.25980936888738	2.1276229958278834	0	5.0	8.0
135	32.25980936888738	2.1276229958278834	0	5.0	8.0
136	32.25980936888738	2.1276229958278834	0	5.0	8.0
137	32.25980936888738	2.1276229958278834	0	5.0	8.0
138	32.25980936888738	2.1276229958278834	0	5.0	8.0
139	32.25980936888738	2.1276229958278834	0	5.0	8.0
140	32.25980936888738	2.1276229958278834	0	5.0	8.0
141	32.25980936888738	2.1276229958278834	0	5.0	8.0
142	32.25980936888738	2.1276229958278834	0	5.0	8.0
143	32.25980936888738	2.1276229958278834	0	5.0	8.0
144	32.25980936888738	2.1276229958278834	0	5.0	8.0
145	32.25980936888738	2.1276229958278834	0	5.0	8.0
146	32.25980936888738	2.1276229958278834	0	5.0	8.0
147	32.25980936888738	2.1276229958278834	0	5.0	8.0
148	32.25980936888738	2.1276229958278834	0	5.0	8.0
149	32.25980936888738	2.1276229958278834	0	5.0	8.0
150	32.25980936888738	2.1276229958278834	0	5.0	8.0
151	32.25980936888738	2.1276229958278834	0	5.0	8.0
152	32.25980936888738	2.1276229958278834	0	5.0	8.0
153	32.25980936888738	2.1276229958278834	0	5.0	8.0
154	32.25980936888738	2.1276229958278834	0	5.0	8.0
155	32.25980936888738	2.1276229958278834	0	5.0	8.0
156	32.25980936888738	2.1276229958278834	0	5.0	8.0
157	32.25980936888738	2.1276229958278834	0	5.0	8.0
158	32.25980936888738	2.1276229958278834	0	5.0	8.0
159	32.25980936888738	2.1276229958278834	0	5.0	8.0
160	32.25980936888738	2.1276229958278834	0	5.0	8.0
161	32.25980936888738	2.1276229958278834	0	5.0	8.0
162	32.25980936888738	2.1276229958278834	0	5.0	8.0
163	32.25980936888738	2.1276229958278834	0	5.0	8.0
164	32.25980936888738	2.1276229958278834	0	5.0	8.0
165	32.25980936888738	2.1276229958278834	0	5.0	8.0
166	32.25980936888738	2.1276229958278834	0	5.0	8.0
167	32.25980936888738	2.1276229958278834	0	5.0	8.0
168	32.25980936888738	2.1276229958278834	0	5.0	8.0
169	32.25980936888738	2.1276229958278834	0	5.0	8.0
170	32.25980936888738	2.1276229958278834	0	5.0	8.0
171	32.25980936888738	2.1276229958278834	0	5.0	8.0
172	32.25980936888738	2.1276229958278834	0	5.0	8.0
173	32.25980936888738	2.1276229958278834	0	5.0	8.0
174	32.25980936888738	2.1276229958278834	0	5.0	8.0
175	32.25980936888738	2.1276229958278834	0	5.0	8.0
176	32.25980936888738	2.1276229958278834	0	5.0	8.0
177	32.25980936888738	2.1276229958278834	0	5.0	8.0
178	32.25980936888738	2.1276229958278834	0	5.0	8.0
179	32.25980936888738	2.1276229958278834	0	5.0	8.0
180	32.25980936888738	2.1276229958278834	0	5.0	8.0
181	32.25980936888738	2.1276229958278834	0	5.0	8.0
182	32.25980936888738	2.1276229958278834	0	5.0	8.0
183	32.25980936888738	2.1276229958278834	0	5.0	8.0
184	32.25980936888738	2.1276229958278834	0	5.0	8.0
185	32.25980936888738	2.1276229958278834	0	5.0	8.0
186	32.25980936888738	2.1276229958278834	0	5.0	8.0
187	32.25980936888738	2.1276229958278834	0	5.0	8.0
188	32.25980936888738	2.1276229958278834	0	5.0	8.0
189	32.25980936888738	2.1276229958278834	0	5.0	8.0
190	32.25980936888738	2.1276229958278834	0	5.0	8.0
191	32.25980936888738	2.1276229958278834	0	5.0	8.0
192	32.25980936888738	2.1276229958278834	0	5.0	8.0
193	32.25980936888738	2.1276229958278834	0	5.0	8.0
194	32.25980936888738	2.1276229958278834	0	5.0	8.0
195	32.25980936888738	2.1276229958278834	0	5.0	8.0
196	32.25980936888738	2.1276229958278834	0	5.0	8.0
197	32.25980936888738	2.1276229958278834	0	5.0	8.0
198	32.25980936888738	2.1276229958278834	0	5.0	8.0
199	32.25980936888738	2.1276229958278834	0	5.0	8.0
200	32.25980936888738	2.1276229958278834	0	5.0	8.0
201	32.25980936888738	2.1276229958278834	0	5.0	8.0
202	32.25980936888738	2.1276229958278834	0	5.0	8.0
203	32.25980936888738	2.1276229958278834	0	5.0	8.0
204	32.25980936888738	2.1276229958278834	0	5.0	8.0
205	32.25980936888738	2.1276229958278834	0	5.0	8.0
206	32.25980936888738	2.1276229958278834	0	5.0	8.0
207	32.25980936888738	2.1276229958278834	0	5.0	8.0
208	32.25980936888738	2.1276229958278834	0	5.0	8.0
209	32.25980936888738	2.1276229958278834	0	5.0	8.0
210	32.25980936888738	2.1276229958278834	0	5.0	8.0
211	32.25980936888738	2.1276229958278834	0	5.0	8.0
212	32.25980936888738	2.1276229958278834	0	5.0	8.0
213	32.25980936888738	2.1276229958278834	0	5.0	8.0
214	32.25980936888738	2.1276229958278834	0	5.0	8.0
215	32.25980936888738	2.1276229958278834	0	5.0	8.0
216	32.25980936888738	2.1276229958278834	0	5.0	8.0
217	32.25980936888738	2.1276229958278834	0	5.0	8.0
218	32.25980936888738	2.1276229958278834	0	5.0	8.0
219	32.25980936888738	2.1276229958278834	0	5.0	8.0
220	32.25980936888738	2.1276229958278834	0	5.0	8.0
221	32.25980936888738	2.1276229958278834	0	5.0	8.0
222	32.25980936888738	2.1276229958278834	0	5.0	8.0
223	32.25980936888738	2.1276229958278834	0	5.0	8.0
224	32.25980936888738	2.1276229958278834	0	5.0	8.0
225	32.25980936888738	2.1276229958278834	0	5.0	8.0
226	32.25980936888738	2.1276229958278834	0	5.0	8.0
227	32.25980936888738	2.1276229958278834	0	5.0	8.0
228	32.25980936888738	2.1276229958278834	0	5.0	8.0
229	32.25980936888738	2.1276229958278834	0	5.0	8.0
230	32.25980936888738	2.1276229958278834	0	5.0	8.0
231	32.25980936888738	2.1276229958278834	0	5.0	8.0
232	32.25980936888738	2.1276229958278834	0	5.0	8.0
233	32.25980936888738	2.1276229958278834	0	5.0	8.0
234	32.25980936888738	2.1276229958278834	0	5.0	8.0
235	32.25980936888738	2.1276229958278834	0	5.0	8.0
236	32.25980936888738	2.1276229958278834	0	5.0	8.0
237	32.25980936888738	2.1276229958278834	0	5.0	8.0
238	32.25980936888738	2.1276229958278834	0	5.0	8.0
239	32.25980936888738	2.1276229958278834	0	5.0	8.0
240	32.25980936888738	2.1276229958278834	0	5.0	8.0
241	32.25980936888738	2.1276229958278834	0	5.0	8.0
242	32.25980936888738	2.1276229958278834	0	5.0	8.0
243	32.25980936888738	2.1276229958278834	0	5.0	8.0
244	32.25980936888738	2.1276229958278834	0	5.0	8.0
245	32.25980936888738	2.1276229958278834	0	5.0	8.0
246	32.25980936888738	2.1276229958278834	0	5.0	8.0
247	32.25980936888738	2.1276229958278834	0	5.0	8.0
248	32.25980936888738	2.1276229958278834	0	5.0	8.0
249	32.25980936888738	2.1276229958278834	0	5.0	8.0
250	32.25980936888738	2.1276229958278834	0	5.0	8.0
251	32.25980936888738	2.1276229958278834	0	5.0	8.0
252	32.25980936888738	2.1276229958278834	0	5.0	8.0
253	32.25980936888738	2.1276229958278834	0	5.0	8.0
254	32.25980936888738	2.1276229958278834	0	5.0	8.0
255	32.25980936888738	2.1276229958278834	0	5.0	8.0
256	32.25980936888738	2.1276229958278834	0	5.0	8.0
257	32.25980936888738	2.1276229958278834	0	5.0	8.0
258	32.25980936888738	2.1276229958278834	0	5.0	8.0
259	32.25980936888738	2.1276229958278834	0	5.0	8.0
260	32.25980936888738	2.1276229958278834	0	5.0	8.0
261	32.25980936888738	2.1276229958278834	0	5.0	8.0
262	32.25980936888738	2.1276229958278834	0	5.0	8.0
263	32.25980936888738	2.1276229958278834	0	5.0	8.0
264	32.25980936888738	2.1276229958278834	0	5.0	8.0
265	32.25980936888738	2.1276229958278834	0	5.0	8.0
266	32.25980936888738	2.1276229958278834	0	5.0	8.0
267	32.25980936888738	2.1276229958278834	0	5.0	8.0
268	32.25980936888738	2.1276229958278834	0	5.0	8.0
269	32.25980936888738	2.1276229958278834	0	5.0	8.0
270	32.25980936888738	2.1276229958278834	0	5.0	8.0
271	32.25980936888738	2.1276229958278834	0	5.0	8.0
272	32.25980936888738	2.1276229958278834	0	5.0	8.0
273	32.25980936888738	2.1276229958278834	0	5.0	8.0
274	32.25980936888738	2.1276229958278834	0	5.0	8.0
275	32.25980936888738	2.1276229958278834	0	5.0	8.0
276	32.25980936888738	2.1276229958278834	0	5.0	8.0
277	32.25980936888738	2.1276229958278834	0	5.0	8.0
278	32.25980936888738	2.1276229958278834	0	5.0	8.0
279	32.25980936888738	2.1276229958278834	0	5.0	8.0
280	32.25980936888738	2.1276229958278834	0	5.0	8.0
281	32.25980936888738	2.1276229958278834	0	5.0	8.0
282	32.25980936888738	2.1276229958278834	0	5.0	8.0
283	32.25980936888738	2.1276229958278834	0	5.0	8.0
284	32.25980936888738	2.1276229958278834	0	5.0	8.0
285	32.25980936888738	2.1276229958278834	0	5.0	8.0
286	32.25980936888738	2.1276229958278834	0	5.0	8.0
287	32.25980936888738	2.1276229958278834	0	5.0	8.0
288	32.25980936888738	2.1276229958278834	0	5.0	8.0
289	32.25980936888738	2.1276229958278834	0	5.0	8.0
290	32.25980936888738	2.1276229958278834	0	5.0	8.0
291	32.25980936888738	2.1276229958278834	0	5.0	8.0
292	32.25980936888738	2.1276229958278834	0	5.0	8.0
293	32.25980936888738	2.1276229958278834	0	5.0	8.0
294	32.25980936888738	2.1276229958278834	0	5.0	8.0
295	32.25980936888738	2.1276229958278834	0	5.0	8.0
296	32.25980936888738	2.1276229958278834	0	5.0	8.0
297	32.25980936888738	2.1276229958278834	0	5.0	8.0
298	32.25980936888738	2.1276229958278834	0	5.0	8.0
299	32.25980936888738	2.1276229958278834	0	5.0	8.0
300	32.25980936888738	2.1276229958278834	0	5.0	8.0
301	32.25980936888738	2.1276229958278834	0	5.0	8.0
302	32.25980936888738	2.1276229958278834	0	5.0	8.0
303	32.25980936888738	2.1276229958278834	0	5.0	8.0
304	32.25980936888738	2.1276229958278834	0	5.0	8.0
305	32.25980936888738	2.1276229958278834	0	5.0	8.0
306	32.25980936888738	2.1276229958278834	0	5.0	8.0
307	32.25980936888738	2.1276229958278834	0	5.0	8.0
308	32.25980936888738	2.1276229958278834	0	5.0	8.0
309	32.25980936888738	2.1276229958278834	0	5.0	8.0
310	32.25980936888738	2.1276229958278834	0	5.0	8.0
311	32.25980936888738	2.1276229958278834	0	5.0	8.0
312	32.25980936888738	2.1276229958278834	0	5.0	8.0
313	32.25980936888738	2.1276229958278834	0	5.0	8.0
314	32.25980936888738	2.1276229958278834	0	5.0	8.0
315	32.25980936888738	2.1276229958278834	0	5.0	8.0
316	32.25980936888738	2.1276229958278834	0	5.0	8.0
317	32.25980936888738	2.1276229958278834	0	5.0	8.0
318	32.25980936888738	2.1276229958278834	0	5.0	8.0
319	32.25980936888738	2.1276229958278834	0	5.0	8.0
320	32.25980936888738	2.1276229958278834	0	5.0	8.0
321	32.25980936888738	2.1276229958278834	0	5.0	8.0
322	32.25980936888738	2.1276229958278834	0	5.0	8.0
323	32.25980936888738	2.1276229958278834	0	5.0	8.0
324	32.25980936888738	2.1276229958278834	0	5.0	8.0
325	32.25980936888738	2.1276229958278834	0	5.0	8.0
326	32.25980936888738	2.1276229958278834	0	5.0	8.0
327	32.25980936888738	2.1276229958278834	0	5.0	8.0
328	32.25980936888738	2.1276229958278834	0	5.0	8.0
329	32.25980936888738	2.1276229958278834	0	5.0	8.0
330	32.25980936888738	2.1276229958278834	0	5.0	8.0
331	32.25980936888738	2.1276229958278834	0	5.0	8.0
332	32.25980936888738	2.1276229958278834	0	5.0	8.0
333	32.25980936888738	2.1276229958278834	0	5.0	8.0
334	32.25980936888738	2.1276229958278834	0	5.0	8.0
335	32.25980936888738	2.1276229958278834	0	5.0	8.0
336	32.25980936888738	2.1276229958278834	0	5.0	8.0
337	32.25980936888738	2.1276229958278834	0	5.0	8.0
338	32.25980936888738	2.1276229958278834	0	5.0	8.0
339	32.25980936888738	2.1276229958278834	0	5.0	8.0
340	32.25980936888738	2.1276229958278834	0	5.0	8.0
341	32.25980936888738	2.1276229958278834	0	5.0	8.0
342	32.25980936888738	2.1276229958278834	0	5.0	8.0
343	32.25980936888738	2.1276229958278834	0	5.0	8.0
344	32.25980936888738	2.1276229958278834	0	5.0	8.0
345	32.25980936888738	2.1276229958278834	0	5.0	8.0
346	32.25980936888738	2.1276229958278834	0	5.0	8.0
347	32.25980936888738	2.1276229958278834	0	5.0	8.0
348	32.25980936888738	2.1276229958278834	0	5.0	8.0
349	32.25980936888738	2.1276229958278834	0	5.0	8.0
350	32.25980936888738	2.1276229958278834	0	5.0	8.0
351	32.25980936888738	2.1276229958278834	0	5.0	8.0
352	32.25980936888738	2.1276229958278834	0	5.0	8.0
353	32.25980936888738	2.1276229958278834	0	5.0	8.0
354	32.25980936888738	2.1276229958278834	0	5.0	8.0
355	32.25980936888738	2.1276229958278834	0	5.0	8.0
356	32.25980936888738	2.1276229958278834	0	5.0	8.0
357	32.25980936888738	2.1276229958278834	0	5.0	8.0
358	32.25980936888738	2.1276229958278834	0	5.0	8.0
359	32.25980936888738	2.1276229958278834	0	5.0	8.0
360	32.25980936888738	2.1276229958278834	0	5.0	8.0
361	32.25980936888738	2.1276229958278834	0	5.0	8.0
362	32.25980936888738	2.1276229958278834	0	5.0	8.0
363	32.25980936888738	2.1276229958278834	0	5.0	8.0
364	32.25980936888738	2.1276229958278834	0	5.0	8.0
365	32.25980936888738	2.1276229958278834	0	5.0	8.0
366	32.25980936888738	2.1276229958278834	0	5.0	8.0
367	32.25980936888738	2.1276229958278834	0	5.0	8.0
368	32.25980936888738	2.1276229958278834	0	5.0	8.0
369	32.25980936888738	2.1276229958278834	0	5.0	8.0
370	32.25980936888738	2.1276229958278834	0	5.0	8.0
371	32.25980936888738	2.1276229958278834	0	5.0	8.0
372	32.25980936888738	2.1276229958278834	0	5.0	8.0
373	32.25980936888738	2.1276229958278834	0	5.0	8.0
374	32.25980936888738	2.1276229958278834	0	5.0	8.0
375	32.25980936888738	2.1276229958278834	0	5.0	8.0
376	32.25980936888738	2.1276229958278834	0	5.0	8.0
377	32.25980936888738	2.1276229958278834	0	5.0	8.0
378	32.25980936888738	2.1276229958278834	0	5.0	8.0
379	32.25980936888738	2.1276229958278834	0	5.0	8.0
380	32.25980936888738	2.1276229958278834	0	5.0	8.0
381	32.25980936888738	2.1276229958278834	0	5.0	8.0
382	32.25980936888738	2.1276229958278834	0	5.0	8.0
383	32.25980936888738	2.1276229958278834	0	5.0	8.0
384	32.25980936888738	2.1276229958278834	0	5.0	8.0
385	32.25980936888738	2.1276229958278834	0	5.0	8.0
386	32.25980936888738	2.1276229958278834	0	5.0	8.0
387	32.25980936888738	2.1276229958278834	0	5.0	8.0
388	32.25980936888738	2.1276229958278834	0	5.0	8.0
389	32.25980936888738	2.1276229958278834	0	5.0	8.0
390	32.25980936888738	2.1276229958278834	0	5.0	8.0
391	32.25980936888738	2.1276229958278834	0	5.0	8.0
392	32.25980936888738	2.1276229958278834	0	5.0	8.0
393	32.25980936888738	2.1276229958278834	0	5.0	8.0
394	32.25980936888738	2.1276229958278834	0	5.0	8.0
395	32.25980936888738	2.1276229958278834	0	5.0	8.0
396	32.25980936888738	2.1276229958278834	0	5.0	8.0
397	32.25980936888738	2.1276229958278834	0	5.0	8.0
398	32.25980936888738	2.1276229958278834	0	5.0	8.0
399	32.25980936888738	2.1276229958278834	0	5.0	8.0
400	32.25980936888738	2.1276229958278834	0	5.0	8.0
401	32.25980936888738	2.1276229958278834	0	5.0	8.0
402	32.25980936888738	2.1276229958278834	0	5.0	8.0
403	32.25980936888738	2.1276229958278834	0	5.0	8.0
404	32.25980936888738	2.1276229958278834	0	5.0	8.0
405	32.25980936888738	2.1276229958278834	0	5.0	8.0
406	32.25980936888738	2.1276229958278834	0	5.0	8.0
407	32.25980936888738	2.1276229958278834	0	5.0	8.0
408	32.25980936888738	2.1276229958278834	0	5.0	8.0
409	32.25980936888738	2.1276229958278834	0	5.0	8.0
410	32.25980936888738	2.1276229958278834	0	5.0	8.0
411	32.25980936888738	2.1276229958278834	0	5.0	8.0
412	32.25980936888738	2.1276229958278834	0	5.0	8.0
413	32.25980936888738	2.1276229958278834	0	5.0	8.0
414	32.25980936888738	2.1276229958278834	0	5.0	8.0
415	32.25980936888738	2.1276229958278834	0	5.0	8.0
416	32.25980936888738	2.1276229958278834	0	5.0	8.0
417	32.25980936888738	2.1276229958278834	0	5.0	8.0
418	32.25980936888738	2.1276229958278834	0	5.0	8.0
419	32.25980936888738	2.1276229958278834	0	5.0	8.0
420	32.25980936888738	2.1276229958278834	0	5.0	8.0
421	32.25980936888738	2.1276229958278834	0	5.0	8.0
422	32.25980936888738	2.1276229958278834	0	5.0	8.0
423	32.25980936888738	2.1276229958278834	0	5.0	8.0
424	32.25980936888738	2.1276229958278834	0	5.0	8.0
425	32.25980936888738	2.1276229958278834	0	5.0	8.0
426	32.25980936888738	2.1276229958278834	0	5.0	8.0
427	32.25980936888738	2.1276229958278834	0	5.0	8.0
428	32.25980936888738	2.1276229958278834	0	5.0	8.0
429	32.25980936888738	2.1276229958278834	0	5.0	8.0
430	32.25980936888738	2.1276229958278834	0	5.0	8.0
431	32.25980936888738	2.1276229958278834	0	5.0	8.0
432	32.25980936888738	2.1276229958278834	0	5.0	8.0
433	32.25980936888738	2.1276229958278834	0	5.0	8.0
434	32.25980936888738	2.1276229958278834	0	5.0	8.0
435	32.25980936888738	2.1276229958278834	0	5.0	8.0
436	32.25980936888738	2.1276229958278834	0	5.0	8.0
437	32.25980936888738	2.1276229958278834	0	5.0	8.0
438	32.25980936888738	2.1276229958278834	0	5.0	8.0
439	32.25980936888738	2.1276229958278834	0	5.0	8.0
440	32.25980936888738	2.1276229958278834	0	5.0	8.0
441	32.25980936888738	2.1276229958278834	0	5.0	8.0
442	32.25980936888738	2.1276229958278834	0	5.0	8.0
443	32.25980936888738	2.1276229958278834	0	5.0	8.0
444	32.25980936888738	2.1276229958278834	0	5.0	8.0
445	32.25980936888738	2.1276229958278834	0	5.0	8.0
446	32.25980936888738	2.1276229958278834	0	5.0	8.0
447	32.25980936888738	2.1276229958278834	0	5.0	8.0
448	32.25980936888738	2.1276229958278834	0	5.0	8.0
449	32.25980936888738	2.1276229958278834	0	5.0	8.0
450	32.25980936888738	2.1276229958278834	0	5.0	8.0
451	32.25980936888738	2.1276229958278834	0	5.0	8.0
452	32.25980936888738	2.1276229958278834	0	5.0	8.0
453	32.25980936888738	2.1276229958278834	0	5.0	8.0
454	32.25980936888738	2.1276229958278834	0	5.0	8.0
455	32.25980936888738	2.1276229958278834	0	5.0	8.0
456	32.25980936888738	2.1276229958278834	0	5.0	8.0
457	32.25980936888738	2.1276229958278834	0	5.0	8.0
458	32.25980936888738	2.1276229958278834	0	5.0	8.0
459	32.25980936888738	2.1276229958278834	0	5.0	8.0
460	32.25980936888738	2.1276229958278834	0	5.0	8.0
461	32.25980936888738	2.1276229958278834	0	5.0	8.0
462	32.25980936888738	2.1276229958278834	0	5.0	8.0
463	32.25980936888738	2.1276229958278834	0	5.0	8.0
464	32.25980936888738	2.1276229958278834	0	5.0	8.0
465	32.25980936888738	2.1276229958278834	0	5.0	8.0
466	32.25980936888738	2.1276229958278834	0	5.0	8.0
467	32.25980936888738	2.1276229958278834	0	5.0	8.0
468	32.25980936888738	2.1276229958278834	0	5.0	8.0
469	32.25980936888738	2.1276229958278834	0	5.0	8.0
470	32.25980936888738	2.1276229958278834	0	5.0	8.0
471	32.25980936888738	2.1276229958278834	0	5.0	8.0
472	32.25980936888738	2.1276229958278834	0	5.0	8.0
473	32.25980936888738	2.1276229958278834	0	5.0	8.0
474	32.25980936888738	2.1276229958278834	0	5.0	8.0
475	32.25980936888738	2.1276229958278834	0	5.0	8.0
476	32.25980936888738	2.1276229958278834	0	5.0	8.0
477	32.25980936888738	2.1276229958278834	0	5.0	8.0
478	32.25980936888738	2.1276229958278834	0	5.0	8.0
479	32.25980936888738	2.1276229958278834	0	5.0	8.0
480	32.25980936888738	2.1276229958278834	0	5.0	8.0
481	32.25980936888738	2.1276229958278834	0	5.0	8.0
482	32.25980936888738	2.1276229958278834	0	5.0	8.0
483	32.25980936888738	2.1276229958278834	0	5.0	8.0
484	32.25980936888738	2.1276229958278834	0	5.0	8.0
485	32.25980936888738	2.1276229958278834	0	5.0	8.0
486	32.25980936888738	2.1276229958278834	0	5.0	8.0
487	32.25980936888738	2.1276229958278834	0	5.0	8.0
488	32.25980936888738	2.1276229958278834	0	5.0	8.0
489	32.25980936888738	2.1276229958278834	0	5.0	8.0
490	32.25980936888738	2.1276229958278834	0	5.0	8.0
491	32.25980936888738	2.1276229958278834	0	5.0	8.0
492	32.25980936888738	2.1276229958278834	0	5.0	8.0
493	32.25980936888738	2.1276229958278834	0	5.0	8.0
494	32.25980936888738	2.1276229958278834	0	5.0	8.0
495	32.25980936888738	2.1276229958278834	0	5.0	8.0
496	32.25980936888738	2.1276229958278834	0	5.0	8.0
497	32.25980936888738	2.1276229958278834	0	5.0	8.0
498	32.25980936888738	2.1276229958278834	0	5.0	8.0
499	32.25980936888738	2.1276229958278834	0	5.0	8.0
500	32.25980936888738	2.1276229958278834	0	5.0	8.0
501	32.25980936888738	2.1276229958278834	0	5.0	8.0
502	32.25980936888738	2.1276229958278834	0	5.0	8.0
503	32.25980936888738	2.1276229958278834	0	5.0	8.0
504	32.25980936888738	2.1276229958278834	0	5.0	8.0
505	32.25980936888738	2.1276229958278834	0	5.0	8.0
506	32.25980936888738	2.1276229958278834	0	5.0	8.0
507	32.25980936888738	2.1276229958278834	0	5.0	8.0
508	32.25980936888738	2.1276229958278834	0	5.0	8.0
509	32.25980936888738	2.1276229958278834	0	5.0	8.0
510	32.25980936888738	2.1276229958278834	0	5.0	8.0
511	32.25980936888738	2.1276229958278834	0	5.0	8.0
512	32.25980936888738	2.1276229958278834	0	5.0	8.0
513	32.25980936888738	2.1276229958278834	0	5.0	8.0
514	32.25980936888738	2.1276229958278834	0	5.0	8.0
515	32.25980936888738	2.1276229958278834	0	5.0	8.0
516	32.25980936888738	2.1276229958278834	0	5.0	8.0
517	32.25980936888738	2.1276229958278834	0	5.0	8.0
518	32.25980936888738	2.1276229958278834	0	5.0	8.0
519	32.25980936888738	2.1276229958278834	0	5.0	8.0
520	32.25980936888738	2.1276229958278834	0	5.0	8.0
521	32.25980936888738	2.1276229958278834	0	5.0	8.0
522	32.25980936888738	2.1276229958278834	0	5.0	8.0
523	32.25980936888738	2.1276229958278834	0	5.0	8.0
524	32.25980936888738	2.1276229958278834	0	5.0	8.0
525	32.25980936888738	2.1276229958278834	0	5.0	8.0
526	32.25980936888738	2.1276229958278834	0	5.0	8.0
527	32.25980936888738	2.1276229958278834	0	5.0	8.0
528	32.25980936888738	2.1276229958278834	0	5.0	8.0
529	32.25980936888738	2.1276229958278834	0	5.0	8.0
530	32.25980936888738	2.1276229958278834	0	5.0	8.0
531	32.25980936888738	2.1276229958278834	0	5.0	8.0
532	32.25980936888738	2.1276229958278834	0	5.0	8.0
533	32.25980936888738	2.1276229958278834	0	5.0	8.0
534	32.25980936888738	2.1276229958278834	0	5.0	8.0
535	32.25980936888738	2.1276229958278834	0	5.0	8.0
536	32.25980936888738	2.1276229958278834	0	5.0	8.0
537	32.25980936888738	2.1276229958278834	0	5.0	8.0
538	32.25980936888738	2.1276229958278834	0	5.0	8.0
539	32.25980936888738	2.1276229958278834	0	5.0	8.0
540	32.25980936888738	2.1276229958278834	0	5.0	8.0
541	32.25980936888738	2.1276229958278834	0	5.0	8.0
542	32.25980936888738	2.1276229958278834	0	5.0	8.0
543	32.25980936888738	2.1276229958278834	0	5.0	8.0
544	32.25980936888738	2.1276229958278834	0	5.0	8.0
545	32.25980936888738	2.1276229958278834	0	5.0	8.0
546	32.25980936888738	2.1276229958278834	0	5.0	8.0
547	32.25980936888738	2.1276229958278834	0	5.0	8.0
548	32.25980936888738	2.1276229958278834	0	5.0	8.0
549	32.25980936888738	2.1276229958278834	0	5.0	8.0
550	32.25980936888738	2.1276229958278834	0	5.0	8.0
551	32.25980936888738	2.1276229958278834	0	5.0	8.0
552	32.25980936888738	2.1276229958278834	0	5.0	8.0
553	32.25980936888738	2.1276229958278834	0	5.0	8.0
554	32.25980936888738	2.1276229958278834	0	5.0	8.0
555	32.25980936888738	2.1276229958278834	0	5.0	8.0
556	32.25980936888738	2.1276229958278834	0	5.0	8.0
557	32.25980936888738	2.1276229958278834	0	5.0	8.0
558	32.25980936888738	2.1276229958278834	0	5.0	8.0
559	32.25980936888738	2.1276229958278834	0	5.0	8.0
560	32.25980936888738	2.1276229958278834	0	5.0	8.0
561	32.25980936888738	2.1276229958278834	0	5.0	8.0
562	32.25980936888738	2.1276229958278834	0	5.0	8.0
563	32.25980936888738	2.1276229958278834	0	5.0	8.0
564	32.25980936888738	2.1276229958278834	0	5.0	8.0
565	32.25980936888738	2.1276229958278834	0	5.0	8.0
566	32.25980936888738	2.1276229958278834	0	5.0	8.0
567	32.25980936888738	2.1276229958278834	0	5.0	8.0
568	32.25980936888738	2.1276229958278834	0	5.0	8.0
569	32.25980936888738	2.1276229958278834	0	5.0	8.0
570	32.25980936888738	2.1276229958278834	0	5.0	8.0
571	32.25980936888738	2.1276229958278834	0	5.0	8.0
572	32.25980936888738	2.1276229958278834	0	5.0	8.0
573	32.25980936888738	2.1276229958278834	0	5.0	8.0
574	32.25980936888738	2.1276229958278834	0	5.0	8.0
575	32.25980936888738	2.1276229958278834	0	5.0	8.0
576	32.25980936888738	2.1276229958278834	0	5.0	8.0
577	32.25980936888738	2.1276229958278834	0	5.0	8.0
578	32.25980936888738	2.1276229958278834	0	5.0	8.0
579	32.25980936888738	2.1276229958278834	0	5.0	8.0
580	32.25980936888738	2.1276229958278834	0	5.0	8.0
581	32.25980936888738	2.1276229958278834	0	5.0	8.0
582	32.25980936888738	2.1276229958278834	0	5.0	8.0
583	32.25980936888738	2.1276229958278834	0	5.0	8.0
584	32.25980936888738	2.1276229958278834	0	5.0	8.0
585	32.25980936888738	2.1276229958278834	0	5.0	8.0
586	32.25980936888738	2.1276229958278834	0	5.0	8.0
587	32.25980936888738	2.1276229958278834	0	5.0	8.0
588	32.25980936888738	2.1276229958278834	0	5.0	8.0
589	32.25980936888738	2.1276229958278834	0	5.0	8.0
590	32.25980936888738	2.1276229958278834	0	5.0	8.0
591	32.25980936888738	2.1276229958278834	0	5.0	8.0
592	32.25980936888738	2.1276229958278834	0	5.0	8.0
593	32.25980936888738	2.1276229958278834	0	5.0	8.0
594	32.25980936888738	2.1276229958278834	0	5.0	8.0
595	32.25980936888738	2.1276229958278834	0	5.0	8.0
596	32.25980936888738	2.1276229958278834	0	5.0	8.0
597	32.25980936888738	2.1276229958278834	0	5.0	8.0
598	32.25980936888738	2.1276229958278834	0	5.0	8.0
599	32.25980936888738	2.1276229958278834	0	5.0	8.0
600	32.25980936888738	2.1276229958278834	0	5.0	8.0
601	32.25980936888738	2.1276229958278834	0	5.0	8.0
602	32.25980936888738	2.1276229958278834	0	5.0	8.0
603	32.25980936888738	2.1276229958278834	0	5.0	8.0
604	32.25980936888738	2.1276229958278834	0	5.0	8.0
605	32.25980936888738	2.1276229958278834	0	5.0	8.0
606	32.25980936888738	2.1276229958278834	0	5.0	8.0
607	32.25980936888738	2.1276229958278834	0	5.0	8.0
608	32.25980936888738	2.1276229958278834	0	5.0	8.0
609	32.25980936888738	2.1276229958278834	0	5.0	8.0
610	32.25980936888738	2.1276229958278834	0	5.0	8.0
611	32.25980936888738	2.1276229958278834	0	5.0	8.0
612	32.25980936888738	2.1276229958278834	0	5.0	8.0
613	32.25980936888738	2.1276229958278834	0	5.0	8.0
614	32.25980936888738	2.1276229958278834	0	5.0	8.0
615	32.25980936888738	2.1276229958278834	0	5.0	8.0
616	32.25980936888738	2.1276229958278834	0	5.0	8.0
617	32.25980936888738	2.1276229958278834	0	5.0	8.0
618	32.25980936888738	2.1276229958278834	0	5.0	8.0
619	32.25980936888738	2.1276229958278834	0	5.0	8.0
620	32.25980936888738	2.1276229958278834	0	5.0	8.0
621	32.25980936888738	2.1276229958278834	0	5.0	8.0
622	32.25980936888738	2.1276229958278834	0	5.0	8.0
623	32.25980936888738	2.1276229958278834	0	5.0	8.0
624	32.25980936888738	2.1276229958278834	0	5.0	8.0
625	32.25980936888738	2.1276229958278834	0	5.0	8.0
626	32.25980936888738	2.1276229958278834	0	5.0	8.0
627	32.25980936888738	2.1276229958278834	0	5.0	8.0
628	32.25980936888738	2.1276229958278834	0	5.0	8.0
629	32.25980936888738	2.1276229958278834	0	5.0	8.0
630	32.25980936888738	2.1276229958278834	0	5.0	8.0
631	32.25980936888738	2.1276229958278834	0	5.0	8.0
632	32.25980936888738	2.1276229958278834	0	5.0	8.0
633	32.25980936888738	2.1276229958278834	0	5.0	8.0
634	32.25980936888738	2.1276229958278834	0	5.0	8.0
635	32.25980936888738	2.1276229958278834	0	5.0	8.0
636	32.25980936888738	2.1276229958278834	0	5.0	8.0
637	32.25980936888738	2.1276229958278834	0	5.0	8.0
638	32.25980936888738	2.1276229958278834	0	5.0	8.0
639	32.25980936888738	2.1276229958278834	0	5.0	8.0
640	32.25980936888738	2.1276229958278834	0	5.0	8.0
641	32.25980936888738	2.1276229958278834	0	5.0	8.0
642	32.25980936888738	2.1276229958278834	0	5.0	8.0
643	32.25980936888738	2.1276229958278834	0	5.0	8.0
644	32.25980936888738	2.1276229958278834	0	5.0	8.0
645	32.25980936888738	2.1276229958278834	0	5.0	8.0
646	32.25980936888738	2.1276229958278834	0	5.0	8.0
647	32.25980936888738	2.1276229958278834	0	5.0	8.0
648	32.25980936888738	2.1276229958278834	0	5.0	8.0
649	32.25980936888738	2.1276229958278834	0	5.0	8.0
650	32.25980936888738	2.1276229958278834	0	5.0	8.0
651	32.25980936888738	2.1276229958278834	0	5.0	8.0
652	32.25980936888738	2.1276229958278834	0	5.0	8.0
653	32.25980936888738	2.1276229958278834	0	5.0	8.0
654	32.25980936888738	2.1276229958278834	0	5.0	8.0
655	32.25980936888738	2.1276229958278834	0	5.0	8.0
656	32.25980936888738	2.1276229958278834	0	5.0	8.0
657	32.25980936888738	2.1276229958278834	0	5.0	8.0
658	32.25980936888738	2.1276229958278834	0	5.0	8.0
659	32.25980936888738	2.1276229958278834	0	5.0	8.0
660	32.25980936888738	2.1276229958278834	0	5.0	8.0
661	32.25980936888738	2.1276229958278834	0	5.0	8.0
662	32.25980936888738	2.1276229958278834	0	5.0	8.0
663	32.25980936888738	2.1276229958278834	0	5.0	8.0
664	32.25980936888738	2.1276229958278834	0	5.0	8.0
665	32.25980936888738	2.1276229958278834	0	5.0	8.0
666	32.25980936888738	2.1276229958278834	0	5.0	8.0
667	32.25980936888738	2.1276229958278834	0	5.0	8.0
668	32.25980936888738	2.1276229958278834	0	5.0	8.0
669	32.25980936888738	2.1276229958278834	0	5.0	8.0
670	32.25980936888738	2.1276229958278834	0	5.0	8.0
671	32.25980936888738	2.1276229958278834	0	5.0	8.0
672	32.25980936888738	2.1276229958278834	0	5.0	8.0
673	32.25980936888738	2.1276229958278834	0	5.0	8.0
674	32.25980936888738	2.1276229958278834	0	5.0	8.0
675	32.25980936888738	2.1276229958278834	0	5.0	8.0
676	32.25980936888738	2.1276229958278834	0	5.0	8.0
677	32.25980936888738	2.1276229958278834	0	5.0	8.0
678	32.25980936888738	2.1276229958278834	0	5.0	8.0
679	32.25980936888738	2.1276229958278834	0	5.0	8.0
680	32.25980936888738	2.1276229958278834	0	5.0	8.0
681	32.25980936888738	2.1276229958278834	0	5.0	8.0
682	32.25980936888738	2.1276229958278834	0	5.0	8.0
683	32.25980936888738	2.1276229958278834	0	5.0	8.0
684	32.25980936888738	2.1276229958278834	0	5.0	8.0
685	32.25980936888738	2.1276229958278834	0	5.0	8.0
686	32.25980936888738	2.1276229958278834	0	5.0	8.0
687	32.25980936888738	2.1276229958278834	0	5.0	8.0
688	32.25980936888738	2.1276229958278834	0	5.0	8.0
689	32.25980936888738	2.1276229958278834	0	5.0	8.0
690	32.25980936888738	2.1276229958278834	0	5.0	8.0
691	32.25980936888738	2.1276229958278834	0	5.0	8.0
692	32.25980936888738	2.1276229958278834	0	5.0	8.0
693	32.25980936888738	2.1276229958278834	0	5.0	8.0
694	32.25980936888738	2.1276229958278834	0	5.0	8.0
695	32.25980936888738	2.1276229958278834	0	5.0	8.0
696	32.25980936888738	2.1276229958278834	0	5.0	8.0
697	32.25980936888738	2.1276229958278834	0	5.0	8.0
698	32.25980936888738	2.1276229958278834	0	5.0	8.0
699	32.25980936888738	2.1276229958278834	0	5.0	8.0
700	32.25980936888738	2.1276229958278834	0	5.0	8.0
701	32.25980936888738	2.1276229958278834	0	5.0	8.0
702	32.25980936888738	2.1276229958278834	0	5.0	8.0
703	32.25980936888738	2.1276229958278834	0	5.0	8.0
704	32.25980936888738	2.1276229958278834	0	5.0	8.0
705	32.25980936888738	2.1276229958278834	0	5.0	8.0
706	32.25980936888738	2.1276229958278834	0	5.0	8.0
707	32.25980936888738	2.1276229958278834	0	5.0	8.0
708	32.25980936888738	2.1276229958278834	0	5.0	8.0
709	32.25980936888738	2.1276229958278834	0	5.0	8.0
710	32.25980936888738	2.1276229958278834	0	5.0	8.0
711	32.25980936888738	2.1276229958278834	0	5.0	8.0
712	32.25980936888738	2.1276229958278834	0	5.0	8.0
713	32.25980936888738	2.1276229958278834	0	5.0	8.0
714	32.25980936888738	2.1276229958278834	0	5.0	8.0
715	32.25980936888738	2.1276229958278834	0	5.0	8.0
716	32.25980936888738	2.1276229958278834	0	5.0	8.0
717	32.25980936888738	2.1276229958278834	0	5.0	8.0
718	32.25980936888738	2.1276229958278834	0	5.0	8.0
719	32.25980936888738	2.1276229958278834	0	5.0	8.0
720	32.25980936888738	2.1276229958278834	0	5.0	8.0
721	32.25980936888738	2.1276229958278834	0	5.0	8.0
722	32.25980936888738	2.1276229958278834	0	5.0	8.0
723	32.25980936888738	2.1276229958278834	0	5.0	8.0
724	32.25980936888738	2.1276229958278834	0	5.0	8.0
725	32.25980936888738	2.1276229958278834	0	5.0	8.0
726	32.25980936888738	2.1276229958278834	0	5.0	8.0
727	32.25980936888738	2.1276229958278834	0	5.0	8.0
728	32.25980936888738	2.1276229958278834	0	5.0	8.0
729	32.25980936888738	2.1276229958278834	0	5.0	8.0
730	32.25980936888738	2.1276229958278834	0	5.0	8.0
731	32.25980936888738	2.1276229958278834	0	5.0	8.0
732	32.25980936888738	2.1276229958278834	0	5.0	8.0
733	32.25980936888738	2.1276229958278834	0	5.0	8.0
734	32.25980936888738	2.1276229958278834	0	5.0	8.0
735	32.25980936888738	2.1276229958278834	0	5.0	8.0
736	32.25980936888738	2.1276229958278834	0	5.0	8.0
737	32.25980936888738	2.1276229958278834	0	5.0	8.0
738	32.25980936888738	2.1276229958278834	0	5.0	8.0
739	32.25980936888738	2.1276229958278834	0	5.0	8.0
740	32.25980936888738	2.1276229958278834	0	5.0	8.0
741	32.25980936888738	2.1276229958278834	0	5.0	8.0
742	32.25980936888738	2.1276229958278834	0	5.0	8.0
743	32.25980936888738	2.1276229958278834	0	5.0	8.0
744	32.25980936888738	2.1276229958278834	0	5.0	8.0
745	32.25980936888738	2.1276229958278834	0	5.0	8.0
746	32.25980936888738	2.1276229958278834	0	5.0	8.0
747	32.25980936888738	2.1276229958278834	0	5.0	8.0
748	32.25980936888738	2.1276229958278834	0	5.0	8.0
749	32.25980936888738	2.1276229958278834	0	5.0	8.0
750	32.25980936888738	2.1276229958278834	0	5.0	8.0
751	32.25980936888738	2.1276229958278834	0	5.0	8.0
752	32.25980936888738	2.1276229958278834	0	5.0	8.0
753	32.25980936888738	2.1276229958278834	0	5.0	8.0
754	32.25980936888738	2.1276229958278834	0	5.0	8.0
755	32.25980936888738	2.1276229958278834	0	5.0	8.0
756	32.25980936888738	2.1276229958278834	0	5.0	8.0
757	32.25980936888738	2.1276229958278834	0	5.0	8.0
758	32.25980936888738	2.1276229958278834	0	5.0	8.0
759	32.25980936888738	2.1276229958278834	0	5.0	8.0
760	32.25980936888738	2.1276229958278834	0	5.0	8.0
761	32.25980936888738	2.1276229958278834	0	5.0	8.0
762	32.25980936888738	2.1276229958278834	0	5.0	8.0
763	32.25980936888738	2.1276229958278834	0	5.0	8.0
764	32.25980936888738	2.1276229958278834	0	5.0	8.0
765	32.25980936888738	2.1276229958278834	0	5.0	8.0
766	32.25980936888738	2.1276229958278834	0	5.0	8.0
767	32.25980936888738	2.1276229958278834	0	5.0	8.0
768	32.25980936888738	2.1276229958278834	0	5.0	8.0
769	32.25980936888738	2.1276229958278834	0	5.0	8.0
770	32.25980936888738	2.1276229958278834	0	5.0	8.0
771	32.25980936888738	2.1276229958278834	0	5.0	8.0
772	32.25980936888738	2.1276229958278834	0	5.0	8.0
773	32.25980936888738	2.1276229958278834	0	5.0	8.0
774	32.25980936888738	2.1276229958278834	0	5.0	8.0
775	32.25980936888738	2.1276229958278834	0	5.0	8.0
776	32.25980936888738	2.1276229958278834	0	5.0	8.0
777	32.25980936888738	2.1276229958278834	0	5.0	8.0
778	32.25980936888738	2.1276229958278834	0	5.0	8.0
779	32.25980936888738	2.1276229958278834	0	5.0	8.0
780	32.25980936888738	2.1276229958278834	0	5.0	8.0
781	32.25980936888738	2.1276229958278834	0	5.0	8.0
782	32.25980936888738	2.1276229958278834	0	5.0	8.0
783	32.25980936888738	2.1276229958278834	0	5.0	8.0
784	32.25980936888738	2.1276229958278834	0	5.0	8.0
785	32.25980936888738	2.1276229958278834	0	5.0	8.0
786	32.25980936888738	2.1276229958278834	0	5.0	8.0
787	32.25980936888738	2.1276229958278834	0	5.0	8.0
788	32.25980936888738	2.1276229958278834	0	5.0	8.0
789	32.25980936888738	2.1276229958278834	0	5.0	8.0
790	32.25980936888738	2.1276229958278834	0	5.0	8.0
791	32.25980936888738	2.1276229958278834	0	5.0	8.0
792	32.25980936888738	2.1276229958278834	0	5.0	8.0
793	32.25980936888738	2.1276229958278834	0	5.0	8.0
794	32.25980936888738	2.1276229958278834	0	5.0	8.0
795	32.25980936888738	2.1276229958278834	0	5.0	8.0
796	32.25980936888738	2.1276229958278834	0	5.0	8.0
797	32.25980936888738	2.1276229958278834	0	5.0	8.0
798	32.25980936888738	2.1276229958278834	0	5.0	8.0
799	32.25980936888738	2.1276229958278834	0	5.0	8.0
800	32.25980936888738	2.1276229958278834	0	5.0	8.0
801	32.25980936888738	2.1276229958278834	0	5.0	8.0
802	32.25980936888738	2.1276229958278834	0	5.0	8.0
803	32.25980936888738	2.1276229958278834	0	5.0	8.0
804	32.25980936888738	2.1276229958278834	0	5.0	8.0
805	32.25980936888738	2.1276229958278834	0	5.0	8.0
806	32.25980936888738	2.1276229958278834	0	5.0	8.0
807	32.25980936888738	2.1276229958278834	0	5.0	8.0
808	32.25980936888738	2.1276229958278834	0	5.0	8.0
809	32.25980936888738	2.1276229958278834	0	5.0	8.0
810	32.25980936888738	2.1276229958278834	0	5.0	8.0
