TS	X	Y	Direction	Line_Man	Column_Man
0	10.502241050645976	24.166915672293996	0	6	4
1	10.502241050645976	24.166915672293996	0	6.0	4.0
2	10.502241050645976	24.166915672293996	0	6.0	4.0
3	10.502241050645976	24.166915672293996	0	6.0	4.0
4	10.502241050645976	24.166915672293996	0	6.0	4.0
5	10.502241050645976	24.166915672293996	0	6.0	4.0
6	10.502241050645976	24.166915672293996	0	6.0	4.0
7	10.502241050645976	24.166915672293996	0	6.0	4.0
8	10.502241050645976	24.166915672293996	0	6.0	4.0
9	10.502241050645976	24.166915672293996	0	6.0	4.0
10	10.502241050645976	24.166915672293996	0	6.0	4.0
11	10.502241050645976	24.166915672293996	0	6.0	4.0
12	10.502241050645976	24.166915672293996	0	6.0	4.0
13	10.502241050645976	24.166915672293996	0	6.0	4.0
14	10.502241050645976	24.166915672293996	0	6.0	4.0
15	10.502241050645976	24.166915672293996	0	6.0	4.0
16	10.502241050645976	24.166915672293996	0	6.0	4.0
17	10.502241050645976	24.166915672293996	0	6.0	4.0
18	10.502241050645976	24.166915672293996	0	6.0	4.0
19	10.502241050645976	24.166915672293996	0	6.0	4.0
20	10.502241050645976	24.166915672293996	0	6.0	4.0
21	10.502241050645976	24.166915672293996	0	6.0	4.0
22	10.502241050645976	24.166915672293996	0	6.0	4.0
23	10.502241050645976	24.166915672293996	0	6.0	4.0
24	10.502241050645976	24.166915672293996	0	6.0	4.0
25	10.502241050645976	24.166915672293996	0	6.0	4.0
26	10.502241050645976	24.166915672293996	0	6.0	4.0
27	10.502241050645976	24.166915672293996	0	6.0	4.0
28	10.502241050645976	24.166915672293996	0	6.0	4.0
29	10.502241050645976	24.166915672293996	0	6.0	4.0
30	10.502241050645976	24.166915672293996	0	6.0	4.0
31	10.502241050645976	24.166915672293996	0	6.0	4.0
32	10.502241050645976	24.166915672293996	0	6.0	4.0
33	10.502241050645976	24.166915672293996	0	6.0	4.0
34	10.502241050645976	24.166915672293996	0	6.0	4.0
35	10.502241050645976	24.166915672293996	0	6.0	4.0
36	10.502241050645976	24.166915672293996	0	6.0	4.0
37	10.502241050645976	24.166915672293996	0	6.0	4.0
38	10.502241050645976	24.166915672293996	0	6.0	4.0
39	10.502241050645976	24.166915672293996	0	6.0	4.0
40	10.502241050645976	24.166915672293996	0	6.0	4.0
41	10.502241050645976	24.166915672293996	0	6.0	4.0
42	10.502241050645976	24.166915672293996	0	6.0	4.0
43	10.502241050645976	24.166915672293996	0	6.0	4.0
44	10.502241050645976	24.166915672293996	0	6.0	4.0
45	10.502241050645976	24.166915672293996	0	6.0	4.0
46	10.502241050645976	24.166915672293996	0	6.0	4.0
47	10.502241050645976	24.166915672293996	0	6.0	4.0
48	10.502241050645976	24.166915672293996	0	6.0	4.0
49	10.502241050645976	24.166915672293996	0	6.0	4.0
50	10.502241050645976	24.166915672293996	0	6.0	4.0
51	10.502241050645976	24.166915672293996	0	6.0	4.0
52	10.502241050645976	24.166915672293996	0	6.0	4.0
53	10.502241050645976	24.166915672293996	0	6.0	4.0
54	10.502241050645976	24.166915672293996	0	6.0	4.0
55	10.502241050645976	24.166915672293996	0	6.0	4.0
56	10.502241050645976	24.166915672293996	0	6.0	4.0
57	10.502241050645976	24.166915672293996	0	6.0	4.0
58	10.502241050645976	24.166915672293996	0	6.0	4.0
59	10.502241050645976	24.166915672293996	0	6.0	4.0
60	10.502241050645976	24.166915672293996	0	6.0	4.0
61	10.502241050645976	24.166915672293996	0	6.0	4.0
62	10.502241050645976	24.166915672293996	0	6.0	4.0
63	10.502241050645976	24.166915672293996	0	6.0	4.0
64	10.502241050645976	24.166915672293996	0	6.0	4.0
65	10.502241050645976	24.166915672293996	0	6.0	4.0
66	10.502241050645976	24.166915672293996	0	6.0	4.0
67	10.502241050645976	24.166915672293996	0	6.0	4.0
68	10.502241050645976	24.166915672293996	0	6.0	4.0
69	10.502241050645976	24.166915672293996	0	6.0	4.0
70	10.502241050645976	24.166915672293996	0	6.0	4.0
71	10.502241050645976	24.166915672293996	0	6.0	4.0
72	10.502241050645976	24.166915672293996	0	6.0	4.0
73	10.502241050645976	24.166915672293996	0	6.0	4.0
74	10.502241050645976	24.166915672293996	0	6.0	4.0
75	10.502241050645976	24.166915672293996	0	6.0	4.0
76	10.502241050645976	24.166915672293996	0	6.0	4.0
77	10.502241050645976	24.166915672293996	0	6.0	4.0
78	10.502241050645976	24.166915672293996	0	6.0	4.0
79	10.502241050645976	24.166915672293996	0	6.0	4.0
80	10.502241050645976	24.166915672293996	0	6.0	4.0
81	10.502241050645976	24.166915672293996	0	6.0	4.0
82	10.502241050645976	24.166915672293996	0	6.0	4.0
83	10.502241050645976	24.166915672293996	0	6.0	4.0
84	10.502241050645976	24.166915672293996	0	6.0	4.0
85	10.502241050645976	24.166915672293996	0	6.0	4.0
86	10.502241050645976	24.166915672293996	0	6.0	4.0
87	10.502241050645976	24.166915672293996	0	6.0	4.0
88	10.502241050645976	24.166915672293996	0	6.0	4.0
89	10.502241050645976	24.166915672293996	0	6.0	4.0
90	10.502241050645976	24.166915672293996	0	6.0	4.0
91	10.502241050645976	24.166915672293996	0	6.0	4.0
92	10.502241050645976	24.166915672293996	0	6.0	4.0
93	10.502241050645976	24.166915672293996	0	6.0	4.0
94	10.502241050645976	24.166915672293996	0	6.0	4.0
95	10.502241050645976	24.166915672293996	0	6.0	4.0
96	10.502241050645976	24.166915672293996	0	6.0	4.0
97	10.502241050645976	24.166915672293996	0	6.0	4.0
98	10.502241050645976	24.166915672293996	0	6.0	4.0
99	10.502241050645976	24.166915672293996	0	6.0	4.0
100	10.502241050645976	24.166915672293996	0	6.0	4.0
101	10.502241050645976	24.166915672293996	0	6.0	4.0
102	10.502241050645976	24.166915672293996	0	6.0	4.0
103	10.502241050645976	24.166915672293996	0	6.0	4.0
104	10.502241050645976	24.166915672293996	0	6.0	4.0
105	10.502241050645976	24.166915672293996	0	6.0	4.0
106	10.502241050645976	24.166915672293996	0	6.0	4.0
107	10.502241050645976	24.166915672293996	0	6.0	4.0
108	10.502241050645976	24.166915672293996	0	6.0	4.0
109	10.502241050645976	24.166915672293996	0	6.0	4.0
110	10.502241050645976	24.166915672293996	0	6.0	4.0
111	10.502241050645976	24.166915672293996	0	6.0	4.0
112	10.502241050645976	24.166915672293996	0	6.0	4.0
113	10.502241050645976	24.166915672293996	0	6.0	4.0
114	10.502241050645976	24.166915672293996	0	6.0	4.0
115	10.502241050645976	24.166915672293996	0	6.0	4.0
116	10.502241050645976	24.166915672293996	0	6.0	4.0
117	10.502241050645976	24.166915672293996	0	6.0	4.0
118	10.502241050645976	24.166915672293996	0	6.0	4.0
119	10.502241050645976	24.166915672293996	0	6.0	4.0
120	10.502241050645976	24.166915672293996	0	6.0	4.0
121	10.502241050645976	24.166915672293996	0	6.0	4.0
122	10.502241050645976	24.166915672293996	0	6.0	4.0
123	10.502241050645976	24.166915672293996	0	6.0	4.0
124	10.502241050645976	24.166915672293996	0	6.0	4.0
125	10.502241050645976	24.166915672293996	0	6.0	4.0
126	10.502241050645976	24.166915672293996	0	6.0	4.0
127	10.502241050645976	24.166915672293996	0	6.0	4.0
128	10.502241050645976	24.166915672293996	0	6.0	4.0
129	10.502241050645976	24.166915672293996	0	6.0	4.0
130	10.502241050645976	24.166915672293996	0	6.0	4.0
131	10.502241050645976	24.166915672293996	0	6.0	4.0
132	10.502241050645976	24.166915672293996	0	6.0	4.0
133	10.502241050645976	24.166915672293996	0	6.0	4.0
134	10.502241050645976	24.166915672293996	0	6.0	4.0
135	10.502241050645976	24.166915672293996	0	6.0	4.0
136	10.502241050645976	24.166915672293996	0	6.0	4.0
137	10.502241050645976	24.166915672293996	0	6.0	4.0
138	10.502241050645976	24.166915672293996	0	6.0	4.0
139	10.502241050645976	24.166915672293996	0	6.0	4.0
140	10.502241050645976	24.166915672293996	0	6.0	4.0
141	10.502241050645976	24.166915672293996	0	6.0	4.0
142	10.502241050645976	24.166915672293996	0	6.0	4.0
143	10.502241050645976	24.166915672293996	0	6.0	4.0
144	10.502241050645976	24.166915672293996	0	6.0	4.0
145	10.502241050645976	24.166915672293996	0	6.0	4.0
146	10.502241050645976	24.166915672293996	0	6.0	4.0
147	10.502241050645976	24.166915672293996	0	6.0	4.0
148	10.502241050645976	24.166915672293996	0	6.0	4.0
149	10.502241050645976	24.166915672293996	0	6.0	4.0
150	10.502241050645976	24.166915672293996	0	6.0	4.0
151	10.502241050645976	24.166915672293996	0	6.0	4.0
152	10.502241050645976	24.166915672293996	0	6.0	4.0
153	10.502241050645976	24.166915672293996	0	6.0	4.0
154	10.502241050645976	24.166915672293996	0	6.0	4.0
155	10.502241050645976	24.166915672293996	0	6.0	4.0
156	10.502241050645976	24.166915672293996	0	6.0	4.0
157	10.502241050645976	24.166915672293996	0	6.0	4.0
158	10.502241050645976	24.166915672293996	0	6.0	4.0
159	10.502241050645976	24.166915672293996	0	6.0	4.0
160	10.502241050645976	24.166915672293996	0	6.0	4.0
161	10.502241050645976	24.166915672293996	0	6.0	4.0
162	10.502241050645976	24.166915672293996	0	6.0	4.0
163	10.502241050645976	24.166915672293996	0	6.0	4.0
164	10.502241050645976	24.166915672293996	0	6.0	4.0
165	10.502241050645976	24.166915672293996	0	6.0	4.0
166	10.502241050645976	24.166915672293996	0	6.0	4.0
167	10.502241050645976	24.166915672293996	0	6.0	4.0
168	10.502241050645976	24.166915672293996	0	6.0	4.0
169	10.502241050645976	24.166915672293996	0	6.0	4.0
170	10.502241050645976	24.166915672293996	0	6.0	4.0
171	10.502241050645976	24.166915672293996	0	6.0	4.0
172	10.502241050645976	24.166915672293996	0	6.0	4.0
173	10.502241050645976	24.166915672293996	0	6.0	4.0
174	10.502241050645976	24.166915672293996	0	6.0	4.0
175	10.502241050645976	24.166915672293996	0	6.0	4.0
176	10.502241050645976	24.166915672293996	0	6.0	4.0
177	10.502241050645976	24.166915672293996	0	6.0	4.0
178	10.502241050645976	24.166915672293996	0	6.0	4.0
179	10.502241050645976	24.166915672293996	0	6.0	4.0
180	10.502241050645976	24.166915672293996	0	6.0	4.0
181	10.502241050645976	24.166915672293996	0	6.0	4.0
182	10.502241050645976	24.166915672293996	0	6.0	4.0
183	10.502241050645976	24.166915672293996	0	6.0	4.0
184	10.502241050645976	24.166915672293996	0	6.0	4.0
185	10.502241050645976	24.166915672293996	0	6.0	4.0
186	10.502241050645976	24.166915672293996	0	6.0	4.0
187	10.502241050645976	24.166915672293996	0	6.0	4.0
188	10.502241050645976	24.166915672293996	0	6.0	4.0
189	10.502241050645976	24.166915672293996	0	6.0	4.0
190	10.502241050645976	24.166915672293996	0	6.0	4.0
191	10.502241050645976	24.166915672293996	0	6.0	4.0
192	10.502241050645976	24.166915672293996	0	6.0	4.0
193	10.502241050645976	24.166915672293996	0	6.0	4.0
194	10.502241050645976	24.166915672293996	0	6.0	4.0
195	10.502241050645976	24.166915672293996	0	6.0	4.0
196	10.502241050645976	24.166915672293996	0	6.0	4.0
197	10.502241050645976	24.166915672293996	0	6.0	4.0
198	10.502241050645976	24.166915672293996	0	6.0	4.0
199	10.502241050645976	24.166915672293996	0	6.0	4.0
200	10.502241050645976	24.166915672293996	0	6.0	4.0
201	10.502241050645976	24.166915672293996	0	6.0	4.0
202	10.502241050645976	24.166915672293996	0	6.0	4.0
203	10.502241050645976	24.166915672293996	0	6.0	4.0
204	10.502241050645976	24.166915672293996	0	6.0	4.0
205	10.502241050645976	24.166915672293996	0	6.0	4.0
206	10.502241050645976	24.166915672293996	0	6.0	4.0
207	10.502241050645976	24.166915672293996	0	6.0	4.0
208	10.502241050645976	24.166915672293996	0	6.0	4.0
209	10.502241050645976	24.166915672293996	0	6.0	4.0
210	10.502241050645976	24.166915672293996	0	6.0	4.0
211	10.502241050645976	24.166915672293996	0	6.0	4.0
212	10.502241050645976	24.166915672293996	0	6.0	4.0
213	10.502241050645976	24.166915672293996	0	6.0	4.0
214	10.502241050645976	24.166915672293996	0	6.0	4.0
215	10.502241050645976	24.166915672293996	0	6.0	4.0
216	10.502241050645976	24.166915672293996	0	6.0	4.0
217	10.502241050645976	24.166915672293996	0	6.0	4.0
218	10.502241050645976	24.166915672293996	0	6.0	4.0
219	10.502241050645976	24.166915672293996	0	6.0	4.0
220	10.502241050645976	24.166915672293996	0	6.0	4.0
221	10.502241050645976	24.166915672293996	0	6.0	4.0
222	10.502241050645976	24.166915672293996	0	6.0	4.0
223	10.502241050645976	24.166915672293996	0	6.0	4.0
224	10.502241050645976	24.166915672293996	0	6.0	4.0
225	10.502241050645976	24.166915672293996	0	6.0	4.0
226	10.502241050645976	24.166915672293996	0	6.0	4.0
227	10.502241050645976	24.166915672293996	0	6.0	4.0
228	10.502241050645976	24.166915672293996	0	6.0	4.0
229	10.502241050645976	24.166915672293996	0	6.0	4.0
230	10.502241050645976	24.166915672293996	0	6.0	4.0
231	10.502241050645976	24.166915672293996	0	6.0	4.0
232	10.502241050645976	24.166915672293996	0	6.0	4.0
233	10.502241050645976	24.166915672293996	0	6.0	4.0
234	10.502241050645976	24.166915672293996	0	6.0	4.0
235	10.502241050645976	24.166915672293996	0	6.0	4.0
236	10.502241050645976	24.166915672293996	0	6.0	4.0
237	10.502241050645976	24.166915672293996	0	6.0	4.0
238	10.502241050645976	24.166915672293996	0	6.0	4.0
239	10.502241050645976	24.166915672293996	0	6.0	4.0
240	10.502241050645976	24.166915672293996	0	6.0	4.0
241	10.502241050645976	24.166915672293996	0	6.0	4.0
242	10.502241050645976	24.166915672293996	0	6.0	4.0
243	10.502241050645976	24.166915672293996	0	6.0	4.0
244	10.502241050645976	24.166915672293996	0	6.0	4.0
245	10.502241050645976	24.166915672293996	0	6.0	4.0
246	10.502241050645976	24.166915672293996	0	6.0	4.0
247	10.502241050645976	24.166915672293996	0	6.0	4.0
248	10.502241050645976	24.166915672293996	0	6.0	4.0
249	10.502241050645976	24.166915672293996	0	6.0	4.0
250	10.502241050645976	24.166915672293996	0	6.0	4.0
251	10.502241050645976	24.166915672293996	0	6.0	4.0
252	10.502241050645976	24.166915672293996	0	6.0	4.0
253	10.502241050645976	24.166915672293996	0	6.0	4.0
254	10.502241050645976	24.166915672293996	0	6.0	4.0
255	10.502241050645976	24.166915672293996	0	6.0	4.0
256	10.502241050645976	24.166915672293996	0	6.0	4.0
257	10.502241050645976	24.166915672293996	0	6.0	4.0
258	10.502241050645976	24.166915672293996	0	6.0	4.0
259	10.502241050645976	24.166915672293996	0	6.0	4.0
260	10.502241050645976	24.166915672293996	0	6.0	4.0
261	10.502241050645976	24.166915672293996	0	6.0	4.0
262	10.502241050645976	24.166915672293996	0	6.0	4.0
263	10.502241050645976	24.166915672293996	0	6.0	4.0
264	10.502241050645976	24.166915672293996	0	6.0	4.0
265	10.502241050645976	24.166915672293996	0	6.0	4.0
266	10.502241050645976	24.166915672293996	0	6.0	4.0
267	10.502241050645976	24.166915672293996	0	6.0	4.0
268	10.502241050645976	24.166915672293996	0	6.0	4.0
269	10.502241050645976	24.166915672293996	0	6.0	4.0
270	10.502241050645976	24.166915672293996	0	6.0	4.0
271	10.502241050645976	24.166915672293996	0	6.0	4.0
272	10.502241050645976	24.166915672293996	0	6.0	4.0
273	10.502241050645976	24.166915672293996	0	6.0	4.0
274	10.502241050645976	24.166915672293996	0	6.0	4.0
275	10.502241050645976	24.166915672293996	0	6.0	4.0
276	10.502241050645976	24.166915672293996	0	6.0	4.0
277	10.502241050645976	24.166915672293996	0	6.0	4.0
278	10.502241050645976	24.166915672293996	0	6.0	4.0
279	10.502241050645976	24.166915672293996	0	6.0	4.0
280	10.502241050645976	24.166915672293996	0	6.0	4.0
281	10.502241050645976	24.166915672293996	0	6.0	4.0
282	10.502241050645976	24.166915672293996	0	6.0	4.0
283	10.502241050645976	24.166915672293996	0	6.0	4.0
284	10.502241050645976	24.166915672293996	0	6.0	4.0
285	10.502241050645976	24.166915672293996	0	6.0	4.0
286	10.502241050645976	24.166915672293996	0	6.0	4.0
287	10.502241050645976	24.166915672293996	0	6.0	4.0
288	10.502241050645976	24.166915672293996	0	6.0	4.0
289	10.502241050645976	24.166915672293996	0	6.0	4.0
290	10.502241050645976	24.166915672293996	0	6.0	4.0
291	10.502241050645976	24.166915672293996	0	6.0	4.0
292	10.502241050645976	24.166915672293996	0	6.0	4.0
293	10.502241050645976	24.166915672293996	0	6.0	4.0
294	10.502241050645976	24.166915672293996	0	6.0	4.0
295	10.502241050645976	24.166915672293996	0	6.0	4.0
296	10.502241050645976	24.166915672293996	0	6.0	4.0
297	10.502241050645976	24.166915672293996	0	6.0	4.0
298	10.502241050645976	24.166915672293996	0	6.0	4.0
299	10.502241050645976	24.166915672293996	0	6.0	4.0
300	10.502241050645976	24.166915672293996	0	6.0	4.0
301	10.502241050645976	24.166915672293996	0	6.0	4.0
302	10.502241050645976	24.166915672293996	0	6.0	4.0
303	10.502241050645976	24.166915672293996	0	6.0	4.0
304	10.502241050645976	24.166915672293996	0	6.0	4.0
305	10.502241050645976	24.166915672293996	0	6.0	4.0
306	10.502241050645976	24.166915672293996	0	6.0	4.0
307	10.502241050645976	24.166915672293996	0	6.0	4.0
308	10.502241050645976	24.166915672293996	0	6.0	4.0
309	10.502241050645976	24.166915672293996	0	6.0	4.0
310	10.502241050645976	24.166915672293996	0	6.0	4.0
311	10.502241050645976	24.166915672293996	0	6.0	4.0
312	10.502241050645976	24.166915672293996	0	6.0	4.0
313	10.502241050645976	24.166915672293996	0	6.0	4.0
314	10.502241050645976	24.166915672293996	0	6.0	4.0
315	10.502241050645976	24.166915672293996	0	6.0	4.0
316	10.502241050645976	24.166915672293996	0	6.0	4.0
317	10.502241050645976	24.166915672293996	0	6.0	4.0
318	10.502241050645976	24.166915672293996	0	6.0	4.0
319	10.502241050645976	24.166915672293996	0	6.0	4.0
320	10.502241050645976	24.166915672293996	0	6.0	4.0
321	10.502241050645976	24.166915672293996	0	6.0	4.0
322	10.502241050645976	24.166915672293996	0	6.0	4.0
323	10.502241050645976	24.166915672293996	0	6.0	4.0
324	10.502241050645976	24.166915672293996	0	6.0	4.0
325	10.502241050645976	24.166915672293996	0	6.0	4.0
326	10.502241050645976	24.166915672293996	0	6.0	4.0
327	10.502241050645976	24.166915672293996	0	6.0	4.0
328	10.502241050645976	24.166915672293996	0	6.0	4.0
329	10.502241050645976	24.166915672293996	0	6.0	4.0
330	10.502241050645976	24.166915672293996	0	6.0	4.0
331	10.502241050645976	24.166915672293996	0	6.0	4.0
332	10.502241050645976	24.166915672293996	0	6.0	4.0
333	10.502241050645976	24.166915672293996	0	6.0	4.0
334	10.502241050645976	24.166915672293996	0	6.0	4.0
335	10.502241050645976	24.166915672293996	0	6.0	4.0
336	10.502241050645976	24.166915672293996	0	6.0	4.0
337	10.502241050645976	24.166915672293996	0	6.0	4.0
338	10.502241050645976	24.166915672293996	0	6.0	4.0
339	10.502241050645976	24.166915672293996	0	6.0	4.0
340	10.502241050645976	24.166915672293996	0	6.0	4.0
341	10.502241050645976	24.166915672293996	0	6.0	4.0
342	10.502241050645976	24.166915672293996	0	6.0	4.0
343	10.502241050645976	24.166915672293996	0	6.0	4.0
344	10.502241050645976	24.166915672293996	0	6.0	4.0
345	10.502241050645976	24.166915672293996	0	6.0	4.0
346	10.502241050645976	24.166915672293996	0	6.0	4.0
347	10.502241050645976	24.166915672293996	0	6.0	4.0
348	10.502241050645976	24.166915672293996	0	6.0	4.0
349	10.502241050645976	24.166915672293996	0	6.0	4.0
350	10.502241050645976	24.166915672293996	0	6.0	4.0
351	10.502241050645976	24.166915672293996	0	6.0	4.0
352	10.502241050645976	24.166915672293996	0	6.0	4.0
353	10.502241050645976	24.166915672293996	0	6.0	4.0
354	10.502241050645976	24.166915672293996	0	6.0	4.0
355	10.502241050645976	24.166915672293996	0	6.0	4.0
356	10.502241050645976	24.166915672293996	0	6.0	4.0
357	10.502241050645976	24.166915672293996	0	6.0	4.0
358	10.502241050645976	24.166915672293996	0	6.0	4.0
359	10.502241050645976	24.166915672293996	0	6.0	4.0
360	10.502241050645976	24.166915672293996	0	6.0	4.0
361	10.502241050645976	24.166915672293996	0	6.0	4.0
362	10.502241050645976	24.166915672293996	0	6.0	4.0
363	10.502241050645976	24.166915672293996	0	6.0	4.0
364	10.502241050645976	24.166915672293996	0	6.0	4.0
365	10.502241050645976	24.166915672293996	0	6.0	4.0
366	10.502241050645976	24.166915672293996	0	6.0	4.0
367	10.502241050645976	24.166915672293996	0	6.0	4.0
368	10.502241050645976	24.166915672293996	0	6.0	4.0
369	10.502241050645976	24.166915672293996	0	6.0	4.0
370	10.502241050645976	24.166915672293996	0	6.0	4.0
371	10.502241050645976	24.166915672293996	0	6.0	4.0
372	10.502241050645976	24.166915672293996	0	6.0	4.0
373	10.502241050645976	24.166915672293996	0	6.0	4.0
374	10.502241050645976	24.166915672293996	0	6.0	4.0
375	10.502241050645976	24.166915672293996	0	6.0	4.0
376	10.502241050645976	24.166915672293996	0	6.0	4.0
377	10.502241050645976	24.166915672293996	0	6.0	4.0
378	10.502241050645976	24.166915672293996	0	6.0	4.0
379	10.502241050645976	24.166915672293996	0	6.0	4.0
380	10.502241050645976	24.166915672293996	0	6.0	4.0
381	10.502241050645976	24.166915672293996	0	6.0	4.0
382	10.502241050645976	24.166915672293996	0	6.0	4.0
383	10.502241050645976	24.166915672293996	0	6.0	4.0
384	10.502241050645976	24.166915672293996	0	6.0	4.0
385	10.502241050645976	24.166915672293996	0	6.0	4.0
386	10.502241050645976	24.166915672293996	0	6.0	4.0
387	10.502241050645976	24.166915672293996	0	6.0	4.0
388	10.502241050645976	24.166915672293996	0	6.0	4.0
389	10.502241050645976	24.166915672293996	0	6.0	4.0
390	10.502241050645976	24.166915672293996	0	6.0	4.0
391	10.502241050645976	24.166915672293996	0	6.0	4.0
392	10.502241050645976	24.166915672293996	0	6.0	4.0
393	10.502241050645976	24.166915672293996	0	6.0	4.0
394	10.502241050645976	24.166915672293996	0	6.0	4.0
395	10.502241050645976	24.166915672293996	0	6.0	4.0
396	10.502241050645976	24.166915672293996	0	6.0	4.0
397	10.502241050645976	24.166915672293996	0	6.0	4.0
398	10.502241050645976	24.166915672293996	0	6.0	4.0
399	10.502241050645976	24.166915672293996	0	6.0	4.0
400	10.502241050645976	24.166915672293996	0	6.0	4.0
401	10.502241050645976	24.166915672293996	0	6.0	4.0
402	10.502241050645976	24.166915672293996	0	6.0	4.0
403	10.502241050645976	24.166915672293996	0	6.0	4.0
404	10.502241050645976	24.166915672293996	0	6.0	4.0
405	10.502241050645976	24.166915672293996	0	6.0	4.0
406	10.502241050645976	24.166915672293996	0	6.0	4.0
407	10.502241050645976	24.166915672293996	0	6.0	4.0
408	10.502241050645976	24.166915672293996	0	6.0	4.0
409	10.502241050645976	24.166915672293996	0	6.0	4.0
410	10.502241050645976	24.166915672293996	0	6.0	4.0
411	10.502241050645976	24.166915672293996	0	6.0	4.0
412	10.502241050645976	24.166915672293996	0	6.0	4.0
413	10.502241050645976	24.166915672293996	0	6.0	4.0
414	10.502241050645976	24.166915672293996	0	6.0	4.0
415	10.502241050645976	24.166915672293996	0	6.0	4.0
416	10.502241050645976	24.166915672293996	0	6.0	4.0
417	10.502241050645976	24.166915672293996	0	6.0	4.0
418	10.502241050645976	24.166915672293996	0	6.0	4.0
419	10.502241050645976	24.166915672293996	0	6.0	4.0
420	10.502241050645976	24.166915672293996	0	6.0	4.0
421	10.502241050645976	24.166915672293996	0	6.0	4.0
422	10.502241050645976	24.166915672293996	0	6.0	4.0
423	10.502241050645976	24.166915672293996	0	6.0	4.0
424	10.502241050645976	24.166915672293996	0	6.0	4.0
425	10.502241050645976	24.166915672293996	0	6.0	4.0
426	10.502241050645976	24.166915672293996	0	6.0	4.0
427	10.502241050645976	24.166915672293996	0	6.0	4.0
428	10.502241050645976	24.166915672293996	0	6.0	4.0
429	10.502241050645976	24.166915672293996	0	6.0	4.0
430	10.502241050645976	24.166915672293996	0	6.0	4.0
431	10.502241050645976	24.166915672293996	0	6.0	4.0
432	10.502241050645976	24.166915672293996	0	6.0	4.0
433	10.502241050645976	24.166915672293996	0	6.0	4.0
434	10.502241050645976	24.166915672293996	0	6.0	4.0
435	10.502241050645976	24.166915672293996	0	6.0	4.0
436	10.502241050645976	24.166915672293996	0	6.0	4.0
437	10.502241050645976	24.166915672293996	0	6.0	4.0
438	10.502241050645976	24.166915672293996	0	6.0	4.0
439	10.502241050645976	24.166915672293996	0	6.0	4.0
440	10.502241050645976	24.166915672293996	0	6.0	4.0
441	10.502241050645976	24.166915672293996	0	6.0	4.0
442	10.502241050645976	24.166915672293996	0	6.0	4.0
443	10.502241050645976	24.166915672293996	0	6.0	4.0
444	10.502241050645976	24.166915672293996	0	6.0	4.0
445	10.502241050645976	24.166915672293996	0	6.0	4.0
446	10.502241050645976	24.166915672293996	0	6.0	4.0
447	10.502241050645976	24.166915672293996	0	6.0	4.0
448	10.502241050645976	24.166915672293996	0	6.0	4.0
449	10.502241050645976	24.166915672293996	0	6.0	4.0
450	10.502241050645976	24.166915672293996	0	6.0	4.0
451	10.502241050645976	24.166915672293996	0	6.0	4.0
452	10.502241050645976	24.166915672293996	0	6.0	4.0
453	10.502241050645976	24.166915672293996	0	6.0	4.0
454	10.502241050645976	24.166915672293996	0	6.0	4.0
455	10.502241050645976	24.166915672293996	0	6.0	4.0
456	10.502241050645976	24.166915672293996	0	6.0	4.0
457	10.502241050645976	24.166915672293996	0	6.0	4.0
458	10.502241050645976	24.166915672293996	0	6.0	4.0
459	10.502241050645976	24.166915672293996	0	6.0	4.0
460	10.502241050645976	24.166915672293996	0	6.0	4.0
461	10.502241050645976	24.166915672293996	0	6.0	4.0
462	10.502241050645976	24.166915672293996	0	6.0	4.0
463	10.502241050645976	24.166915672293996	0	6.0	4.0
464	10.502241050645976	24.166915672293996	0	6.0	4.0
465	10.502241050645976	24.166915672293996	0	6.0	4.0
466	10.502241050645976	24.166915672293996	0	6.0	4.0
467	10.502241050645976	24.166915672293996	0	6.0	4.0
468	10.502241050645976	24.166915672293996	0	6.0	4.0
469	10.502241050645976	24.166915672293996	0	6.0	4.0
470	10.502241050645976	24.166915672293996	0	6.0	4.0
471	10.502241050645976	24.166915672293996	0	6.0	4.0
472	10.502241050645976	24.166915672293996	0	6.0	4.0
473	10.502241050645976	24.166915672293996	0	6.0	4.0
474	10.502241050645976	24.166915672293996	0	6.0	4.0
475	10.502241050645976	24.166915672293996	0	6.0	4.0
476	10.502241050645976	24.166915672293996	0	6.0	4.0
477	10.502241050645976	24.166915672293996	0	6.0	4.0
478	10.502241050645976	24.166915672293996	0	6.0	4.0
479	10.502241050645976	24.166915672293996	0	6.0	4.0
480	10.502241050645976	24.166915672293996	0	6.0	4.0
481	10.502241050645976	24.166915672293996	0	6.0	4.0
482	10.502241050645976	24.166915672293996	0	6.0	4.0
483	10.502241050645976	24.166915672293996	0	6.0	4.0
484	10.502241050645976	24.166915672293996	0	6.0	4.0
485	10.502241050645976	24.166915672293996	0	6.0	4.0
486	10.502241050645976	24.166915672293996	0	6.0	4.0
487	10.502241050645976	24.166915672293996	0	6.0	4.0
488	10.502241050645976	24.166915672293996	0	6.0	4.0
489	10.502241050645976	24.166915672293996	0	6.0	4.0
490	10.502241050645976	24.166915672293996	0	6.0	4.0
491	10.502241050645976	24.166915672293996	0	6.0	4.0
492	10.502241050645976	24.166915672293996	0	6.0	4.0
493	10.502241050645976	24.166915672293996	0	6.0	4.0
494	10.502241050645976	24.166915672293996	0	6.0	4.0
495	10.502241050645976	24.166915672293996	0	6.0	4.0
496	10.502241050645976	24.166915672293996	0	6.0	4.0
497	10.502241050645976	24.166915672293996	0	6.0	4.0
498	10.502241050645976	24.166915672293996	0	6.0	4.0
499	10.502241050645976	24.166915672293996	0	6.0	4.0
500	10.502241050645976	24.166915672293996	0	6.0	4.0
501	10.502241050645976	24.166915672293996	0	6.0	4.0
502	10.502241050645976	24.166915672293996	0	6.0	4.0
503	10.502241050645976	24.166915672293996	0	6.0	4.0
504	10.502241050645976	24.166915672293996	0	6.0	4.0
505	10.502241050645976	24.166915672293996	0	6.0	4.0
506	10.502241050645976	24.166915672293996	0	6.0	4.0
507	10.502241050645976	24.166915672293996	0	6.0	4.0
508	10.502241050645976	24.166915672293996	0	6.0	4.0
509	10.502241050645976	24.166915672293996	0	6.0	4.0
510	10.502241050645976	24.166915672293996	0	6.0	4.0
511	10.502241050645976	24.166915672293996	0	6.0	4.0
512	10.502241050645976	24.166915672293996	0	6.0	4.0
513	10.502241050645976	24.166915672293996	0	6.0	4.0
514	10.502241050645976	24.166915672293996	0	6.0	4.0
515	10.502241050645976	24.166915672293996	0	6.0	4.0
516	10.502241050645976	24.166915672293996	0	6.0	4.0
517	10.502241050645976	24.166915672293996	0	6.0	4.0
518	10.502241050645976	24.166915672293996	0	6.0	4.0
519	10.502241050645976	24.166915672293996	0	6.0	4.0
520	10.502241050645976	24.166915672293996	0	6.0	4.0
521	10.502241050645976	24.166915672293996	0	6.0	4.0
522	10.502241050645976	24.166915672293996	0	6.0	4.0
523	10.502241050645976	24.166915672293996	0	6.0	4.0
524	10.502241050645976	24.166915672293996	0	6.0	4.0
525	10.502241050645976	24.166915672293996	0	6.0	4.0
526	10.502241050645976	24.166915672293996	0	6.0	4.0
527	10.502241050645976	24.166915672293996	0	6.0	4.0
528	10.502241050645976	24.166915672293996	0	6.0	4.0
529	10.502241050645976	24.166915672293996	0	6.0	4.0
530	10.502241050645976	24.166915672293996	0	6.0	4.0
531	10.502241050645976	24.166915672293996	0	6.0	4.0
532	10.502241050645976	24.166915672293996	0	6.0	4.0
533	10.502241050645976	24.166915672293996	0	6.0	4.0
534	10.502241050645976	24.166915672293996	0	6.0	4.0
535	10.502241050645976	24.166915672293996	0	6.0	4.0
536	10.502241050645976	24.166915672293996	0	6.0	4.0
537	10.502241050645976	24.166915672293996	0	6.0	4.0
538	10.502241050645976	24.166915672293996	0	6.0	4.0
539	10.502241050645976	24.166915672293996	0	6.0	4.0
540	10.502241050645976	24.166915672293996	0	6.0	4.0
541	10.502241050645976	24.166915672293996	0	6.0	4.0
542	10.502241050645976	24.166915672293996	0	6.0	4.0
543	10.502241050645976	24.166915672293996	0	6.0	4.0
544	10.502241050645976	24.166915672293996	0	6.0	4.0
545	10.502241050645976	24.166915672293996	0	6.0	4.0
546	10.502241050645976	24.166915672293996	0	6.0	4.0
547	10.502241050645976	24.166915672293996	0	6.0	4.0
548	10.502241050645976	24.166915672293996	0	6.0	4.0
549	10.502241050645976	24.166915672293996	0	6.0	4.0
550	10.502241050645976	24.166915672293996	0	6.0	4.0
551	10.502241050645976	24.166915672293996	0	6.0	4.0
552	10.502241050645976	24.166915672293996	0	6.0	4.0
553	10.502241050645976	24.166915672293996	0	6.0	4.0
554	10.502241050645976	24.166915672293996	0	6.0	4.0
555	10.502241050645976	24.166915672293996	0	6.0	4.0
556	10.502241050645976	24.166915672293996	0	6.0	4.0
557	10.502241050645976	24.166915672293996	0	6.0	4.0
558	10.502241050645976	24.166915672293996	0	6.0	4.0
559	10.502241050645976	24.166915672293996	0	6.0	4.0
560	10.502241050645976	24.166915672293996	0	6.0	4.0
561	10.502241050645976	24.166915672293996	0	6.0	4.0
562	10.502241050645976	24.166915672293996	0	6.0	4.0
563	10.502241050645976	24.166915672293996	0	6.0	4.0
564	10.502241050645976	24.166915672293996	0	6.0	4.0
565	10.502241050645976	24.166915672293996	0	6.0	4.0
566	10.502241050645976	24.166915672293996	0	6.0	4.0
567	10.502241050645976	24.166915672293996	0	6.0	4.0
568	10.502241050645976	24.166915672293996	0	6.0	4.0
569	10.502241050645976	24.166915672293996	0	6.0	4.0
570	10.502241050645976	24.166915672293996	0	6.0	4.0
571	10.502241050645976	24.166915672293996	0	6.0	4.0
572	10.502241050645976	24.166915672293996	0	6.0	4.0
573	10.502241050645976	24.166915672293996	0	6.0	4.0
574	10.502241050645976	24.166915672293996	0	6.0	4.0
575	10.502241050645976	24.166915672293996	0	6.0	4.0
576	10.502241050645976	24.166915672293996	0	6.0	4.0
577	10.502241050645976	24.166915672293996	0	6.0	4.0
578	10.502241050645976	24.166915672293996	0	6.0	4.0
579	10.502241050645976	24.166915672293996	0	6.0	4.0
580	10.502241050645976	24.166915672293996	0	6.0	4.0
581	10.502241050645976	24.166915672293996	0	6.0	4.0
582	10.502241050645976	24.166915672293996	0	6.0	4.0
583	10.502241050645976	24.166915672293996	0	6.0	4.0
584	10.502241050645976	24.166915672293996	0	6.0	4.0
585	10.502241050645976	24.166915672293996	0	6.0	4.0
586	10.502241050645976	24.166915672293996	0	6.0	4.0
587	10.502241050645976	24.166915672293996	0	6.0	4.0
588	10.502241050645976	24.166915672293996	0	6.0	4.0
589	10.502241050645976	24.166915672293996	0	6.0	4.0
590	10.502241050645976	24.166915672293996	0	6.0	4.0
591	10.502241050645976	24.166915672293996	0	6.0	4.0
592	10.502241050645976	24.166915672293996	0	6.0	4.0
593	10.502241050645976	24.166915672293996	0	6.0	4.0
594	10.502241050645976	24.166915672293996	0	6.0	4.0
595	10.502241050645976	24.166915672293996	0	6.0	4.0
596	10.502241050645976	24.166915672293996	0	6.0	4.0
597	10.502241050645976	24.166915672293996	0	6.0	4.0
598	10.502241050645976	24.166915672293996	0	6.0	4.0
599	10.502241050645976	24.166915672293996	0	6.0	4.0
600	10.502241050645976	24.166915672293996	0	6.0	4.0
601	10.502241050645976	24.166915672293996	0	6.0	4.0
602	10.502241050645976	24.166915672293996	0	6.0	4.0
603	10.502241050645976	24.166915672293996	0	6.0	4.0
604	10.502241050645976	24.166915672293996	0	6.0	4.0
605	10.502241050645976	24.166915672293996	0	6.0	4.0
606	10.502241050645976	24.166915672293996	0	6.0	4.0
607	10.502241050645976	24.166915672293996	0	6.0	4.0
608	10.502241050645976	24.166915672293996	0	6.0	4.0
609	10.502241050645976	24.166915672293996	0	6.0	4.0
610	10.502241050645976	24.166915672293996	0	6.0	4.0
611	10.502241050645976	24.166915672293996	0	6.0	4.0
612	10.502241050645976	24.166915672293996	0	6.0	4.0
613	10.502241050645976	24.166915672293996	0	6.0	4.0
614	10.502241050645976	24.166915672293996	0	6.0	4.0
615	10.502241050645976	24.166915672293996	0	6.0	4.0
616	10.502241050645976	24.166915672293996	0	6.0	4.0
617	10.502241050645976	24.166915672293996	0	6.0	4.0
618	10.502241050645976	24.166915672293996	0	6.0	4.0
619	10.502241050645976	24.166915672293996	0	6.0	4.0
620	10.502241050645976	24.166915672293996	0	6.0	4.0
621	10.502241050645976	24.166915672293996	0	6.0	4.0
622	10.502241050645976	24.166915672293996	0	6.0	4.0
623	10.502241050645976	24.166915672293996	0	6.0	4.0
624	10.502241050645976	24.166915672293996	0	6.0	4.0
625	10.502241050645976	24.166915672293996	0	6.0	4.0
626	10.502241050645976	24.166915672293996	0	6.0	4.0
627	10.502241050645976	24.166915672293996	0	6.0	4.0
628	10.502241050645976	24.166915672293996	0	6.0	4.0
629	10.502241050645976	24.166915672293996	0	6.0	4.0
630	10.502241050645976	24.166915672293996	0	6.0	4.0
631	10.502241050645976	24.166915672293996	0	6.0	4.0
632	10.502241050645976	24.166915672293996	0	6.0	4.0
633	10.502241050645976	24.166915672293996	0	6.0	4.0
634	10.502241050645976	24.166915672293996	0	6.0	4.0
635	10.502241050645976	24.166915672293996	0	6.0	4.0
636	10.502241050645976	24.166915672293996	0	6.0	4.0
637	10.502241050645976	24.166915672293996	0	6.0	4.0
638	10.502241050645976	24.166915672293996	0	6.0	4.0
639	10.502241050645976	24.166915672293996	0	6.0	4.0
640	10.502241050645976	24.166915672293996	0	6.0	4.0
641	10.502241050645976	24.166915672293996	0	6.0	4.0
642	10.502241050645976	24.166915672293996	0	6.0	4.0
643	10.502241050645976	24.166915672293996	0	6.0	4.0
644	10.502241050645976	24.166915672293996	0	6.0	4.0
645	10.502241050645976	24.166915672293996	0	6.0	4.0
646	10.502241050645976	24.166915672293996	0	6.0	4.0
647	10.502241050645976	24.166915672293996	0	6.0	4.0
648	10.502241050645976	24.166915672293996	0	6.0	4.0
649	10.502241050645976	24.166915672293996	0	6.0	4.0
650	10.502241050645976	24.166915672293996	0	6.0	4.0
651	10.502241050645976	24.166915672293996	0	6.0	4.0
652	10.502241050645976	24.166915672293996	0	6.0	4.0
653	10.502241050645976	24.166915672293996	0	6.0	4.0
654	10.502241050645976	24.166915672293996	0	6.0	4.0
655	10.502241050645976	24.166915672293996	0	6.0	4.0
656	10.502241050645976	24.166915672293996	0	6.0	4.0
657	10.502241050645976	24.166915672293996	0	6.0	4.0
658	10.502241050645976	24.166915672293996	0	6.0	4.0
659	10.502241050645976	24.166915672293996	0	6.0	4.0
660	10.502241050645976	24.166915672293996	0	6.0	4.0
661	10.502241050645976	24.166915672293996	0	6.0	4.0
662	10.502241050645976	24.166915672293996	0	6.0	4.0
663	10.502241050645976	24.166915672293996	0	6.0	4.0
664	10.502241050645976	24.166915672293996	0	6.0	4.0
665	10.502241050645976	24.166915672293996	0	6.0	4.0
666	10.502241050645976	24.166915672293996	0	6.0	4.0
667	10.502241050645976	24.166915672293996	0	6.0	4.0
668	10.502241050645976	24.166915672293996	0	6.0	4.0
669	10.502241050645976	24.166915672293996	0	6.0	4.0
670	10.502241050645976	24.166915672293996	0	6.0	4.0
671	10.502241050645976	24.166915672293996	0	6.0	4.0
672	10.502241050645976	24.166915672293996	0	6.0	4.0
673	10.502241050645976	24.166915672293996	0	6.0	4.0
674	10.502241050645976	24.166915672293996	0	6.0	4.0
675	10.502241050645976	24.166915672293996	0	6.0	4.0
676	10.502241050645976	24.166915672293996	0	6.0	4.0
677	10.502241050645976	24.166915672293996	0	6.0	4.0
678	10.502241050645976	24.166915672293996	0	6.0	4.0
679	10.502241050645976	24.166915672293996	0	6.0	4.0
680	10.502241050645976	24.166915672293996	0	6.0	4.0
681	10.502241050645976	24.166915672293996	0	6.0	4.0
682	10.502241050645976	24.166915672293996	0	6.0	4.0
683	10.502241050645976	24.166915672293996	0	6.0	4.0
684	10.502241050645976	24.166915672293996	0	6.0	4.0
685	10.502241050645976	24.166915672293996	0	6.0	4.0
686	10.502241050645976	24.166915672293996	0	6.0	4.0
687	10.502241050645976	24.166915672293996	0	6.0	4.0
688	10.502241050645976	24.166915672293996	0	6.0	4.0
689	10.502241050645976	24.166915672293996	0	6.0	4.0
690	10.502241050645976	24.166915672293996	0	6.0	4.0
691	10.502241050645976	24.166915672293996	0	6.0	4.0
692	10.502241050645976	24.166915672293996	0	6.0	4.0
693	10.502241050645976	24.166915672293996	0	6.0	4.0
694	10.502241050645976	24.166915672293996	0	6.0	4.0
695	10.502241050645976	24.166915672293996	0	6.0	4.0
696	10.502241050645976	24.166915672293996	0	6.0	4.0
697	10.502241050645976	24.166915672293996	0	6.0	4.0
698	10.502241050645976	24.166915672293996	0	6.0	4.0
699	10.502241050645976	24.166915672293996	0	6.0	4.0
700	10.502241050645976	24.166915672293996	0	6.0	4.0
701	10.502241050645976	24.166915672293996	0	6.0	4.0
702	10.502241050645976	24.166915672293996	0	6.0	4.0
703	10.502241050645976	24.166915672293996	0	6.0	4.0
704	10.502241050645976	24.166915672293996	0	6.0	4.0
705	10.502241050645976	24.166915672293996	0	6.0	4.0
706	10.502241050645976	24.166915672293996	0	6.0	4.0
707	10.502241050645976	24.166915672293996	0	6.0	4.0
708	10.502241050645976	24.166915672293996	0	6.0	4.0
709	10.502241050645976	24.166915672293996	0	6.0	4.0
710	10.502241050645976	24.166915672293996	0	6.0	4.0
711	10.502241050645976	24.166915672293996	0	6.0	4.0
712	10.502241050645976	24.166915672293996	0	6.0	4.0
713	10.502241050645976	24.166915672293996	0	6.0	4.0
714	10.502241050645976	24.166915672293996	0	6.0	4.0
715	10.502241050645976	24.166915672293996	0	6.0	4.0
716	10.502241050645976	24.166915672293996	0	6.0	4.0
717	10.502241050645976	24.166915672293996	0	6.0	4.0
718	10.502241050645976	24.166915672293996	0	6.0	4.0
719	10.502241050645976	24.166915672293996	0	6.0	4.0
720	10.502241050645976	24.166915672293996	0	6.0	4.0
721	10.502241050645976	24.166915672293996	0	6.0	4.0
722	10.502241050645976	24.166915672293996	0	6.0	4.0
723	10.502241050645976	24.166915672293996	0	6.0	4.0
724	10.502241050645976	24.166915672293996	0	6.0	4.0
725	10.502241050645976	24.166915672293996	0	6.0	4.0
726	10.502241050645976	24.166915672293996	0	6.0	4.0
727	10.502241050645976	24.166915672293996	0	6.0	4.0
728	10.502241050645976	24.166915672293996	0	6.0	4.0
729	10.502241050645976	24.166915672293996	0	6.0	4.0
730	10.502241050645976	24.166915672293996	0	6.0	4.0
731	10.502241050645976	24.166915672293996	0	6.0	4.0
732	10.502241050645976	24.166915672293996	0	6.0	4.0
733	10.502241050645976	24.166915672293996	0	6.0	4.0
734	10.502241050645976	24.166915672293996	0	6.0	4.0
735	10.502241050645976	24.166915672293996	0	6.0	4.0
736	10.502241050645976	24.166915672293996	0	6.0	4.0
737	10.502241050645976	24.166915672293996	0	6.0	4.0
738	10.502241050645976	24.166915672293996	0	6.0	4.0
739	10.502241050645976	24.166915672293996	0	6.0	4.0
740	10.502241050645976	24.166915672293996	0	6.0	4.0
741	10.502241050645976	24.166915672293996	0	6.0	4.0
742	10.502241050645976	24.166915672293996	0	6.0	4.0
743	10.502241050645976	24.166915672293996	0	6.0	4.0
744	10.502241050645976	24.166915672293996	0	6.0	4.0
745	10.502241050645976	24.166915672293996	0	6.0	4.0
746	10.502241050645976	24.166915672293996	0	6.0	4.0
747	10.502241050645976	24.166915672293996	0	6.0	4.0
748	10.502241050645976	24.166915672293996	0	6.0	4.0
749	10.502241050645976	24.166915672293996	0	6.0	4.0
750	10.502241050645976	24.166915672293996	0	6.0	4.0
751	10.502241050645976	24.166915672293996	0	6.0	4.0
752	10.502241050645976	24.166915672293996	0	6.0	4.0
753	10.502241050645976	24.166915672293996	0	6.0	4.0
754	10.502241050645976	24.166915672293996	0	6.0	4.0
755	10.502241050645976	24.166915672293996	0	6.0	4.0
756	10.502241050645976	24.166915672293996	0	6.0	4.0
757	10.502241050645976	24.166915672293996	0	6.0	4.0
758	10.502241050645976	24.166915672293996	0	6.0	4.0
759	10.502241050645976	24.166915672293996	0	6.0	4.0
760	10.502241050645976	24.166915672293996	0	6.0	4.0
761	10.502241050645976	24.166915672293996	0	6.0	4.0
762	10.502241050645976	24.166915672293996	0	6.0	4.0
763	10.502241050645976	24.166915672293996	0	6.0	4.0
764	10.502241050645976	24.166915672293996	0	6.0	4.0
765	10.502241050645976	24.166915672293996	0	6.0	4.0
766	10.502241050645976	24.166915672293996	0	6.0	4.0
767	10.502241050645976	24.166915672293996	0	6.0	4.0
768	10.502241050645976	24.166915672293996	0	6.0	4.0
769	10.502241050645976	24.166915672293996	0	6.0	4.0
770	10.502241050645976	24.166915672293996	0	6.0	4.0
771	10.502241050645976	24.166915672293996	0	6.0	4.0
772	10.502241050645976	24.166915672293996	0	6.0	4.0
773	10.502241050645976	24.166915672293996	0	6.0	4.0
774	10.502241050645976	24.166915672293996	0	6.0	4.0
775	10.502241050645976	24.166915672293996	0	6.0	4.0
776	10.502241050645976	24.166915672293996	0	6.0	4.0
777	10.502241050645976	24.166915672293996	0	6.0	4.0
778	10.502241050645976	24.166915672293996	0	6.0	4.0
779	10.502241050645976	24.166915672293996	0	6.0	4.0
780	10.502241050645976	24.166915672293996	0	6.0	4.0
781	10.502241050645976	24.166915672293996	0	6.0	4.0
782	10.502241050645976	24.166915672293996	0	6.0	4.0
783	10.502241050645976	24.166915672293996	0	6.0	4.0
784	10.502241050645976	24.166915672293996	0	6.0	4.0
785	10.502241050645976	24.166915672293996	0	6.0	4.0
786	10.502241050645976	24.166915672293996	0	6.0	4.0
787	10.502241050645976	24.166915672293996	0	6.0	4.0
788	10.502241050645976	24.166915672293996	0	6.0	4.0
789	10.502241050645976	24.166915672293996	0	6.0	4.0
790	10.502241050645976	24.166915672293996	0	6.0	4.0
791	10.502241050645976	24.166915672293996	0	6.0	4.0
792	10.502241050645976	24.166915672293996	0	6.0	4.0
793	10.502241050645976	24.166915672293996	0	6.0	4.0
794	10.502241050645976	24.166915672293996	0	6.0	4.0
795	10.502241050645976	24.166915672293996	0	6.0	4.0
796	10.502241050645976	24.166915672293996	0	6.0	4.0
797	10.502241050645976	24.166915672293996	0	6.0	4.0
798	10.502241050645976	24.166915672293996	0	6.0	4.0
799	10.502241050645976	24.166915672293996	0	6.0	4.0
800	10.502241050645976	24.166915672293996	0	6.0	4.0
801	10.502241050645976	24.166915672293996	0	6.0	4.0
802	10.502241050645976	24.166915672293996	0	6.0	4.0
803	10.502241050645976	24.166915672293996	0	6.0	4.0
804	10.502241050645976	24.166915672293996	0	6.0	4.0
805	10.502241050645976	24.166915672293996	0	6.0	4.0
806	10.502241050645976	24.166915672293996	0	6.0	4.0
807	10.502241050645976	24.166915672293996	0	6.0	4.0
808	10.502241050645976	24.166915672293996	0	6.0	4.0
809	10.502241050645976	24.166915672293996	0	6.0	4.0
810	10.502241050645976	24.166915672293996	0	6.0	4.0
