TS	X	Y	Direction	Line_Man	Column_Man
0	22.10866642256114	13.686825125158702	0	2	5
1	20.943142119375988	13.686825125158702	0	2.0	5.0
2	20.943142119375988	13.686825125158702	0	2.0	5.0
3	20.943142119375988	13.686825125158702	0	2.0	5.0
4	20.943142119375988	13.686825125158702	0	2.0	5.0
5	20.943142119375988	13.686825125158702	0	2.0	5.0
6	20.943142119375988	13.686825125158702	0	2.0	5.0
7	20.943142119375988	13.686825125158702	0	2.0	5.0
8	20.943142119375988	13.686825125158702	0	2.0	5.0
9	20.943142119375988	13.686825125158702	0	2.0	5.0
10	20.943142119375988	13.686825125158702	0	2.0	5.0
11	20.943142119375988	13.686825125158702	0	2.0	5.0
12	20.943142119375988	13.686825125158702	0	2.0	5.0
13	20.943142119375988	13.686825125158702	0	2.0	5.0
14	20.943142119375988	13.686825125158702	0	2.0	5.0
15	20.943142119375988	13.686825125158702	0	2.0	5.0
16	20.943142119375988	13.686825125158702	0	2.0	5.0
17	20.943142119375988	13.686825125158702	0	2.0	5.0
18	20.943142119375988	13.686825125158702	0	2.0	5.0
19	20.943142119375988	13.686825125158702	0	2.0	5.0
20	20.943142119375988	13.686825125158702	0	2.0	5.0
21	20.943142119375988	13.686825125158702	0	2.0	5.0
22	20.943142119375988	13.686825125158702	0	2.0	5.0
23	20.943142119375988	13.686825125158702	0	2.0	5.0
24	20.943142119375988	13.686825125158702	0	2.0	5.0
25	20.943142119375988	13.686825125158702	0	2.0	5.0
26	20.943142119375988	13.686825125158702	0	2.0	5.0
27	20.943142119375988	13.686825125158702	0	2.0	5.0
28	20.943142119375988	13.686825125158702	0	2.0	5.0
29	20.943142119375988	13.686825125158702	0	2.0	5.0
30	20.943142119375988	13.686825125158702	0	2.0	5.0
31	20.943142119375988	13.686825125158702	0	2.0	5.0
32	20.943142119375988	13.686825125158702	0	2.0	5.0
33	20.943142119375988	13.686825125158702	0	2.0	5.0
34	20.943142119375988	13.686825125158702	0	2.0	5.0
35	20.943142119375988	13.686825125158702	0	2.0	5.0
36	20.943142119375988	13.686825125158702	0	2.0	5.0
37	20.943142119375988	13.686825125158702	0	2.0	5.0
38	20.943142119375988	13.686825125158702	0	2.0	5.0
39	20.943142119375988	13.686825125158702	0	2.0	5.0
40	20.943142119375988	13.686825125158702	0	2.0	5.0
41	20.943142119375988	13.686825125158702	0	2.0	5.0
42	20.943142119375988	13.686825125158702	0	2.0	5.0
43	20.943142119375988	13.686825125158702	0	2.0	5.0
44	20.943142119375988	13.686825125158702	0	2.0	5.0
45	20.943142119375988	13.686825125158702	0	2.0	5.0
46	20.943142119375988	13.686825125158702	0	2.0	5.0
47	20.943142119375988	13.686825125158702	0	2.0	5.0
48	20.943142119375988	13.686825125158702	0	2.0	5.0
49	20.943142119375988	13.686825125158702	0	2.0	5.0
50	20.943142119375988	13.686825125158702	0	2.0	5.0
51	20.943142119375988	13.686825125158702	0	2.0	5.0
52	20.943142119375988	13.686825125158702	0	2.0	5.0
53	20.943142119375988	13.686825125158702	0	2.0	5.0
54	20.943142119375988	13.686825125158702	0	2.0	5.0
55	20.943142119375988	13.686825125158702	0	2.0	5.0
56	20.943142119375988	13.686825125158702	0	2.0	5.0
57	20.943142119375988	13.686825125158702	0	2.0	5.0
58	20.943142119375988	13.686825125158702	0	2.0	5.0
59	20.943142119375988	13.686825125158702	0	2.0	5.0
60	20.943142119375988	13.686825125158702	0	2.0	5.0
61	20.943142119375988	13.686825125158702	0	2.0	5.0
62	20.943142119375988	13.686825125158702	0	2.0	5.0
63	20.943142119375988	13.686825125158702	0	2.0	5.0
64	20.943142119375988	13.686825125158702	0	2.0	5.0
65	20.943142119375988	13.686825125158702	0	2.0	5.0
66	20.943142119375988	13.686825125158702	0	2.0	5.0
67	20.943142119375988	13.686825125158702	0	2.0	5.0
68	20.943142119375988	13.686825125158702	0	2.0	5.0
69	20.943142119375988	13.686825125158702	0	2.0	5.0
70	20.943142119375988	13.686825125158702	0	2.0	5.0
71	20.943142119375988	13.686825125158702	0	2.0	5.0
72	20.943142119375988	13.686825125158702	0	2.0	5.0
73	20.943142119375988	13.686825125158702	0	2.0	5.0
74	20.943142119375988	13.686825125158702	0	2.0	5.0
75	20.943142119375988	13.686825125158702	0	2.0	5.0
76	20.943142119375988	13.686825125158702	0	2.0	5.0
77	20.943142119375988	13.686825125158702	0	2.0	5.0
78	20.943142119375988	13.686825125158702	0	2.0	5.0
79	20.943142119375988	13.686825125158702	0	2.0	5.0
80	20.943142119375988	13.686825125158702	0	2.0	5.0
81	20.943142119375988	13.686825125158702	0	2.0	5.0
82	20.943142119375988	13.686825125158702	0	2.0	5.0
83	20.943142119375988	13.686825125158702	0	2.0	5.0
84	20.943142119375988	13.686825125158702	0	2.0	5.0
85	20.943142119375988	13.686825125158702	0	2.0	5.0
86	20.943142119375988	13.686825125158702	0	2.0	5.0
87	20.943142119375988	13.686825125158702	0	2.0	5.0
88	20.943142119375988	13.686825125158702	0	2.0	5.0
89	20.943142119375988	13.686825125158702	0	2.0	5.0
90	20.943142119375988	13.686825125158702	0	2.0	5.0
91	20.943142119375988	13.686825125158702	0	2.0	5.0
92	20.943142119375988	13.686825125158702	0	2.0	5.0
93	20.943142119375988	13.686825125158702	0	2.0	5.0
94	20.943142119375988	13.686825125158702	0	2.0	5.0
95	20.943142119375988	13.686825125158702	0	2.0	5.0
96	20.943142119375988	13.686825125158702	0	2.0	5.0
97	20.943142119375988	13.686825125158702	0	2.0	5.0
98	20.943142119375988	13.686825125158702	0	2.0	5.0
99	20.943142119375988	13.686825125158702	0	2.0	5.0
100	20.943142119375988	13.686825125158702	0	2.0	5.0
101	20.943142119375988	13.686825125158702	0	2.0	5.0
102	20.943142119375988	13.686825125158702	0	2.0	5.0
103	20.943142119375988	13.686825125158702	0	2.0	5.0
104	20.943142119375988	13.686825125158702	0	2.0	5.0
105	20.943142119375988	13.686825125158702	0	2.0	5.0
106	20.943142119375988	13.686825125158702	0	2.0	5.0
107	20.943142119375988	13.686825125158702	0	2.0	5.0
108	20.943142119375988	13.686825125158702	0	2.0	5.0
109	20.943142119375988	13.686825125158702	0	2.0	5.0
110	20.943142119375988	13.686825125158702	0	2.0	5.0
111	20.943142119375988	13.686825125158702	0	2.0	5.0
112	20.943142119375988	13.686825125158702	0	2.0	5.0
113	20.943142119375988	13.686825125158702	0	2.0	5.0
114	20.943142119375988	13.686825125158702	0	2.0	5.0
115	20.943142119375988	13.686825125158702	0	2.0	5.0
116	20.943142119375988	13.686825125158702	0	2.0	5.0
117	20.943142119375988	13.686825125158702	0	2.0	5.0
118	20.943142119375988	13.686825125158702	0	2.0	5.0
119	20.943142119375988	13.686825125158702	0	2.0	5.0
120	20.943142119375988	13.686825125158702	0	2.0	5.0
121	20.943142119375988	13.686825125158702	0	2.0	5.0
122	20.943142119375988	13.686825125158702	0	2.0	5.0
123	20.943142119375988	13.686825125158702	0	2.0	5.0
124	20.943142119375988	13.686825125158702	0	2.0	5.0
125	20.943142119375988	13.686825125158702	0	2.0	5.0
126	20.943142119375988	13.686825125158702	0	2.0	5.0
127	20.943142119375988	13.686825125158702	0	2.0	5.0
128	20.943142119375988	13.686825125158702	0	2.0	5.0
129	20.943142119375988	13.686825125158702	0	2.0	5.0
130	20.943142119375988	13.686825125158702	0	2.0	5.0
131	20.943142119375988	13.686825125158702	0	2.0	5.0
132	20.943142119375988	13.686825125158702	0	2.0	5.0
133	20.943142119375988	13.686825125158702	0	2.0	5.0
134	20.943142119375988	13.686825125158702	0	2.0	5.0
135	20.943142119375988	13.686825125158702	0	2.0	5.0
136	20.943142119375988	13.686825125158702	0	2.0	5.0
137	20.943142119375988	13.686825125158702	0	2.0	5.0
138	20.943142119375988	13.686825125158702	0	2.0	5.0
139	20.943142119375988	13.686825125158702	0	2.0	5.0
140	20.943142119375988	13.686825125158702	0	2.0	5.0
141	20.943142119375988	13.686825125158702	0	2.0	5.0
142	20.943142119375988	13.686825125158702	0	2.0	5.0
143	20.943142119375988	13.686825125158702	0	2.0	5.0
144	20.943142119375988	13.686825125158702	0	2.0	5.0
145	20.943142119375988	13.686825125158702	0	2.0	5.0
146	20.943142119375988	13.686825125158702	0	2.0	5.0
147	20.943142119375988	13.686825125158702	0	2.0	5.0
148	20.943142119375988	13.686825125158702	0	2.0	5.0
149	20.943142119375988	13.686825125158702	0	2.0	5.0
150	20.943142119375988	13.686825125158702	0	2.0	5.0
151	20.943142119375988	13.686825125158702	0	2.0	5.0
152	20.943142119375988	13.686825125158702	0	2.0	5.0
153	20.943142119375988	13.686825125158702	0	2.0	5.0
154	20.943142119375988	13.686825125158702	0	2.0	5.0
155	20.943142119375988	13.686825125158702	0	2.0	5.0
156	20.943142119375988	13.686825125158702	0	2.0	5.0
157	20.943142119375988	13.686825125158702	0	2.0	5.0
158	20.943142119375988	13.686825125158702	0	2.0	5.0
159	20.943142119375988	13.686825125158702	0	2.0	5.0
160	20.943142119375988	13.686825125158702	0	2.0	5.0
161	20.943142119375988	13.686825125158702	0	2.0	5.0
162	20.943142119375988	13.686825125158702	0	2.0	5.0
163	20.943142119375988	13.686825125158702	0	2.0	5.0
164	20.943142119375988	13.686825125158702	0	2.0	5.0
165	20.943142119375988	13.686825125158702	0	2.0	5.0
166	20.943142119375988	13.686825125158702	0	2.0	5.0
167	20.943142119375988	13.686825125158702	0	2.0	5.0
168	20.943142119375988	13.686825125158702	0	2.0	5.0
169	20.943142119375988	13.686825125158702	0	2.0	5.0
170	20.943142119375988	13.686825125158702	0	2.0	5.0
171	20.943142119375988	13.686825125158702	0	2.0	5.0
172	20.943142119375988	13.686825125158702	0	2.0	5.0
173	20.943142119375988	13.686825125158702	0	2.0	5.0
174	20.943142119375988	13.686825125158702	0	2.0	5.0
175	20.943142119375988	13.686825125158702	0	2.0	5.0
176	20.943142119375988	13.686825125158702	0	2.0	5.0
177	20.943142119375988	13.686825125158702	0	2.0	5.0
178	20.943142119375988	13.686825125158702	0	2.0	5.0
179	20.943142119375988	13.686825125158702	0	2.0	5.0
180	20.943142119375988	13.686825125158702	0	2.0	5.0
181	20.943142119375988	13.686825125158702	0	2.0	5.0
182	20.943142119375988	13.686825125158702	0	2.0	5.0
183	20.943142119375988	13.686825125158702	0	2.0	5.0
184	20.943142119375988	13.686825125158702	0	2.0	5.0
185	20.943142119375988	13.686825125158702	0	2.0	5.0
186	20.943142119375988	13.686825125158702	0	2.0	5.0
187	20.943142119375988	13.686825125158702	0	2.0	5.0
188	20.943142119375988	13.686825125158702	0	2.0	5.0
189	20.943142119375988	13.686825125158702	0	2.0	5.0
190	20.943142119375988	13.686825125158702	0	2.0	5.0
191	20.943142119375988	13.686825125158702	0	2.0	5.0
192	20.943142119375988	13.686825125158702	0	2.0	5.0
193	20.943142119375988	13.686825125158702	0	2.0	5.0
194	20.943142119375988	13.686825125158702	0	2.0	5.0
195	20.943142119375988	13.686825125158702	0	2.0	5.0
196	20.943142119375988	13.686825125158702	0	2.0	5.0
197	20.943142119375988	13.686825125158702	0	2.0	5.0
198	20.943142119375988	13.686825125158702	0	2.0	5.0
199	20.943142119375988	13.686825125158702	0	2.0	5.0
200	20.943142119375988	13.686825125158702	0	2.0	5.0
201	20.943142119375988	13.686825125158702	0	2.0	5.0
202	20.943142119375988	13.686825125158702	0	2.0	5.0
203	20.943142119375988	13.686825125158702	0	2.0	5.0
204	20.943142119375988	13.686825125158702	0	2.0	5.0
205	20.943142119375988	13.686825125158702	0	2.0	5.0
206	20.943142119375988	13.686825125158702	0	2.0	5.0
207	20.943142119375988	13.686825125158702	0	2.0	5.0
208	20.943142119375988	13.686825125158702	0	2.0	5.0
209	20.943142119375988	13.686825125158702	0	2.0	5.0
210	20.943142119375988	13.686825125158702	0	2.0	5.0
211	20.943142119375988	13.686825125158702	0	2.0	5.0
212	20.943142119375988	13.686825125158702	0	2.0	5.0
213	20.943142119375988	13.686825125158702	0	2.0	5.0
214	20.943142119375988	13.686825125158702	0	2.0	5.0
215	20.943142119375988	13.686825125158702	0	2.0	5.0
216	20.943142119375988	13.686825125158702	0	2.0	5.0
217	20.943142119375988	13.686825125158702	0	2.0	5.0
218	20.943142119375988	13.686825125158702	0	2.0	5.0
219	20.943142119375988	13.686825125158702	0	2.0	5.0
220	20.943142119375988	13.686825125158702	0	2.0	5.0
221	20.943142119375988	13.686825125158702	0	2.0	5.0
222	20.943142119375988	13.686825125158702	0	2.0	5.0
223	20.943142119375988	13.686825125158702	0	2.0	5.0
224	20.943142119375988	13.686825125158702	0	2.0	5.0
225	20.943142119375988	13.686825125158702	0	2.0	5.0
226	20.943142119375988	13.686825125158702	0	2.0	5.0
227	20.943142119375988	13.686825125158702	0	2.0	5.0
228	20.943142119375988	13.686825125158702	0	2.0	5.0
229	20.943142119375988	13.686825125158702	0	2.0	5.0
230	20.943142119375988	13.686825125158702	0	2.0	5.0
231	20.943142119375988	13.686825125158702	0	2.0	5.0
232	20.943142119375988	13.686825125158702	0	2.0	5.0
233	20.943142119375988	13.686825125158702	0	2.0	5.0
234	20.943142119375988	13.686825125158702	0	2.0	5.0
235	20.943142119375988	13.686825125158702	0	2.0	5.0
236	20.943142119375988	13.686825125158702	0	2.0	5.0
237	20.943142119375988	13.686825125158702	0	2.0	5.0
238	20.943142119375988	13.686825125158702	0	2.0	5.0
239	20.943142119375988	13.686825125158702	0	2.0	5.0
240	20.943142119375988	13.686825125158702	0	2.0	5.0
241	20.943142119375988	13.686825125158702	0	2.0	5.0
242	20.943142119375988	13.686825125158702	0	2.0	5.0
243	20.943142119375988	13.686825125158702	0	2.0	5.0
244	20.943142119375988	13.686825125158702	0	2.0	5.0
245	20.943142119375988	13.686825125158702	0	2.0	5.0
246	20.943142119375988	13.686825125158702	0	2.0	5.0
247	20.943142119375988	13.686825125158702	0	2.0	5.0
248	20.943142119375988	13.686825125158702	0	2.0	5.0
249	20.943142119375988	13.686825125158702	0	2.0	5.0
250	20.943142119375988	13.686825125158702	0	2.0	5.0
251	20.943142119375988	13.686825125158702	0	2.0	5.0
252	20.943142119375988	13.686825125158702	0	2.0	5.0
253	20.943142119375988	13.686825125158702	0	2.0	5.0
254	20.943142119375988	13.686825125158702	0	2.0	5.0
255	20.943142119375988	13.686825125158702	0	2.0	5.0
256	20.943142119375988	13.686825125158702	0	2.0	5.0
257	20.943142119375988	13.686825125158702	0	2.0	5.0
258	20.943142119375988	13.686825125158702	0	2.0	5.0
259	20.943142119375988	13.686825125158702	0	2.0	5.0
260	20.943142119375988	13.686825125158702	0	2.0	5.0
261	20.943142119375988	13.686825125158702	0	2.0	5.0
262	20.943142119375988	13.686825125158702	0	2.0	5.0
263	20.943142119375988	13.686825125158702	0	2.0	5.0
264	20.943142119375988	13.686825125158702	0	2.0	5.0
265	20.943142119375988	13.686825125158702	0	2.0	5.0
266	20.943142119375988	13.686825125158702	0	2.0	5.0
267	20.943142119375988	13.686825125158702	0	2.0	5.0
268	20.943142119375988	13.686825125158702	0	2.0	5.0
269	20.943142119375988	13.686825125158702	0	2.0	5.0
270	20.943142119375988	13.686825125158702	0	2.0	5.0
271	20.943142119375988	13.686825125158702	0	2.0	5.0
272	20.943142119375988	13.686825125158702	0	2.0	5.0
273	20.943142119375988	13.686825125158702	0	2.0	5.0
274	20.943142119375988	13.686825125158702	0	2.0	5.0
275	20.943142119375988	13.686825125158702	0	2.0	5.0
276	20.943142119375988	13.686825125158702	0	2.0	5.0
277	20.943142119375988	13.686825125158702	0	2.0	5.0
278	20.943142119375988	13.686825125158702	0	2.0	5.0
279	20.943142119375988	13.686825125158702	0	2.0	5.0
280	20.943142119375988	13.686825125158702	0	2.0	5.0
281	20.943142119375988	13.686825125158702	0	2.0	5.0
282	20.943142119375988	13.686825125158702	0	2.0	5.0
283	20.943142119375988	13.686825125158702	0	2.0	5.0
284	20.943142119375988	13.686825125158702	0	2.0	5.0
285	20.943142119375988	13.686825125158702	0	2.0	5.0
286	20.943142119375988	13.686825125158702	0	2.0	5.0
287	20.943142119375988	13.686825125158702	0	2.0	5.0
288	20.943142119375988	13.686825125158702	0	2.0	5.0
289	20.943142119375988	13.686825125158702	0	2.0	5.0
290	20.943142119375988	13.686825125158702	0	2.0	5.0
291	20.943142119375988	13.686825125158702	0	2.0	5.0
292	20.943142119375988	13.686825125158702	0	2.0	5.0
293	20.943142119375988	13.686825125158702	0	2.0	5.0
294	20.943142119375988	13.686825125158702	0	2.0	5.0
295	20.943142119375988	13.686825125158702	0	2.0	5.0
296	20.943142119375988	13.686825125158702	0	2.0	5.0
297	20.943142119375988	13.686825125158702	0	2.0	5.0
298	20.943142119375988	13.686825125158702	0	2.0	5.0
299	20.943142119375988	13.686825125158702	0	2.0	5.0
300	20.943142119375988	13.686825125158702	0	2.0	5.0
301	20.943142119375988	13.686825125158702	0	2.0	5.0
302	20.943142119375988	13.686825125158702	0	2.0	5.0
303	20.943142119375988	13.686825125158702	0	2.0	5.0
304	20.943142119375988	13.686825125158702	0	2.0	5.0
305	20.943142119375988	13.686825125158702	0	2.0	5.0
306	20.943142119375988	13.686825125158702	0	2.0	5.0
307	20.943142119375988	13.686825125158702	0	2.0	5.0
308	20.943142119375988	13.686825125158702	0	2.0	5.0
309	20.943142119375988	13.686825125158702	0	2.0	5.0
310	20.943142119375988	13.686825125158702	0	2.0	5.0
311	20.943142119375988	13.686825125158702	0	2.0	5.0
312	20.943142119375988	13.686825125158702	0	2.0	5.0
313	20.943142119375988	13.686825125158702	0	2.0	5.0
314	20.943142119375988	13.686825125158702	0	2.0	5.0
315	20.943142119375988	13.686825125158702	0	2.0	5.0
316	20.943142119375988	13.686825125158702	0	2.0	5.0
317	20.943142119375988	13.686825125158702	0	2.0	5.0
318	20.943142119375988	13.686825125158702	0	2.0	5.0
319	20.943142119375988	13.686825125158702	0	2.0	5.0
320	20.943142119375988	13.686825125158702	0	2.0	5.0
321	20.943142119375988	13.686825125158702	0	2.0	5.0
322	20.943142119375988	13.686825125158702	0	2.0	5.0
323	20.943142119375988	13.686825125158702	0	2.0	5.0
324	20.943142119375988	13.686825125158702	0	2.0	5.0
325	20.943142119375988	13.686825125158702	0	2.0	5.0
326	20.943142119375988	13.686825125158702	0	2.0	5.0
327	20.943142119375988	13.686825125158702	0	2.0	5.0
328	20.943142119375988	13.686825125158702	0	2.0	5.0
329	20.943142119375988	13.686825125158702	0	2.0	5.0
330	20.943142119375988	13.686825125158702	0	2.0	5.0
331	20.943142119375988	13.686825125158702	0	2.0	5.0
332	20.943142119375988	13.686825125158702	0	2.0	5.0
333	20.943142119375988	13.686825125158702	0	2.0	5.0
334	20.943142119375988	13.686825125158702	0	2.0	5.0
335	20.943142119375988	13.686825125158702	0	2.0	5.0
336	20.943142119375988	13.686825125158702	0	2.0	5.0
337	20.943142119375988	13.686825125158702	0	2.0	5.0
338	20.943142119375988	13.686825125158702	0	2.0	5.0
339	20.943142119375988	13.686825125158702	0	2.0	5.0
340	20.943142119375988	13.686825125158702	0	2.0	5.0
341	20.943142119375988	13.686825125158702	0	2.0	5.0
342	20.943142119375988	13.686825125158702	0	2.0	5.0
343	20.943142119375988	13.686825125158702	0	2.0	5.0
344	20.943142119375988	13.686825125158702	0	2.0	5.0
345	20.943142119375988	13.686825125158702	0	2.0	5.0
346	20.943142119375988	13.686825125158702	0	2.0	5.0
347	20.943142119375988	13.686825125158702	0	2.0	5.0
348	20.943142119375988	13.686825125158702	0	2.0	5.0
349	20.943142119375988	13.686825125158702	0	2.0	5.0
350	20.943142119375988	13.686825125158702	0	2.0	5.0
351	20.943142119375988	13.686825125158702	0	2.0	5.0
352	20.943142119375988	13.686825125158702	0	2.0	5.0
353	20.943142119375988	13.686825125158702	0	2.0	5.0
354	20.943142119375988	13.686825125158702	0	2.0	5.0
355	20.943142119375988	13.686825125158702	0	2.0	5.0
356	20.943142119375988	13.686825125158702	0	2.0	5.0
357	20.943142119375988	13.686825125158702	0	2.0	5.0
358	20.943142119375988	13.686825125158702	0	2.0	5.0
359	20.943142119375988	13.686825125158702	0	2.0	5.0
360	20.943142119375988	13.686825125158702	0	2.0	5.0
361	20.943142119375988	13.686825125158702	0	2.0	5.0
362	20.943142119375988	13.686825125158702	0	2.0	5.0
363	20.943142119375988	13.686825125158702	0	2.0	5.0
364	20.943142119375988	13.686825125158702	0	2.0	5.0
365	20.943142119375988	13.686825125158702	0	2.0	5.0
366	20.943142119375988	13.686825125158702	0	2.0	5.0
367	20.943142119375988	13.686825125158702	0	2.0	5.0
368	20.943142119375988	13.686825125158702	0	2.0	5.0
369	20.943142119375988	13.686825125158702	0	2.0	5.0
370	20.943142119375988	13.686825125158702	0	2.0	5.0
371	20.943142119375988	13.686825125158702	0	2.0	5.0
372	20.943142119375988	13.686825125158702	0	2.0	5.0
373	20.943142119375988	13.686825125158702	0	2.0	5.0
374	20.943142119375988	13.686825125158702	0	2.0	5.0
375	20.943142119375988	13.686825125158702	0	2.0	5.0
376	20.943142119375988	13.686825125158702	0	2.0	5.0
377	20.943142119375988	13.686825125158702	0	2.0	5.0
378	20.943142119375988	13.686825125158702	0	2.0	5.0
379	20.943142119375988	13.686825125158702	0	2.0	5.0
380	20.943142119375988	13.686825125158702	0	2.0	5.0
381	20.943142119375988	13.686825125158702	0	2.0	5.0
382	20.943142119375988	13.686825125158702	0	2.0	5.0
383	20.943142119375988	13.686825125158702	0	2.0	5.0
384	20.943142119375988	13.686825125158702	0	2.0	5.0
385	20.943142119375988	13.686825125158702	0	2.0	5.0
386	20.943142119375988	13.686825125158702	0	2.0	5.0
387	20.943142119375988	13.686825125158702	0	2.0	5.0
388	20.943142119375988	13.686825125158702	0	2.0	5.0
389	20.943142119375988	13.686825125158702	0	2.0	5.0
390	20.943142119375988	13.686825125158702	0	2.0	5.0
391	20.943142119375988	13.686825125158702	0	2.0	5.0
392	20.943142119375988	13.686825125158702	0	2.0	5.0
393	20.943142119375988	13.686825125158702	0	2.0	5.0
394	20.943142119375988	13.686825125158702	0	2.0	5.0
395	20.943142119375988	13.686825125158702	0	2.0	5.0
396	20.943142119375988	13.686825125158702	0	2.0	5.0
397	20.943142119375988	13.686825125158702	0	2.0	5.0
398	20.943142119375988	13.686825125158702	0	2.0	5.0
399	20.943142119375988	13.686825125158702	0	2.0	5.0
400	20.943142119375988	13.686825125158702	0	2.0	5.0
401	20.943142119375988	13.686825125158702	0	2.0	5.0
402	20.943142119375988	13.686825125158702	0	2.0	5.0
403	20.943142119375988	13.686825125158702	0	2.0	5.0
404	20.943142119375988	13.686825125158702	0	2.0	5.0
405	20.943142119375988	13.686825125158702	0	2.0	5.0
406	20.943142119375988	13.686825125158702	0	2.0	5.0
407	20.943142119375988	13.686825125158702	0	2.0	5.0
408	20.943142119375988	13.686825125158702	0	2.0	5.0
409	20.943142119375988	13.686825125158702	0	2.0	5.0
410	20.943142119375988	13.686825125158702	0	2.0	5.0
411	20.943142119375988	13.686825125158702	0	2.0	5.0
412	20.943142119375988	13.686825125158702	0	2.0	5.0
413	20.943142119375988	13.686825125158702	0	2.0	5.0
414	20.943142119375988	13.686825125158702	0	2.0	5.0
415	20.943142119375988	13.686825125158702	0	2.0	5.0
416	20.943142119375988	13.686825125158702	0	2.0	5.0
417	20.943142119375988	13.686825125158702	0	2.0	5.0
418	20.943142119375988	13.686825125158702	0	2.0	5.0
419	20.943142119375988	13.686825125158702	0	2.0	5.0
420	20.943142119375988	13.686825125158702	0	2.0	5.0
421	20.943142119375988	13.686825125158702	0	2.0	5.0
422	20.943142119375988	13.686825125158702	0	2.0	5.0
423	20.943142119375988	13.686825125158702	0	2.0	5.0
424	20.943142119375988	13.686825125158702	0	2.0	5.0
425	20.943142119375988	13.686825125158702	0	2.0	5.0
426	20.943142119375988	13.686825125158702	0	2.0	5.0
427	20.943142119375988	13.686825125158702	0	2.0	5.0
428	20.943142119375988	13.686825125158702	0	2.0	5.0
429	20.943142119375988	13.686825125158702	0	2.0	5.0
430	20.943142119375988	13.686825125158702	0	2.0	5.0
431	20.943142119375988	13.686825125158702	0	2.0	5.0
432	20.943142119375988	13.686825125158702	0	2.0	5.0
433	20.943142119375988	13.686825125158702	0	2.0	5.0
434	20.943142119375988	13.686825125158702	0	2.0	5.0
435	20.943142119375988	13.686825125158702	0	2.0	5.0
436	20.943142119375988	13.686825125158702	0	2.0	5.0
437	20.943142119375988	13.686825125158702	0	2.0	5.0
438	20.943142119375988	13.686825125158702	0	2.0	5.0
439	20.943142119375988	13.686825125158702	0	2.0	5.0
440	20.943142119375988	13.686825125158702	0	2.0	5.0
441	20.943142119375988	13.686825125158702	0	2.0	5.0
442	20.943142119375988	13.686825125158702	0	2.0	5.0
443	20.943142119375988	13.686825125158702	0	2.0	5.0
444	20.943142119375988	13.686825125158702	0	2.0	5.0
445	20.943142119375988	13.686825125158702	0	2.0	5.0
446	20.943142119375988	13.686825125158702	0	2.0	5.0
447	20.943142119375988	13.686825125158702	0	2.0	5.0
448	20.943142119375988	13.686825125158702	0	2.0	5.0
449	20.943142119375988	13.686825125158702	0	2.0	5.0
450	20.943142119375988	13.686825125158702	0	2.0	5.0
451	20.943142119375988	13.686825125158702	0	2.0	5.0
452	20.943142119375988	13.686825125158702	0	2.0	5.0
453	20.943142119375988	13.686825125158702	0	2.0	5.0
454	20.943142119375988	13.686825125158702	0	2.0	5.0
455	20.943142119375988	13.686825125158702	0	2.0	5.0
456	20.943142119375988	13.686825125158702	0	2.0	5.0
457	20.943142119375988	13.686825125158702	0	2.0	5.0
458	20.943142119375988	13.686825125158702	0	2.0	5.0
459	20.943142119375988	13.686825125158702	0	2.0	5.0
460	20.943142119375988	13.686825125158702	0	2.0	5.0
461	20.943142119375988	13.686825125158702	0	2.0	5.0
462	20.943142119375988	13.686825125158702	0	2.0	5.0
463	20.943142119375988	13.686825125158702	0	2.0	5.0
464	20.943142119375988	13.686825125158702	0	2.0	5.0
465	20.943142119375988	13.686825125158702	0	2.0	5.0
466	20.943142119375988	13.686825125158702	0	2.0	5.0
467	20.943142119375988	13.686825125158702	0	2.0	5.0
468	20.943142119375988	13.686825125158702	0	2.0	5.0
469	20.943142119375988	13.686825125158702	0	2.0	5.0
470	20.943142119375988	13.686825125158702	0	2.0	5.0
471	20.943142119375988	13.686825125158702	0	2.0	5.0
472	20.943142119375988	13.686825125158702	0	2.0	5.0
473	20.943142119375988	13.686825125158702	0	2.0	5.0
474	20.943142119375988	13.686825125158702	0	2.0	5.0
475	20.943142119375988	13.686825125158702	0	2.0	5.0
476	20.943142119375988	13.686825125158702	0	2.0	5.0
477	20.943142119375988	13.686825125158702	0	2.0	5.0
478	20.943142119375988	13.686825125158702	0	2.0	5.0
479	20.943142119375988	13.686825125158702	0	2.0	5.0
480	20.943142119375988	13.686825125158702	0	2.0	5.0
481	20.943142119375988	13.686825125158702	0	2.0	5.0
482	20.943142119375988	13.686825125158702	0	2.0	5.0
483	20.943142119375988	13.686825125158702	0	2.0	5.0
484	20.943142119375988	13.686825125158702	0	2.0	5.0
485	20.943142119375988	13.686825125158702	0	2.0	5.0
486	20.943142119375988	13.686825125158702	0	2.0	5.0
487	20.943142119375988	13.686825125158702	0	2.0	5.0
488	20.943142119375988	13.686825125158702	0	2.0	5.0
489	20.943142119375988	13.686825125158702	0	2.0	5.0
490	20.943142119375988	13.686825125158702	0	2.0	5.0
491	20.943142119375988	13.686825125158702	0	2.0	5.0
492	20.943142119375988	13.686825125158702	0	2.0	5.0
493	20.943142119375988	13.686825125158702	0	2.0	5.0
494	20.943142119375988	13.686825125158702	0	2.0	5.0
495	20.943142119375988	13.686825125158702	0	2.0	5.0
496	20.943142119375988	13.686825125158702	0	2.0	5.0
497	20.943142119375988	13.686825125158702	0	2.0	5.0
498	20.943142119375988	13.686825125158702	0	2.0	5.0
499	20.943142119375988	13.686825125158702	0	2.0	5.0
500	20.943142119375988	13.686825125158702	0	2.0	5.0
501	20.943142119375988	13.686825125158702	0	2.0	5.0
502	20.943142119375988	13.686825125158702	0	2.0	5.0
503	20.943142119375988	13.686825125158702	0	2.0	5.0
504	20.943142119375988	13.686825125158702	0	2.0	5.0
505	20.943142119375988	13.686825125158702	0	2.0	5.0
506	20.943142119375988	13.686825125158702	0	2.0	5.0
507	20.943142119375988	13.686825125158702	0	2.0	5.0
508	20.943142119375988	13.686825125158702	0	2.0	5.0
509	20.943142119375988	13.686825125158702	0	2.0	5.0
510	20.943142119375988	13.686825125158702	0	2.0	5.0
511	20.943142119375988	13.686825125158702	0	2.0	5.0
512	20.943142119375988	13.686825125158702	0	2.0	5.0
513	20.943142119375988	13.686825125158702	0	2.0	5.0
514	20.943142119375988	13.686825125158702	0	2.0	5.0
515	20.943142119375988	13.686825125158702	0	2.0	5.0
516	20.943142119375988	13.686825125158702	0	2.0	5.0
517	20.943142119375988	13.686825125158702	0	2.0	5.0
518	20.943142119375988	13.686825125158702	0	2.0	5.0
519	20.943142119375988	13.686825125158702	0	2.0	5.0
520	20.943142119375988	13.686825125158702	0	2.0	5.0
521	20.943142119375988	13.686825125158702	0	2.0	5.0
522	20.943142119375988	13.686825125158702	0	2.0	5.0
523	20.943142119375988	13.686825125158702	0	2.0	5.0
524	20.943142119375988	13.686825125158702	0	2.0	5.0
525	20.943142119375988	13.686825125158702	0	2.0	5.0
526	20.943142119375988	13.686825125158702	0	2.0	5.0
527	20.943142119375988	13.686825125158702	0	2.0	5.0
528	20.943142119375988	13.686825125158702	0	2.0	5.0
529	20.943142119375988	13.686825125158702	0	2.0	5.0
530	20.943142119375988	13.686825125158702	0	2.0	5.0
531	20.943142119375988	13.686825125158702	0	2.0	5.0
532	20.943142119375988	13.686825125158702	0	2.0	5.0
533	20.943142119375988	13.686825125158702	0	2.0	5.0
534	20.943142119375988	13.686825125158702	0	2.0	5.0
535	20.943142119375988	13.686825125158702	0	2.0	5.0
536	20.943142119375988	13.686825125158702	0	2.0	5.0
537	20.943142119375988	13.686825125158702	0	2.0	5.0
538	20.943142119375988	13.686825125158702	0	2.0	5.0
539	20.943142119375988	13.686825125158702	0	2.0	5.0
540	20.943142119375988	13.686825125158702	0	2.0	5.0
541	20.943142119375988	13.686825125158702	0	2.0	5.0
542	20.943142119375988	13.686825125158702	0	2.0	5.0
543	20.943142119375988	13.686825125158702	0	2.0	5.0
544	20.943142119375988	13.686825125158702	0	2.0	5.0
545	20.943142119375988	13.686825125158702	0	2.0	5.0
546	20.943142119375988	13.686825125158702	0	2.0	5.0
547	20.943142119375988	13.686825125158702	0	2.0	5.0
548	20.943142119375988	13.686825125158702	0	2.0	5.0
549	20.943142119375988	13.686825125158702	0	2.0	5.0
550	20.943142119375988	13.686825125158702	0	2.0	5.0
551	20.943142119375988	13.686825125158702	0	2.0	5.0
552	20.943142119375988	13.686825125158702	0	2.0	5.0
553	20.943142119375988	13.686825125158702	0	2.0	5.0
554	20.943142119375988	13.686825125158702	0	2.0	5.0
555	20.943142119375988	13.686825125158702	0	2.0	5.0
556	20.943142119375988	13.686825125158702	0	2.0	5.0
557	20.943142119375988	13.686825125158702	0	2.0	5.0
558	20.943142119375988	13.686825125158702	0	2.0	5.0
559	20.943142119375988	13.686825125158702	0	2.0	5.0
560	20.943142119375988	13.686825125158702	0	2.0	5.0
561	20.943142119375988	13.686825125158702	0	2.0	5.0
562	20.943142119375988	13.686825125158702	0	2.0	5.0
563	20.943142119375988	13.686825125158702	0	2.0	5.0
564	20.943142119375988	13.686825125158702	0	2.0	5.0
565	20.943142119375988	13.686825125158702	0	2.0	5.0
566	20.943142119375988	13.686825125158702	0	2.0	5.0
567	20.943142119375988	13.686825125158702	0	2.0	5.0
568	20.943142119375988	13.686825125158702	0	2.0	5.0
569	20.943142119375988	13.686825125158702	0	2.0	5.0
570	20.943142119375988	13.686825125158702	0	2.0	5.0
571	20.943142119375988	13.686825125158702	0	2.0	5.0
572	20.943142119375988	13.686825125158702	0	2.0	5.0
573	20.943142119375988	13.686825125158702	0	2.0	5.0
574	20.943142119375988	13.686825125158702	0	2.0	5.0
575	20.943142119375988	13.686825125158702	0	2.0	5.0
576	20.943142119375988	13.686825125158702	0	2.0	5.0
577	20.943142119375988	13.686825125158702	0	2.0	5.0
578	20.943142119375988	13.686825125158702	0	2.0	5.0
579	20.943142119375988	13.686825125158702	0	2.0	5.0
580	20.943142119375988	13.686825125158702	0	2.0	5.0
581	20.943142119375988	13.686825125158702	0	2.0	5.0
582	20.943142119375988	13.686825125158702	0	2.0	5.0
583	20.943142119375988	13.686825125158702	0	2.0	5.0
584	20.943142119375988	13.686825125158702	0	2.0	5.0
585	20.943142119375988	13.686825125158702	0	2.0	5.0
586	20.943142119375988	13.686825125158702	0	2.0	5.0
587	20.943142119375988	13.686825125158702	0	2.0	5.0
588	20.943142119375988	13.686825125158702	0	2.0	5.0
589	20.943142119375988	13.686825125158702	0	2.0	5.0
590	20.943142119375988	13.686825125158702	0	2.0	5.0
591	20.943142119375988	13.686825125158702	0	2.0	5.0
592	20.943142119375988	13.686825125158702	0	2.0	5.0
593	20.943142119375988	13.686825125158702	0	2.0	5.0
594	20.943142119375988	13.686825125158702	0	2.0	5.0
595	20.943142119375988	13.686825125158702	0	2.0	5.0
596	20.943142119375988	13.686825125158702	0	2.0	5.0
597	20.943142119375988	13.686825125158702	0	2.0	5.0
598	20.943142119375988	13.686825125158702	0	2.0	5.0
599	20.943142119375988	13.686825125158702	0	2.0	5.0
600	20.943142119375988	13.686825125158702	0	2.0	5.0
601	20.943142119375988	13.686825125158702	0	2.0	5.0
602	20.943142119375988	13.686825125158702	0	2.0	5.0
603	20.943142119375988	13.686825125158702	0	2.0	5.0
604	20.943142119375988	13.686825125158702	0	2.0	5.0
605	20.943142119375988	13.686825125158702	0	2.0	5.0
606	20.943142119375988	13.686825125158702	0	2.0	5.0
607	20.943142119375988	13.686825125158702	0	2.0	5.0
608	20.943142119375988	13.686825125158702	0	2.0	5.0
609	20.943142119375988	13.686825125158702	0	2.0	5.0
610	20.943142119375988	13.686825125158702	0	2.0	5.0
611	20.943142119375988	13.686825125158702	0	2.0	5.0
612	20.943142119375988	13.686825125158702	0	2.0	5.0
613	20.943142119375988	13.686825125158702	0	2.0	5.0
614	20.943142119375988	13.686825125158702	0	2.0	5.0
615	20.943142119375988	13.686825125158702	0	2.0	5.0
616	20.943142119375988	13.686825125158702	0	2.0	5.0
617	20.943142119375988	13.686825125158702	0	2.0	5.0
618	20.943142119375988	13.686825125158702	0	2.0	5.0
619	20.943142119375988	13.686825125158702	0	2.0	5.0
620	20.943142119375988	13.686825125158702	0	2.0	5.0
621	20.943142119375988	13.686825125158702	0	2.0	5.0
622	20.943142119375988	13.686825125158702	0	2.0	5.0
623	20.943142119375988	13.686825125158702	0	2.0	5.0
624	20.943142119375988	13.686825125158702	0	2.0	5.0
625	20.943142119375988	13.686825125158702	0	2.0	5.0
626	20.943142119375988	13.686825125158702	0	2.0	5.0
627	20.943142119375988	13.686825125158702	0	2.0	5.0
628	20.943142119375988	13.686825125158702	0	2.0	5.0
629	20.943142119375988	13.686825125158702	0	2.0	5.0
630	20.943142119375988	13.686825125158702	0	2.0	5.0
631	20.943142119375988	13.686825125158702	0	2.0	5.0
632	20.943142119375988	13.686825125158702	0	2.0	5.0
633	20.943142119375988	13.686825125158702	0	2.0	5.0
634	20.943142119375988	13.686825125158702	0	2.0	5.0
635	20.943142119375988	13.686825125158702	0	2.0	5.0
636	20.943142119375988	13.686825125158702	0	2.0	5.0
637	20.943142119375988	13.686825125158702	0	2.0	5.0
638	20.943142119375988	13.686825125158702	0	2.0	5.0
639	20.943142119375988	13.686825125158702	0	2.0	5.0
640	20.943142119375988	13.686825125158702	0	2.0	5.0
641	20.943142119375988	13.686825125158702	0	2.0	5.0
642	20.943142119375988	13.686825125158702	0	2.0	5.0
643	20.943142119375988	13.686825125158702	0	2.0	5.0
644	20.943142119375988	13.686825125158702	0	2.0	5.0
645	20.943142119375988	13.686825125158702	0	2.0	5.0
646	20.943142119375988	13.686825125158702	0	2.0	5.0
647	20.943142119375988	13.686825125158702	0	2.0	5.0
648	20.943142119375988	13.686825125158702	0	2.0	5.0
649	20.943142119375988	13.686825125158702	0	2.0	5.0
650	20.943142119375988	13.686825125158702	0	2.0	5.0
651	20.943142119375988	13.686825125158702	0	2.0	5.0
652	20.943142119375988	13.686825125158702	0	2.0	5.0
653	20.943142119375988	13.686825125158702	0	2.0	5.0
654	20.943142119375988	13.686825125158702	0	2.0	5.0
655	20.943142119375988	13.686825125158702	0	2.0	5.0
656	20.943142119375988	13.686825125158702	0	2.0	5.0
657	20.943142119375988	13.686825125158702	0	2.0	5.0
658	20.943142119375988	13.686825125158702	0	2.0	5.0
659	20.943142119375988	13.686825125158702	0	2.0	5.0
660	20.943142119375988	13.686825125158702	0	2.0	5.0
661	20.943142119375988	13.686825125158702	0	2.0	5.0
662	20.943142119375988	13.686825125158702	0	2.0	5.0
663	20.943142119375988	13.686825125158702	0	2.0	5.0
664	20.943142119375988	13.686825125158702	0	2.0	5.0
665	20.943142119375988	13.686825125158702	0	2.0	5.0
666	20.943142119375988	13.686825125158702	0	2.0	5.0
667	20.943142119375988	13.686825125158702	0	2.0	5.0
668	20.943142119375988	13.686825125158702	0	2.0	5.0
669	20.943142119375988	13.686825125158702	0	2.0	5.0
670	20.943142119375988	13.686825125158702	0	2.0	5.0
671	20.943142119375988	13.686825125158702	0	2.0	5.0
672	20.943142119375988	13.686825125158702	0	2.0	5.0
673	20.943142119375988	13.686825125158702	0	2.0	5.0
674	20.943142119375988	13.686825125158702	0	2.0	5.0
675	20.943142119375988	13.686825125158702	0	2.0	5.0
676	20.943142119375988	13.686825125158702	0	2.0	5.0
677	20.943142119375988	13.686825125158702	0	2.0	5.0
678	20.943142119375988	13.686825125158702	0	2.0	5.0
679	20.943142119375988	13.686825125158702	0	2.0	5.0
680	20.943142119375988	13.686825125158702	0	2.0	5.0
681	20.943142119375988	13.686825125158702	0	2.0	5.0
682	20.943142119375988	13.686825125158702	0	2.0	5.0
683	20.943142119375988	13.686825125158702	0	2.0	5.0
684	20.943142119375988	13.686825125158702	0	2.0	5.0
685	20.943142119375988	13.686825125158702	0	2.0	5.0
686	20.943142119375988	13.686825125158702	0	2.0	5.0
687	20.943142119375988	13.686825125158702	0	2.0	5.0
688	20.943142119375988	13.686825125158702	0	2.0	5.0
689	20.943142119375988	13.686825125158702	0	2.0	5.0
690	20.943142119375988	13.686825125158702	0	2.0	5.0
691	20.943142119375988	13.686825125158702	0	2.0	5.0
692	20.943142119375988	13.686825125158702	0	2.0	5.0
693	20.943142119375988	13.686825125158702	0	2.0	5.0
694	20.943142119375988	13.686825125158702	0	2.0	5.0
695	20.943142119375988	13.686825125158702	0	2.0	5.0
696	20.943142119375988	13.686825125158702	0	2.0	5.0
697	20.943142119375988	13.686825125158702	0	2.0	5.0
698	20.943142119375988	13.686825125158702	0	2.0	5.0
699	20.943142119375988	13.686825125158702	0	2.0	5.0
700	20.943142119375988	13.686825125158702	0	2.0	5.0
701	20.943142119375988	13.686825125158702	0	2.0	5.0
702	20.943142119375988	13.686825125158702	0	2.0	5.0
703	20.943142119375988	13.686825125158702	0	2.0	5.0
704	20.943142119375988	13.686825125158702	0	2.0	5.0
705	20.943142119375988	13.686825125158702	0	2.0	5.0
706	20.943142119375988	13.686825125158702	0	2.0	5.0
707	20.943142119375988	13.686825125158702	0	2.0	5.0
708	20.943142119375988	13.686825125158702	0	2.0	5.0
709	20.943142119375988	13.686825125158702	0	2.0	5.0
710	20.943142119375988	13.686825125158702	0	2.0	5.0
711	20.943142119375988	13.686825125158702	0	2.0	5.0
712	20.943142119375988	13.686825125158702	0	2.0	5.0
713	20.943142119375988	13.686825125158702	0	2.0	5.0
714	20.943142119375988	13.686825125158702	0	2.0	5.0
715	20.943142119375988	13.686825125158702	0	2.0	5.0
716	20.943142119375988	13.686825125158702	0	2.0	5.0
717	20.943142119375988	13.686825125158702	0	2.0	5.0
718	20.943142119375988	13.686825125158702	0	2.0	5.0
719	20.943142119375988	13.686825125158702	0	2.0	5.0
720	20.943142119375988	13.686825125158702	0	2.0	5.0
721	20.943142119375988	13.686825125158702	0	2.0	5.0
722	20.943142119375988	13.686825125158702	0	2.0	5.0
723	20.943142119375988	13.686825125158702	0	2.0	5.0
724	20.943142119375988	13.686825125158702	0	2.0	5.0
725	20.943142119375988	13.686825125158702	0	2.0	5.0
726	20.943142119375988	13.686825125158702	0	2.0	5.0
727	20.943142119375988	13.686825125158702	0	2.0	5.0
728	20.943142119375988	13.686825125158702	0	2.0	5.0
729	20.943142119375988	13.686825125158702	0	2.0	5.0
730	20.943142119375988	13.686825125158702	0	2.0	5.0
731	20.943142119375988	13.686825125158702	0	2.0	5.0
732	20.943142119375988	13.686825125158702	0	2.0	5.0
733	20.943142119375988	13.686825125158702	0	2.0	5.0
734	20.943142119375988	13.686825125158702	0	2.0	5.0
735	20.943142119375988	13.686825125158702	0	2.0	5.0
736	20.943142119375988	13.686825125158702	0	2.0	5.0
737	20.943142119375988	13.686825125158702	0	2.0	5.0
738	20.943142119375988	13.686825125158702	0	2.0	5.0
739	20.943142119375988	13.686825125158702	0	2.0	5.0
740	20.943142119375988	13.686825125158702	0	2.0	5.0
741	20.943142119375988	13.686825125158702	0	2.0	5.0
742	20.943142119375988	13.686825125158702	0	2.0	5.0
743	20.943142119375988	13.686825125158702	0	2.0	5.0
744	20.943142119375988	13.686825125158702	0	2.0	5.0
745	20.943142119375988	13.686825125158702	0	2.0	5.0
746	20.943142119375988	13.686825125158702	0	2.0	5.0
747	20.943142119375988	13.686825125158702	0	2.0	5.0
748	20.943142119375988	13.686825125158702	0	2.0	5.0
749	20.943142119375988	13.686825125158702	0	2.0	5.0
750	20.943142119375988	13.686825125158702	0	2.0	5.0
751	20.943142119375988	13.686825125158702	0	2.0	5.0
752	20.943142119375988	13.686825125158702	0	2.0	5.0
753	20.943142119375988	13.686825125158702	0	2.0	5.0
754	20.943142119375988	13.686825125158702	0	2.0	5.0
755	20.943142119375988	13.686825125158702	0	2.0	5.0
756	20.943142119375988	13.686825125158702	0	2.0	5.0
757	20.943142119375988	13.686825125158702	0	2.0	5.0
758	20.943142119375988	13.686825125158702	0	2.0	5.0
759	20.943142119375988	13.686825125158702	0	2.0	5.0
760	20.943142119375988	13.686825125158702	0	2.0	5.0
761	20.943142119375988	13.686825125158702	0	2.0	5.0
762	20.943142119375988	13.686825125158702	0	2.0	5.0
763	20.943142119375988	13.686825125158702	0	2.0	5.0
764	20.943142119375988	13.686825125158702	0	2.0	5.0
765	20.943142119375988	13.686825125158702	0	2.0	5.0
766	20.943142119375988	13.686825125158702	0	2.0	5.0
767	20.943142119375988	13.686825125158702	0	2.0	5.0
768	20.943142119375988	13.686825125158702	0	2.0	5.0
769	20.943142119375988	13.686825125158702	0	2.0	5.0
770	20.943142119375988	13.686825125158702	0	2.0	5.0
771	20.943142119375988	13.686825125158702	0	2.0	5.0
772	20.943142119375988	13.686825125158702	0	2.0	5.0
773	20.943142119375988	13.686825125158702	0	2.0	5.0
774	20.943142119375988	13.686825125158702	0	2.0	5.0
775	20.943142119375988	13.686825125158702	0	2.0	5.0
776	20.943142119375988	13.686825125158702	0	2.0	5.0
777	20.943142119375988	13.686825125158702	0	2.0	5.0
778	20.943142119375988	13.686825125158702	0	2.0	5.0
779	20.943142119375988	13.686825125158702	0	2.0	5.0
780	20.943142119375988	13.686825125158702	0	2.0	5.0
781	20.943142119375988	13.686825125158702	0	2.0	5.0
782	20.943142119375988	13.686825125158702	0	2.0	5.0
783	20.943142119375988	13.686825125158702	0	2.0	5.0
784	20.943142119375988	13.686825125158702	0	2.0	5.0
785	20.943142119375988	13.686825125158702	0	2.0	5.0
786	20.943142119375988	13.686825125158702	0	2.0	5.0
787	20.943142119375988	13.686825125158702	0	2.0	5.0
788	20.943142119375988	13.686825125158702	0	2.0	5.0
789	20.943142119375988	13.686825125158702	0	2.0	5.0
790	20.943142119375988	13.686825125158702	0	2.0	5.0
791	20.943142119375988	13.686825125158702	0	2.0	5.0
792	20.943142119375988	13.686825125158702	0	2.0	5.0
793	20.943142119375988	13.686825125158702	0	2.0	5.0
794	20.943142119375988	13.686825125158702	0	2.0	5.0
795	20.943142119375988	13.686825125158702	0	2.0	5.0
796	20.943142119375988	13.686825125158702	0	2.0	5.0
797	20.943142119375988	13.686825125158702	0	2.0	5.0
798	20.943142119375988	13.686825125158702	0	2.0	5.0
799	20.943142119375988	13.686825125158702	0	2.0	5.0
800	20.943142119375988	13.686825125158702	0	2.0	5.0
801	20.943142119375988	13.686825125158702	0	2.0	5.0
802	20.943142119375988	13.686825125158702	0	2.0	5.0
803	20.943142119375988	13.686825125158702	0	2.0	5.0
804	20.943142119375988	13.686825125158702	0	2.0	5.0
805	20.943142119375988	13.686825125158702	0	2.0	5.0
806	20.943142119375988	13.686825125158702	0	2.0	5.0
807	20.943142119375988	13.686825125158702	0	2.0	5.0
808	20.943142119375988	13.686825125158702	0	2.0	5.0
809	20.943142119375988	13.686825125158702	0	2.0	5.0
810	20.943142119375988	13.686825125158702	0	2.0	5.0
