TS	X	Y	Direction	Line_Man	Column_Man
0	28.095727492025127	14.121747499113903	1	3	8
1	28.095727492025127	14.121747499113903	1	3.0	8.0
2	28.095727492025127	14.121747499113903	1	3.0	8.0
3	28.095727492025127	14.121747499113903	1	3.0	8.0
4	28.095727492025127	14.121747499113903	1	3.0	8.0
5	28.095727492025127	14.121747499113903	1	3.0	8.0
6	28.095727492025127	14.121747499113903	1	3.0	8.0
7	28.095727492025127	14.121747499113903	1	3.0	8.0
8	28.095727492025127	14.121747499113903	1	3.0	8.0
9	28.095727492025127	14.121747499113903	1	3.0	8.0
10	28.095727492025127	14.121747499113903	1	3.0	8.0
11	28.095727492025127	14.121747499113903	1	3.0	8.0
12	28.095727492025127	14.121747499113903	1	3.0	8.0
13	28.095727492025127	14.121747499113903	1	3.0	8.0
14	28.095727492025127	14.121747499113903	1	3.0	8.0
15	28.095727492025127	14.121747499113903	1	3.0	8.0
16	28.095727492025127	14.121747499113903	1	3.0	8.0
17	28.095727492025127	14.121747499113903	1	3.0	8.0
18	28.095727492025127	14.121747499113903	1	3.0	8.0
19	28.095727492025127	14.121747499113903	1	3.0	8.0
20	28.095727492025127	14.121747499113903	1	3.0	8.0
21	28.095727492025127	14.121747499113903	1	3.0	8.0
22	28.095727492025127	14.121747499113903	1	3.0	8.0
23	28.095727492025127	14.121747499113903	1	3.0	8.0
24	28.095727492025127	14.121747499113903	1	3.0	8.0
25	28.095727492025127	14.121747499113903	1	3.0	8.0
26	28.095727492025127	14.121747499113903	1	3.0	8.0
27	28.095727492025127	14.121747499113903	1	3.0	8.0
28	28.095727492025127	14.121747499113903	1	3.0	8.0
29	28.095727492025127	14.121747499113903	1	3.0	8.0
30	28.095727492025127	14.121747499113903	1	3.0	8.0
31	28.095727492025127	14.121747499113903	1	3.0	8.0
32	28.095727492025127	14.121747499113903	1	3.0	8.0
33	28.095727492025127	14.121747499113903	1	3.0	8.0
34	28.095727492025127	14.121747499113903	1	3.0	8.0
35	28.095727492025127	14.121747499113903	1	3.0	8.0
36	28.095727492025127	14.121747499113903	1	3.0	8.0
37	28.095727492025127	14.121747499113903	1	3.0	8.0
38	28.095727492025127	14.121747499113903	1	3.0	8.0
39	28.095727492025127	14.121747499113903	1	3.0	8.0
40	28.095727492025127	14.121747499113903	1	3.0	8.0
41	28.095727492025127	14.121747499113903	1	3.0	8.0
42	28.095727492025127	14.121747499113903	1	3.0	8.0
43	28.095727492025127	14.121747499113903	1	3.0	8.0
44	28.095727492025127	14.121747499113903	1	3.0	8.0
45	28.095727492025127	14.121747499113903	1	3.0	8.0
46	28.095727492025127	14.121747499113903	1	3.0	8.0
47	28.095727492025127	14.121747499113903	1	3.0	8.0
48	28.095727492025127	14.121747499113903	1	3.0	8.0
49	28.095727492025127	14.121747499113903	1	3.0	8.0
50	28.095727492025127	14.121747499113903	1	3.0	8.0
51	28.095727492025127	14.121747499113903	1	3.0	8.0
52	28.095727492025127	14.121747499113903	1	3.0	8.0
53	28.095727492025127	14.121747499113903	1	3.0	8.0
54	28.095727492025127	14.121747499113903	1	3.0	8.0
55	28.095727492025127	14.121747499113903	1	3.0	8.0
56	28.095727492025127	14.121747499113903	1	3.0	8.0
57	28.095727492025127	14.121747499113903	1	3.0	8.0
58	28.095727492025127	14.121747499113903	1	3.0	8.0
59	28.095727492025127	14.121747499113903	1	3.0	8.0
60	28.095727492025127	14.121747499113903	1	3.0	8.0
61	28.095727492025127	14.121747499113903	1	3.0	8.0
62	28.095727492025127	14.121747499113903	1	3.0	8.0
63	28.095727492025127	14.121747499113903	1	3.0	8.0
64	28.095727492025127	14.121747499113903	1	3.0	8.0
65	28.095727492025127	14.121747499113903	1	3.0	8.0
66	28.095727492025127	14.121747499113903	1	3.0	8.0
67	28.095727492025127	14.121747499113903	1	3.0	8.0
68	28.095727492025127	14.121747499113903	1	3.0	8.0
69	28.095727492025127	14.121747499113903	1	3.0	8.0
70	28.095727492025127	14.121747499113903	1	3.0	8.0
71	28.095727492025127	14.121747499113903	1	3.0	8.0
72	28.095727492025127	14.121747499113903	1	3.0	8.0
73	28.095727492025127	14.121747499113903	1	3.0	8.0
74	28.095727492025127	14.121747499113903	1	3.0	8.0
75	28.095727492025127	14.121747499113903	1	3.0	8.0
76	28.095727492025127	14.121747499113903	1	3.0	8.0
77	28.095727492025127	14.121747499113903	1	3.0	8.0
78	28.095727492025127	14.121747499113903	1	3.0	8.0
79	28.095727492025127	14.121747499113903	1	3.0	8.0
80	28.095727492025127	14.121747499113903	1	3.0	8.0
81	28.095727492025127	14.121747499113903	1	3.0	8.0
82	28.095727492025127	14.121747499113903	1	3.0	8.0
83	28.095727492025127	14.121747499113903	1	3.0	8.0
84	28.095727492025127	14.121747499113903	1	3.0	8.0
85	28.095727492025127	14.121747499113903	1	3.0	8.0
86	28.095727492025127	14.121747499113903	1	3.0	8.0
87	28.095727492025127	14.121747499113903	1	3.0	8.0
88	28.095727492025127	14.121747499113903	1	3.0	8.0
89	28.095727492025127	14.121747499113903	1	3.0	8.0
90	28.095727492025127	14.121747499113903	1	3.0	8.0
91	28.095727492025127	14.121747499113903	1	3.0	8.0
92	28.095727492025127	14.121747499113903	1	3.0	8.0
93	28.095727492025127	14.121747499113903	1	3.0	8.0
94	28.095727492025127	14.121747499113903	1	3.0	8.0
95	28.095727492025127	14.121747499113903	1	3.0	8.0
96	28.095727492025127	14.121747499113903	1	3.0	8.0
97	28.095727492025127	14.121747499113903	1	3.0	8.0
98	28.095727492025127	14.121747499113903	1	3.0	8.0
99	28.095727492025127	14.121747499113903	1	3.0	8.0
100	28.095727492025127	14.121747499113903	1	3.0	8.0
101	28.095727492025127	14.121747499113903	1	3.0	8.0
102	28.095727492025127	14.121747499113903	1	3.0	8.0
103	28.095727492025127	14.121747499113903	1	3.0	8.0
104	28.095727492025127	14.121747499113903	1	3.0	8.0
105	28.095727492025127	14.121747499113903	1	3.0	8.0
106	28.095727492025127	14.121747499113903	1	3.0	8.0
107	28.095727492025127	14.121747499113903	1	3.0	8.0
108	28.095727492025127	14.121747499113903	1	3.0	8.0
109	28.095727492025127	14.121747499113903	1	3.0	8.0
110	28.095727492025127	14.121747499113903	1	3.0	8.0
111	28.095727492025127	14.121747499113903	1	3.0	8.0
112	28.095727492025127	14.121747499113903	1	3.0	8.0
113	28.095727492025127	14.121747499113903	1	3.0	8.0
114	28.095727492025127	14.121747499113903	1	3.0	8.0
115	28.095727492025127	14.121747499113903	1	3.0	8.0
116	28.095727492025127	14.121747499113903	1	3.0	8.0
117	28.095727492025127	14.121747499113903	1	3.0	8.0
118	28.095727492025127	14.121747499113903	1	3.0	8.0
119	28.095727492025127	14.121747499113903	1	3.0	8.0
120	28.095727492025127	14.121747499113903	1	3.0	8.0
121	28.095727492025127	14.121747499113903	1	3.0	8.0
122	28.095727492025127	14.121747499113903	1	3.0	8.0
123	28.095727492025127	14.121747499113903	1	3.0	8.0
124	28.095727492025127	14.121747499113903	1	3.0	8.0
125	28.095727492025127	14.121747499113903	1	3.0	8.0
126	28.095727492025127	14.121747499113903	1	3.0	8.0
127	28.095727492025127	14.121747499113903	1	3.0	8.0
128	28.095727492025127	14.121747499113903	1	3.0	8.0
129	28.095727492025127	14.121747499113903	1	3.0	8.0
130	28.095727492025127	14.121747499113903	1	3.0	8.0
131	28.095727492025127	14.121747499113903	1	3.0	8.0
132	28.095727492025127	14.121747499113903	1	3.0	8.0
133	28.095727492025127	14.121747499113903	1	3.0	8.0
134	28.095727492025127	14.121747499113903	1	3.0	8.0
135	28.095727492025127	14.121747499113903	1	3.0	8.0
136	28.095727492025127	14.121747499113903	1	3.0	8.0
137	28.095727492025127	14.121747499113903	1	3.0	8.0
138	28.095727492025127	14.121747499113903	1	3.0	8.0
139	28.095727492025127	14.121747499113903	1	3.0	8.0
140	28.095727492025127	14.121747499113903	1	3.0	8.0
141	28.095727492025127	14.121747499113903	1	3.0	8.0
142	28.095727492025127	14.121747499113903	1	3.0	8.0
143	28.095727492025127	14.121747499113903	1	3.0	8.0
144	28.095727492025127	14.121747499113903	1	3.0	8.0
145	28.095727492025127	14.121747499113903	1	3.0	8.0
146	28.095727492025127	14.121747499113903	1	3.0	8.0
147	28.095727492025127	14.121747499113903	1	3.0	8.0
148	28.095727492025127	14.121747499113903	1	3.0	8.0
149	28.095727492025127	14.121747499113903	1	3.0	8.0
150	28.095727492025127	14.121747499113903	1	3.0	8.0
151	28.095727492025127	14.121747499113903	1	3.0	8.0
152	28.095727492025127	14.121747499113903	1	3.0	8.0
153	28.095727492025127	14.121747499113903	1	3.0	8.0
154	28.095727492025127	14.121747499113903	1	3.0	8.0
155	28.095727492025127	14.121747499113903	1	3.0	8.0
156	28.095727492025127	14.121747499113903	1	3.0	8.0
157	28.095727492025127	14.121747499113903	1	3.0	8.0
158	28.095727492025127	14.121747499113903	1	3.0	8.0
159	28.095727492025127	14.121747499113903	1	3.0	8.0
160	28.095727492025127	14.121747499113903	1	3.0	8.0
161	28.095727492025127	14.121747499113903	1	3.0	8.0
162	28.095727492025127	14.121747499113903	1	3.0	8.0
163	28.095727492025127	14.121747499113903	1	3.0	8.0
164	28.095727492025127	14.121747499113903	1	3.0	8.0
165	28.095727492025127	14.121747499113903	1	3.0	8.0
166	28.095727492025127	14.121747499113903	1	3.0	8.0
167	28.095727492025127	14.121747499113903	1	3.0	8.0
168	28.095727492025127	14.121747499113903	1	3.0	8.0
169	28.095727492025127	14.121747499113903	1	3.0	8.0
170	28.095727492025127	14.121747499113903	1	3.0	8.0
171	28.095727492025127	14.121747499113903	1	3.0	8.0
172	28.095727492025127	14.121747499113903	1	3.0	8.0
173	28.095727492025127	14.121747499113903	1	3.0	8.0
174	28.095727492025127	14.121747499113903	1	3.0	8.0
175	28.095727492025127	14.121747499113903	1	3.0	8.0
176	28.095727492025127	14.121747499113903	1	3.0	8.0
177	28.095727492025127	14.121747499113903	1	3.0	8.0
178	28.095727492025127	14.121747499113903	1	3.0	8.0
179	28.095727492025127	14.121747499113903	1	3.0	8.0
180	28.095727492025127	14.121747499113903	1	3.0	8.0
181	28.095727492025127	14.121747499113903	1	3.0	8.0
182	28.095727492025127	14.121747499113903	1	3.0	8.0
183	28.095727492025127	14.121747499113903	1	3.0	8.0
184	28.095727492025127	14.121747499113903	1	3.0	8.0
185	28.095727492025127	14.121747499113903	1	3.0	8.0
186	28.095727492025127	14.121747499113903	1	3.0	8.0
187	28.095727492025127	14.121747499113903	1	3.0	8.0
188	28.095727492025127	14.121747499113903	1	3.0	8.0
189	28.095727492025127	14.121747499113903	1	3.0	8.0
190	28.095727492025127	14.121747499113903	1	3.0	8.0
191	28.095727492025127	14.121747499113903	1	3.0	8.0
192	28.095727492025127	14.121747499113903	1	3.0	8.0
193	28.095727492025127	14.121747499113903	1	3.0	8.0
194	28.095727492025127	14.121747499113903	1	3.0	8.0
195	28.095727492025127	14.121747499113903	1	3.0	8.0
196	28.095727492025127	14.121747499113903	1	3.0	8.0
197	28.095727492025127	14.121747499113903	1	3.0	8.0
198	28.095727492025127	14.121747499113903	1	3.0	8.0
199	28.095727492025127	14.121747499113903	1	3.0	8.0
200	28.095727492025127	14.121747499113903	1	3.0	8.0
201	28.095727492025127	14.121747499113903	1	3.0	8.0
202	28.095727492025127	14.121747499113903	1	3.0	8.0
203	28.095727492025127	14.121747499113903	1	3.0	8.0
204	28.095727492025127	14.121747499113903	1	3.0	8.0
205	28.095727492025127	14.121747499113903	1	3.0	8.0
206	28.095727492025127	14.121747499113903	1	3.0	8.0
207	28.095727492025127	14.121747499113903	1	3.0	8.0
208	28.095727492025127	14.121747499113903	1	3.0	8.0
209	28.095727492025127	14.121747499113903	1	3.0	8.0
210	28.095727492025127	14.121747499113903	1	3.0	8.0
211	28.095727492025127	14.121747499113903	1	3.0	8.0
212	28.095727492025127	14.121747499113903	1	3.0	8.0
213	28.095727492025127	14.121747499113903	1	3.0	8.0
214	28.095727492025127	14.121747499113903	1	3.0	8.0
215	28.095727492025127	14.121747499113903	1	3.0	8.0
216	28.095727492025127	14.121747499113903	1	3.0	8.0
217	28.095727492025127	14.121747499113903	1	3.0	8.0
218	28.095727492025127	14.121747499113903	1	3.0	8.0
219	28.095727492025127	14.121747499113903	1	3.0	8.0
220	28.095727492025127	14.121747499113903	1	3.0	8.0
221	28.095727492025127	14.121747499113903	1	3.0	8.0
222	28.095727492025127	14.121747499113903	1	3.0	8.0
223	28.095727492025127	14.121747499113903	1	3.0	8.0
224	28.095727492025127	14.121747499113903	1	3.0	8.0
225	28.095727492025127	14.121747499113903	1	3.0	8.0
226	28.095727492025127	14.121747499113903	1	3.0	8.0
227	28.095727492025127	14.121747499113903	1	3.0	8.0
228	28.095727492025127	14.121747499113903	1	3.0	8.0
229	28.095727492025127	14.121747499113903	1	3.0	8.0
230	28.095727492025127	14.121747499113903	1	3.0	8.0
231	28.095727492025127	14.121747499113903	1	3.0	8.0
232	28.095727492025127	14.121747499113903	1	3.0	8.0
233	28.095727492025127	14.121747499113903	1	3.0	8.0
234	28.095727492025127	14.121747499113903	1	3.0	8.0
235	28.095727492025127	14.121747499113903	1	3.0	8.0
236	28.095727492025127	14.121747499113903	1	3.0	8.0
237	28.095727492025127	14.121747499113903	1	3.0	8.0
238	28.095727492025127	14.121747499113903	1	3.0	8.0
239	28.095727492025127	14.121747499113903	1	3.0	8.0
240	28.095727492025127	14.121747499113903	1	3.0	8.0
241	28.095727492025127	14.121747499113903	1	3.0	8.0
242	28.095727492025127	14.121747499113903	1	3.0	8.0
243	28.095727492025127	14.121747499113903	1	3.0	8.0
244	28.095727492025127	14.121747499113903	1	3.0	8.0
245	28.095727492025127	14.121747499113903	1	3.0	8.0
246	28.095727492025127	14.121747499113903	1	3.0	8.0
247	28.095727492025127	14.121747499113903	1	3.0	8.0
248	28.095727492025127	14.121747499113903	1	3.0	8.0
249	28.095727492025127	14.121747499113903	1	3.0	8.0
250	28.095727492025127	14.121747499113903	1	3.0	8.0
251	28.095727492025127	14.121747499113903	1	3.0	8.0
252	28.095727492025127	14.121747499113903	1	3.0	8.0
253	28.095727492025127	14.121747499113903	1	3.0	8.0
254	28.095727492025127	14.121747499113903	1	3.0	8.0
255	28.095727492025127	14.121747499113903	1	3.0	8.0
256	28.095727492025127	14.121747499113903	1	3.0	8.0
257	28.095727492025127	14.121747499113903	1	3.0	8.0
258	28.095727492025127	14.121747499113903	1	3.0	8.0
259	28.095727492025127	14.121747499113903	1	3.0	8.0
260	28.095727492025127	14.121747499113903	1	3.0	8.0
261	28.095727492025127	14.121747499113903	1	3.0	8.0
262	28.095727492025127	14.121747499113903	1	3.0	8.0
263	28.095727492025127	14.121747499113903	1	3.0	8.0
264	28.095727492025127	14.121747499113903	1	3.0	8.0
265	28.095727492025127	14.121747499113903	1	3.0	8.0
266	28.095727492025127	14.121747499113903	1	3.0	8.0
267	28.095727492025127	14.121747499113903	1	3.0	8.0
268	28.095727492025127	14.121747499113903	1	3.0	8.0
269	28.095727492025127	14.121747499113903	1	3.0	8.0
270	28.095727492025127	14.121747499113903	1	3.0	8.0
271	28.095727492025127	14.121747499113903	1	3.0	8.0
272	28.095727492025127	14.121747499113903	1	3.0	8.0
273	28.095727492025127	14.121747499113903	1	3.0	8.0
274	28.095727492025127	14.121747499113903	1	3.0	8.0
275	28.095727492025127	14.121747499113903	1	3.0	8.0
276	28.095727492025127	14.121747499113903	1	3.0	8.0
277	28.095727492025127	14.121747499113903	1	3.0	8.0
278	28.095727492025127	14.121747499113903	1	3.0	8.0
279	28.095727492025127	14.121747499113903	1	3.0	8.0
280	28.095727492025127	14.121747499113903	1	3.0	8.0
281	28.095727492025127	14.121747499113903	1	3.0	8.0
282	28.095727492025127	14.121747499113903	1	3.0	8.0
283	28.095727492025127	14.121747499113903	1	3.0	8.0
284	28.095727492025127	14.121747499113903	1	3.0	8.0
285	28.095727492025127	14.121747499113903	1	3.0	8.0
286	28.095727492025127	14.121747499113903	1	3.0	8.0
287	28.095727492025127	14.121747499113903	1	3.0	8.0
288	28.095727492025127	14.121747499113903	1	3.0	8.0
289	28.095727492025127	14.121747499113903	1	3.0	8.0
290	28.095727492025127	14.121747499113903	1	3.0	8.0
291	28.095727492025127	14.121747499113903	1	3.0	8.0
292	28.095727492025127	14.121747499113903	1	3.0	8.0
293	28.095727492025127	14.121747499113903	1	3.0	8.0
294	28.095727492025127	14.121747499113903	1	3.0	8.0
295	28.095727492025127	14.121747499113903	1	3.0	8.0
296	28.095727492025127	14.121747499113903	1	3.0	8.0
297	28.095727492025127	14.121747499113903	1	3.0	8.0
298	28.095727492025127	14.121747499113903	1	3.0	8.0
299	28.095727492025127	14.121747499113903	1	3.0	8.0
300	28.095727492025127	14.121747499113903	1	3.0	8.0
301	28.095727492025127	14.121747499113903	1	3.0	8.0
302	28.095727492025127	14.121747499113903	1	3.0	8.0
303	28.095727492025127	14.121747499113903	1	3.0	8.0
304	28.095727492025127	14.121747499113903	1	3.0	8.0
305	28.095727492025127	14.121747499113903	1	3.0	8.0
306	28.095727492025127	14.121747499113903	1	3.0	8.0
307	28.095727492025127	14.121747499113903	1	3.0	8.0
308	28.095727492025127	14.121747499113903	1	3.0	8.0
309	28.095727492025127	14.121747499113903	1	3.0	8.0
310	28.095727492025127	14.121747499113903	1	3.0	8.0
311	28.095727492025127	14.121747499113903	1	3.0	8.0
312	28.095727492025127	14.121747499113903	1	3.0	8.0
313	28.095727492025127	14.121747499113903	1	3.0	8.0
314	28.095727492025127	14.121747499113903	1	3.0	8.0
315	28.095727492025127	14.121747499113903	1	3.0	8.0
316	28.095727492025127	14.121747499113903	1	3.0	8.0
317	28.095727492025127	14.121747499113903	1	3.0	8.0
318	28.095727492025127	14.121747499113903	1	3.0	8.0
319	28.095727492025127	14.121747499113903	1	3.0	8.0
320	28.095727492025127	14.121747499113903	1	3.0	8.0
321	28.095727492025127	14.121747499113903	1	3.0	8.0
322	28.095727492025127	14.121747499113903	1	3.0	8.0
323	28.095727492025127	14.121747499113903	1	3.0	8.0
324	28.095727492025127	14.121747499113903	1	3.0	8.0
325	28.095727492025127	14.121747499113903	1	3.0	8.0
326	28.095727492025127	14.121747499113903	1	3.0	8.0
327	28.095727492025127	14.121747499113903	1	3.0	8.0
328	28.095727492025127	14.121747499113903	1	3.0	8.0
329	28.095727492025127	14.121747499113903	1	3.0	8.0
330	28.095727492025127	14.121747499113903	1	3.0	8.0
331	28.095727492025127	14.121747499113903	1	3.0	8.0
332	28.095727492025127	14.121747499113903	1	3.0	8.0
333	28.095727492025127	14.121747499113903	1	3.0	8.0
334	28.095727492025127	14.121747499113903	1	3.0	8.0
335	28.095727492025127	14.121747499113903	1	3.0	8.0
336	28.095727492025127	14.121747499113903	1	3.0	8.0
337	28.095727492025127	14.121747499113903	1	3.0	8.0
338	28.095727492025127	14.121747499113903	1	3.0	8.0
339	28.095727492025127	14.121747499113903	1	3.0	8.0
340	28.095727492025127	14.121747499113903	1	3.0	8.0
341	28.095727492025127	14.121747499113903	1	3.0	8.0
342	28.095727492025127	14.121747499113903	1	3.0	8.0
343	28.095727492025127	14.121747499113903	1	3.0	8.0
344	28.095727492025127	14.121747499113903	1	3.0	8.0
345	28.095727492025127	14.121747499113903	1	3.0	8.0
346	28.095727492025127	14.121747499113903	1	3.0	8.0
347	28.095727492025127	14.121747499113903	1	3.0	8.0
348	28.095727492025127	14.121747499113903	1	3.0	8.0
349	28.095727492025127	14.121747499113903	1	3.0	8.0
350	28.095727492025127	14.121747499113903	1	3.0	8.0
351	28.095727492025127	14.121747499113903	1	3.0	8.0
352	28.095727492025127	14.121747499113903	1	3.0	8.0
353	28.095727492025127	14.121747499113903	1	3.0	8.0
354	28.095727492025127	14.121747499113903	1	3.0	8.0
355	28.095727492025127	14.121747499113903	1	3.0	8.0
356	28.095727492025127	14.121747499113903	1	3.0	8.0
357	28.095727492025127	14.121747499113903	1	3.0	8.0
358	28.095727492025127	14.121747499113903	1	3.0	8.0
359	28.095727492025127	14.121747499113903	1	3.0	8.0
360	28.095727492025127	14.121747499113903	1	3.0	8.0
361	28.095727492025127	14.121747499113903	1	3.0	8.0
362	28.095727492025127	14.121747499113903	1	3.0	8.0
363	28.095727492025127	14.121747499113903	1	3.0	8.0
364	28.095727492025127	14.121747499113903	1	3.0	8.0
365	28.095727492025127	14.121747499113903	1	3.0	8.0
366	28.095727492025127	14.121747499113903	1	3.0	8.0
367	28.095727492025127	14.121747499113903	1	3.0	8.0
368	28.095727492025127	14.121747499113903	1	3.0	8.0
369	28.095727492025127	14.121747499113903	1	3.0	8.0
370	28.095727492025127	14.121747499113903	1	3.0	8.0
371	28.095727492025127	14.121747499113903	1	3.0	8.0
372	28.095727492025127	14.121747499113903	1	3.0	8.0
373	28.095727492025127	14.121747499113903	1	3.0	8.0
374	28.095727492025127	14.121747499113903	1	3.0	8.0
375	28.095727492025127	14.121747499113903	1	3.0	8.0
376	28.095727492025127	14.121747499113903	1	3.0	8.0
377	28.095727492025127	14.121747499113903	1	3.0	8.0
378	28.095727492025127	14.121747499113903	1	3.0	8.0
379	28.095727492025127	14.121747499113903	1	3.0	8.0
380	28.095727492025127	14.121747499113903	1	3.0	8.0
381	28.095727492025127	14.121747499113903	1	3.0	8.0
382	28.095727492025127	14.121747499113903	1	3.0	8.0
383	28.095727492025127	14.121747499113903	1	3.0	8.0
384	28.095727492025127	14.121747499113903	1	3.0	8.0
385	28.095727492025127	14.121747499113903	1	3.0	8.0
386	28.095727492025127	14.121747499113903	1	3.0	8.0
387	28.095727492025127	14.121747499113903	1	3.0	8.0
388	28.095727492025127	14.121747499113903	1	3.0	8.0
389	28.095727492025127	14.121747499113903	1	3.0	8.0
390	28.095727492025127	14.121747499113903	1	3.0	8.0
391	28.095727492025127	14.121747499113903	1	3.0	8.0
392	28.095727492025127	14.121747499113903	1	3.0	8.0
393	28.095727492025127	14.121747499113903	1	3.0	8.0
394	28.095727492025127	14.121747499113903	1	3.0	8.0
395	28.095727492025127	14.121747499113903	1	3.0	8.0
396	28.095727492025127	14.121747499113903	1	3.0	8.0
397	28.095727492025127	14.121747499113903	1	3.0	8.0
398	28.095727492025127	14.121747499113903	1	3.0	8.0
399	28.095727492025127	14.121747499113903	1	3.0	8.0
400	28.095727492025127	14.121747499113903	1	3.0	8.0
401	28.095727492025127	14.121747499113903	1	3.0	8.0
402	28.095727492025127	14.121747499113903	1	3.0	8.0
403	28.095727492025127	14.121747499113903	1	3.0	8.0
404	28.095727492025127	14.121747499113903	1	3.0	8.0
405	28.095727492025127	14.121747499113903	1	3.0	8.0
406	28.095727492025127	14.121747499113903	1	3.0	8.0
407	28.095727492025127	14.121747499113903	1	3.0	8.0
408	28.095727492025127	14.121747499113903	1	3.0	8.0
409	28.095727492025127	14.121747499113903	1	3.0	8.0
410	28.095727492025127	14.121747499113903	1	3.0	8.0
411	28.095727492025127	14.121747499113903	1	3.0	8.0
412	28.095727492025127	14.121747499113903	1	3.0	8.0
413	28.095727492025127	14.121747499113903	1	3.0	8.0
414	28.095727492025127	14.121747499113903	1	3.0	8.0
415	28.095727492025127	14.121747499113903	1	3.0	8.0
416	28.095727492025127	14.121747499113903	1	3.0	8.0
417	28.095727492025127	14.121747499113903	1	3.0	8.0
418	28.095727492025127	14.121747499113903	1	3.0	8.0
419	28.095727492025127	14.121747499113903	1	3.0	8.0
420	28.095727492025127	14.121747499113903	1	3.0	8.0
421	28.095727492025127	14.121747499113903	1	3.0	8.0
422	28.095727492025127	14.121747499113903	1	3.0	8.0
423	28.095727492025127	14.121747499113903	1	3.0	8.0
424	28.095727492025127	14.121747499113903	1	3.0	8.0
425	28.095727492025127	14.121747499113903	1	3.0	8.0
426	28.095727492025127	14.121747499113903	1	3.0	8.0
427	28.095727492025127	14.121747499113903	1	3.0	8.0
428	28.095727492025127	14.121747499113903	1	3.0	8.0
429	28.095727492025127	14.121747499113903	1	3.0	8.0
430	28.095727492025127	14.121747499113903	1	3.0	8.0
431	28.095727492025127	14.121747499113903	1	3.0	8.0
432	28.095727492025127	14.121747499113903	1	3.0	8.0
433	28.095727492025127	14.121747499113903	1	3.0	8.0
434	28.095727492025127	14.121747499113903	1	3.0	8.0
435	28.095727492025127	14.121747499113903	1	3.0	8.0
436	28.095727492025127	14.121747499113903	1	3.0	8.0
437	28.095727492025127	14.121747499113903	1	3.0	8.0
438	28.095727492025127	14.121747499113903	1	3.0	8.0
439	28.095727492025127	14.121747499113903	1	3.0	8.0
440	28.095727492025127	14.121747499113903	1	3.0	8.0
441	28.095727492025127	14.121747499113903	1	3.0	8.0
442	28.095727492025127	14.121747499113903	1	3.0	8.0
443	28.095727492025127	14.121747499113903	1	3.0	8.0
444	28.095727492025127	14.121747499113903	1	3.0	8.0
445	28.095727492025127	14.121747499113903	1	3.0	8.0
446	28.095727492025127	14.121747499113903	1	3.0	8.0
447	28.095727492025127	14.121747499113903	1	3.0	8.0
448	28.095727492025127	14.121747499113903	1	3.0	8.0
449	28.095727492025127	14.121747499113903	1	3.0	8.0
450	28.095727492025127	14.121747499113903	1	3.0	8.0
451	28.095727492025127	14.121747499113903	1	3.0	8.0
452	28.095727492025127	14.121747499113903	1	3.0	8.0
453	28.095727492025127	14.121747499113903	1	3.0	8.0
454	28.095727492025127	14.121747499113903	1	3.0	8.0
455	28.095727492025127	14.121747499113903	1	3.0	8.0
456	28.095727492025127	14.121747499113903	1	3.0	8.0
457	28.095727492025127	14.121747499113903	1	3.0	8.0
458	28.095727492025127	14.121747499113903	1	3.0	8.0
459	28.095727492025127	14.121747499113903	1	3.0	8.0
460	28.095727492025127	14.121747499113903	1	3.0	8.0
461	28.095727492025127	14.121747499113903	1	3.0	8.0
462	28.095727492025127	14.121747499113903	1	3.0	8.0
463	28.095727492025127	14.121747499113903	1	3.0	8.0
464	28.095727492025127	14.121747499113903	1	3.0	8.0
465	28.095727492025127	14.121747499113903	1	3.0	8.0
466	28.095727492025127	14.121747499113903	1	3.0	8.0
467	28.095727492025127	14.121747499113903	1	3.0	8.0
468	28.095727492025127	14.121747499113903	1	3.0	8.0
469	28.095727492025127	14.121747499113903	1	3.0	8.0
470	28.095727492025127	14.121747499113903	1	3.0	8.0
471	28.095727492025127	14.121747499113903	1	3.0	8.0
472	28.095727492025127	14.121747499113903	1	3.0	8.0
473	28.095727492025127	14.121747499113903	1	3.0	8.0
474	28.095727492025127	14.121747499113903	1	3.0	8.0
475	28.095727492025127	14.121747499113903	1	3.0	8.0
476	28.095727492025127	14.121747499113903	1	3.0	8.0
477	28.095727492025127	14.121747499113903	1	3.0	8.0
478	28.095727492025127	14.121747499113903	1	3.0	8.0
479	28.095727492025127	14.121747499113903	1	3.0	8.0
480	28.095727492025127	14.121747499113903	1	3.0	8.0
481	28.095727492025127	14.121747499113903	1	3.0	8.0
482	28.095727492025127	14.121747499113903	1	3.0	8.0
483	28.095727492025127	14.121747499113903	1	3.0	8.0
484	28.095727492025127	14.121747499113903	1	3.0	8.0
485	28.095727492025127	14.121747499113903	1	3.0	8.0
486	28.095727492025127	14.121747499113903	1	3.0	8.0
487	28.095727492025127	14.121747499113903	1	3.0	8.0
488	28.095727492025127	14.121747499113903	1	3.0	8.0
489	28.095727492025127	14.121747499113903	1	3.0	8.0
490	28.095727492025127	14.121747499113903	1	3.0	8.0
491	28.095727492025127	14.121747499113903	1	3.0	8.0
492	28.095727492025127	14.121747499113903	1	3.0	8.0
493	28.095727492025127	14.121747499113903	1	3.0	8.0
494	28.095727492025127	14.121747499113903	1	3.0	8.0
495	28.095727492025127	14.121747499113903	1	3.0	8.0
496	28.095727492025127	14.121747499113903	1	3.0	8.0
497	28.095727492025127	14.121747499113903	1	3.0	8.0
498	28.095727492025127	14.121747499113903	1	3.0	8.0
499	28.095727492025127	14.121747499113903	1	3.0	8.0
500	28.095727492025127	14.121747499113903	1	3.0	8.0
501	28.095727492025127	14.121747499113903	1	3.0	8.0
502	28.095727492025127	14.121747499113903	1	3.0	8.0
503	28.095727492025127	14.121747499113903	1	3.0	8.0
504	28.095727492025127	14.121747499113903	1	3.0	8.0
505	28.095727492025127	14.121747499113903	1	3.0	8.0
506	28.095727492025127	14.121747499113903	1	3.0	8.0
507	28.095727492025127	14.121747499113903	1	3.0	8.0
508	28.095727492025127	14.121747499113903	1	3.0	8.0
509	28.095727492025127	14.121747499113903	1	3.0	8.0
510	28.095727492025127	14.121747499113903	1	3.0	8.0
511	28.095727492025127	14.121747499113903	1	3.0	8.0
512	28.095727492025127	14.121747499113903	1	3.0	8.0
513	28.095727492025127	14.121747499113903	1	3.0	8.0
514	28.095727492025127	14.121747499113903	1	3.0	8.0
515	28.095727492025127	14.121747499113903	1	3.0	8.0
516	28.095727492025127	14.121747499113903	1	3.0	8.0
517	28.095727492025127	14.121747499113903	1	3.0	8.0
518	28.095727492025127	14.121747499113903	1	3.0	8.0
519	28.095727492025127	14.121747499113903	1	3.0	8.0
520	28.095727492025127	14.121747499113903	1	3.0	8.0
521	28.095727492025127	14.121747499113903	1	3.0	8.0
522	28.095727492025127	14.121747499113903	1	3.0	8.0
523	28.095727492025127	14.121747499113903	1	3.0	8.0
524	28.095727492025127	14.121747499113903	1	3.0	8.0
525	28.095727492025127	14.121747499113903	1	3.0	8.0
526	28.095727492025127	14.121747499113903	1	3.0	8.0
527	28.095727492025127	14.121747499113903	1	3.0	8.0
528	28.095727492025127	14.121747499113903	1	3.0	8.0
529	28.095727492025127	14.121747499113903	1	3.0	8.0
530	28.095727492025127	14.121747499113903	1	3.0	8.0
531	28.095727492025127	14.121747499113903	1	3.0	8.0
532	28.095727492025127	14.121747499113903	1	3.0	8.0
533	28.095727492025127	14.121747499113903	1	3.0	8.0
534	28.095727492025127	14.121747499113903	1	3.0	8.0
535	28.095727492025127	14.121747499113903	1	3.0	8.0
536	28.095727492025127	14.121747499113903	1	3.0	8.0
537	28.095727492025127	14.121747499113903	1	3.0	8.0
538	28.095727492025127	14.121747499113903	1	3.0	8.0
539	28.095727492025127	14.121747499113903	1	3.0	8.0
540	28.095727492025127	14.121747499113903	1	3.0	8.0
541	28.095727492025127	14.121747499113903	1	3.0	8.0
542	28.095727492025127	14.121747499113903	1	3.0	8.0
543	28.095727492025127	14.121747499113903	1	3.0	8.0
544	28.095727492025127	14.121747499113903	1	3.0	8.0
545	28.095727492025127	14.121747499113903	1	3.0	8.0
546	28.095727492025127	14.121747499113903	1	3.0	8.0
547	28.095727492025127	14.121747499113903	1	3.0	8.0
548	28.095727492025127	14.121747499113903	1	3.0	8.0
549	28.095727492025127	14.121747499113903	1	3.0	8.0
550	28.095727492025127	14.121747499113903	1	3.0	8.0
551	28.095727492025127	14.121747499113903	1	3.0	8.0
552	28.095727492025127	14.121747499113903	1	3.0	8.0
553	28.095727492025127	14.121747499113903	1	3.0	8.0
554	28.095727492025127	14.121747499113903	1	3.0	8.0
555	28.095727492025127	14.121747499113903	1	3.0	8.0
556	28.095727492025127	14.121747499113903	1	3.0	8.0
557	28.095727492025127	14.121747499113903	1	3.0	8.0
558	28.095727492025127	14.121747499113903	1	3.0	8.0
559	28.095727492025127	14.121747499113903	1	3.0	8.0
560	28.095727492025127	14.121747499113903	1	3.0	8.0
561	28.095727492025127	14.121747499113903	1	3.0	8.0
562	28.095727492025127	14.121747499113903	1	3.0	8.0
563	28.095727492025127	14.121747499113903	1	3.0	8.0
564	28.095727492025127	14.121747499113903	1	3.0	8.0
565	28.095727492025127	14.121747499113903	1	3.0	8.0
566	28.095727492025127	14.121747499113903	1	3.0	8.0
567	28.095727492025127	14.121747499113903	1	3.0	8.0
568	28.095727492025127	14.121747499113903	1	3.0	8.0
569	28.095727492025127	14.121747499113903	1	3.0	8.0
570	28.095727492025127	14.121747499113903	1	3.0	8.0
571	28.095727492025127	14.121747499113903	1	3.0	8.0
572	28.095727492025127	14.121747499113903	1	3.0	8.0
573	28.095727492025127	14.121747499113903	1	3.0	8.0
574	28.095727492025127	14.121747499113903	1	3.0	8.0
575	28.095727492025127	14.121747499113903	1	3.0	8.0
576	28.095727492025127	14.121747499113903	1	3.0	8.0
577	28.095727492025127	14.121747499113903	1	3.0	8.0
578	28.095727492025127	14.121747499113903	1	3.0	8.0
579	28.095727492025127	14.121747499113903	1	3.0	8.0
580	28.095727492025127	14.121747499113903	1	3.0	8.0
581	28.095727492025127	14.121747499113903	1	3.0	8.0
582	28.095727492025127	14.121747499113903	1	3.0	8.0
583	28.095727492025127	14.121747499113903	1	3.0	8.0
584	28.095727492025127	14.121747499113903	1	3.0	8.0
585	28.095727492025127	14.121747499113903	1	3.0	8.0
586	28.095727492025127	14.121747499113903	1	3.0	8.0
587	28.095727492025127	14.121747499113903	1	3.0	8.0
588	28.095727492025127	14.121747499113903	1	3.0	8.0
589	28.095727492025127	14.121747499113903	1	3.0	8.0
590	28.095727492025127	14.121747499113903	1	3.0	8.0
591	28.095727492025127	14.121747499113903	1	3.0	8.0
592	28.095727492025127	14.121747499113903	1	3.0	8.0
593	28.095727492025127	14.121747499113903	1	3.0	8.0
594	28.095727492025127	14.121747499113903	1	3.0	8.0
595	28.095727492025127	14.121747499113903	1	3.0	8.0
596	28.095727492025127	14.121747499113903	1	3.0	8.0
597	28.095727492025127	14.121747499113903	1	3.0	8.0
598	28.095727492025127	14.121747499113903	1	3.0	8.0
599	28.095727492025127	14.121747499113903	1	3.0	8.0
600	28.095727492025127	14.121747499113903	1	3.0	8.0
601	28.095727492025127	14.121747499113903	1	3.0	8.0
602	28.095727492025127	14.121747499113903	1	3.0	8.0
603	28.095727492025127	14.121747499113903	1	3.0	8.0
604	28.095727492025127	14.121747499113903	1	3.0	8.0
605	28.095727492025127	14.121747499113903	1	3.0	8.0
606	28.095727492025127	14.121747499113903	1	3.0	8.0
607	28.095727492025127	14.121747499113903	1	3.0	8.0
608	28.095727492025127	14.121747499113903	1	3.0	8.0
609	28.095727492025127	14.121747499113903	1	3.0	8.0
610	28.095727492025127	14.121747499113903	1	3.0	8.0
611	28.095727492025127	14.121747499113903	1	3.0	8.0
612	28.095727492025127	14.121747499113903	1	3.0	8.0
613	28.095727492025127	14.121747499113903	1	3.0	8.0
614	28.095727492025127	14.121747499113903	1	3.0	8.0
615	28.095727492025127	14.121747499113903	1	3.0	8.0
616	28.095727492025127	14.121747499113903	1	3.0	8.0
617	28.095727492025127	14.121747499113903	1	3.0	8.0
618	28.095727492025127	14.121747499113903	1	3.0	8.0
619	28.095727492025127	14.121747499113903	1	3.0	8.0
620	28.095727492025127	14.121747499113903	1	3.0	8.0
621	28.095727492025127	14.121747499113903	1	3.0	8.0
622	28.095727492025127	14.121747499113903	1	3.0	8.0
623	28.095727492025127	14.121747499113903	1	3.0	8.0
624	28.095727492025127	14.121747499113903	1	3.0	8.0
625	28.095727492025127	14.121747499113903	1	3.0	8.0
626	28.095727492025127	14.121747499113903	1	3.0	8.0
627	28.095727492025127	14.121747499113903	1	3.0	8.0
628	28.095727492025127	14.121747499113903	1	3.0	8.0
629	28.095727492025127	14.121747499113903	1	3.0	8.0
630	28.095727492025127	14.121747499113903	1	3.0	8.0
631	28.095727492025127	14.121747499113903	1	3.0	8.0
632	28.095727492025127	14.121747499113903	1	3.0	8.0
633	28.095727492025127	14.121747499113903	1	3.0	8.0
634	28.095727492025127	14.121747499113903	1	3.0	8.0
635	28.095727492025127	14.121747499113903	1	3.0	8.0
636	28.095727492025127	14.121747499113903	1	3.0	8.0
637	28.095727492025127	14.121747499113903	1	3.0	8.0
638	28.095727492025127	14.121747499113903	1	3.0	8.0
639	28.095727492025127	14.121747499113903	1	3.0	8.0
640	28.095727492025127	14.121747499113903	1	3.0	8.0
641	28.095727492025127	14.121747499113903	1	3.0	8.0
642	28.095727492025127	14.121747499113903	1	3.0	8.0
643	28.095727492025127	14.121747499113903	1	3.0	8.0
644	28.095727492025127	14.121747499113903	1	3.0	8.0
645	28.095727492025127	14.121747499113903	1	3.0	8.0
646	28.095727492025127	14.121747499113903	1	3.0	8.0
647	28.095727492025127	14.121747499113903	1	3.0	8.0
648	28.095727492025127	14.121747499113903	1	3.0	8.0
649	28.095727492025127	14.121747499113903	1	3.0	8.0
650	28.095727492025127	14.121747499113903	1	3.0	8.0
651	28.095727492025127	14.121747499113903	1	3.0	8.0
652	28.095727492025127	14.121747499113903	1	3.0	8.0
653	28.095727492025127	14.121747499113903	1	3.0	8.0
654	28.095727492025127	14.121747499113903	1	3.0	8.0
655	28.095727492025127	14.121747499113903	1	3.0	8.0
656	28.095727492025127	14.121747499113903	1	3.0	8.0
657	28.095727492025127	14.121747499113903	1	3.0	8.0
658	28.095727492025127	14.121747499113903	1	3.0	8.0
659	28.095727492025127	14.121747499113903	1	3.0	8.0
660	28.095727492025127	14.121747499113903	1	3.0	8.0
661	28.095727492025127	14.121747499113903	1	3.0	8.0
662	28.095727492025127	14.121747499113903	1	3.0	8.0
663	28.095727492025127	14.121747499113903	1	3.0	8.0
664	28.095727492025127	14.121747499113903	1	3.0	8.0
665	28.095727492025127	14.121747499113903	1	3.0	8.0
666	28.095727492025127	14.121747499113903	1	3.0	8.0
667	28.095727492025127	14.121747499113903	1	3.0	8.0
668	28.095727492025127	14.121747499113903	1	3.0	8.0
669	28.095727492025127	14.121747499113903	1	3.0	8.0
670	28.095727492025127	14.121747499113903	1	3.0	8.0
671	28.095727492025127	14.121747499113903	1	3.0	8.0
672	28.095727492025127	14.121747499113903	1	3.0	8.0
673	28.095727492025127	14.121747499113903	1	3.0	8.0
674	28.095727492025127	14.121747499113903	1	3.0	8.0
675	28.095727492025127	14.121747499113903	1	3.0	8.0
676	28.095727492025127	14.121747499113903	1	3.0	8.0
677	28.095727492025127	14.121747499113903	1	3.0	8.0
678	28.095727492025127	14.121747499113903	1	3.0	8.0
679	28.095727492025127	14.121747499113903	1	3.0	8.0
680	28.095727492025127	14.121747499113903	1	3.0	8.0
681	28.095727492025127	14.121747499113903	1	3.0	8.0
682	28.095727492025127	14.121747499113903	1	3.0	8.0
683	28.095727492025127	14.121747499113903	1	3.0	8.0
684	28.095727492025127	14.121747499113903	1	3.0	8.0
685	28.095727492025127	14.121747499113903	1	3.0	8.0
686	28.095727492025127	14.121747499113903	1	3.0	8.0
687	28.095727492025127	14.121747499113903	1	3.0	8.0
688	28.095727492025127	14.121747499113903	1	3.0	8.0
689	28.095727492025127	14.121747499113903	1	3.0	8.0
690	28.095727492025127	14.121747499113903	1	3.0	8.0
691	28.095727492025127	14.121747499113903	1	3.0	8.0
692	28.095727492025127	14.121747499113903	1	3.0	8.0
693	28.095727492025127	14.121747499113903	1	3.0	8.0
694	28.095727492025127	14.121747499113903	1	3.0	8.0
695	28.095727492025127	14.121747499113903	1	3.0	8.0
696	28.095727492025127	14.121747499113903	1	3.0	8.0
697	28.095727492025127	14.121747499113903	1	3.0	8.0
698	28.095727492025127	14.121747499113903	1	3.0	8.0
699	28.095727492025127	14.121747499113903	1	3.0	8.0
700	28.095727492025127	14.121747499113903	1	3.0	8.0
701	28.095727492025127	14.121747499113903	1	3.0	8.0
702	28.095727492025127	14.121747499113903	1	3.0	8.0
703	28.095727492025127	14.121747499113903	1	3.0	8.0
704	28.095727492025127	14.121747499113903	1	3.0	8.0
705	28.095727492025127	14.121747499113903	1	3.0	8.0
706	28.095727492025127	14.121747499113903	1	3.0	8.0
707	28.095727492025127	14.121747499113903	1	3.0	8.0
708	28.095727492025127	14.121747499113903	1	3.0	8.0
709	28.095727492025127	14.121747499113903	1	3.0	8.0
710	28.095727492025127	14.121747499113903	1	3.0	8.0
711	28.095727492025127	14.121747499113903	1	3.0	8.0
712	28.095727492025127	14.121747499113903	1	3.0	8.0
713	28.095727492025127	14.121747499113903	1	3.0	8.0
714	28.095727492025127	14.121747499113903	1	3.0	8.0
715	28.095727492025127	14.121747499113903	1	3.0	8.0
716	28.095727492025127	14.121747499113903	1	3.0	8.0
717	28.095727492025127	14.121747499113903	1	3.0	8.0
718	28.095727492025127	14.121747499113903	1	3.0	8.0
719	28.095727492025127	14.121747499113903	1	3.0	8.0
720	28.095727492025127	14.121747499113903	1	3.0	8.0
721	28.095727492025127	14.121747499113903	1	3.0	8.0
722	28.095727492025127	14.121747499113903	1	3.0	8.0
723	28.095727492025127	14.121747499113903	1	3.0	8.0
724	28.095727492025127	14.121747499113903	1	3.0	8.0
725	28.095727492025127	14.121747499113903	1	3.0	8.0
726	28.095727492025127	14.121747499113903	1	3.0	8.0
727	28.095727492025127	14.121747499113903	1	3.0	8.0
728	28.095727492025127	14.121747499113903	1	3.0	8.0
729	28.095727492025127	14.121747499113903	1	3.0	8.0
730	28.095727492025127	14.121747499113903	1	3.0	8.0
731	28.095727492025127	14.121747499113903	1	3.0	8.0
732	28.095727492025127	14.121747499113903	1	3.0	8.0
733	28.095727492025127	14.121747499113903	1	3.0	8.0
734	28.095727492025127	14.121747499113903	1	3.0	8.0
735	28.095727492025127	14.121747499113903	1	3.0	8.0
736	28.095727492025127	14.121747499113903	1	3.0	8.0
737	28.095727492025127	14.121747499113903	1	3.0	8.0
738	28.095727492025127	14.121747499113903	1	3.0	8.0
739	28.095727492025127	14.121747499113903	1	3.0	8.0
740	28.095727492025127	14.121747499113903	1	3.0	8.0
741	28.095727492025127	14.121747499113903	1	3.0	8.0
742	28.095727492025127	14.121747499113903	1	3.0	8.0
743	28.095727492025127	14.121747499113903	1	3.0	8.0
744	28.095727492025127	14.121747499113903	1	3.0	8.0
745	28.095727492025127	14.121747499113903	1	3.0	8.0
746	28.095727492025127	14.121747499113903	1	3.0	8.0
747	28.095727492025127	14.121747499113903	1	3.0	8.0
748	28.095727492025127	14.121747499113903	1	3.0	8.0
749	28.095727492025127	14.121747499113903	1	3.0	8.0
750	28.095727492025127	14.121747499113903	1	3.0	8.0
751	28.095727492025127	14.121747499113903	1	3.0	8.0
752	28.095727492025127	14.121747499113903	1	3.0	8.0
753	28.095727492025127	14.121747499113903	1	3.0	8.0
754	28.095727492025127	14.121747499113903	1	3.0	8.0
755	28.095727492025127	14.121747499113903	1	3.0	8.0
756	28.095727492025127	14.121747499113903	1	3.0	8.0
757	28.095727492025127	14.121747499113903	1	3.0	8.0
758	28.095727492025127	14.121747499113903	1	3.0	8.0
759	28.095727492025127	14.121747499113903	1	3.0	8.0
760	28.095727492025127	14.121747499113903	1	3.0	8.0
761	28.095727492025127	14.121747499113903	1	3.0	8.0
762	28.095727492025127	14.121747499113903	1	3.0	8.0
763	28.095727492025127	14.121747499113903	1	3.0	8.0
764	28.095727492025127	14.121747499113903	1	3.0	8.0
765	28.095727492025127	14.121747499113903	1	3.0	8.0
766	28.095727492025127	14.121747499113903	1	3.0	8.0
767	28.095727492025127	14.121747499113903	1	3.0	8.0
768	28.095727492025127	14.121747499113903	1	3.0	8.0
769	28.095727492025127	14.121747499113903	1	3.0	8.0
770	28.095727492025127	14.121747499113903	1	3.0	8.0
771	28.095727492025127	14.121747499113903	1	3.0	8.0
772	28.095727492025127	14.121747499113903	1	3.0	8.0
773	28.095727492025127	14.121747499113903	1	3.0	8.0
774	28.095727492025127	14.121747499113903	1	3.0	8.0
775	28.095727492025127	14.121747499113903	1	3.0	8.0
776	28.095727492025127	14.121747499113903	1	3.0	8.0
777	28.095727492025127	14.121747499113903	1	3.0	8.0
778	28.095727492025127	14.121747499113903	1	3.0	8.0
779	28.095727492025127	14.121747499113903	1	3.0	8.0
780	28.095727492025127	14.121747499113903	1	3.0	8.0
781	28.095727492025127	14.121747499113903	1	3.0	8.0
782	28.095727492025127	14.121747499113903	1	3.0	8.0
783	28.095727492025127	14.121747499113903	1	3.0	8.0
784	28.095727492025127	14.121747499113903	1	3.0	8.0
785	28.095727492025127	14.121747499113903	1	3.0	8.0
786	28.095727492025127	14.121747499113903	1	3.0	8.0
787	28.095727492025127	14.121747499113903	1	3.0	8.0
788	28.095727492025127	14.121747499113903	1	3.0	8.0
789	28.095727492025127	14.121747499113903	1	3.0	8.0
790	28.095727492025127	14.121747499113903	1	3.0	8.0
791	28.095727492025127	14.121747499113903	1	3.0	8.0
792	28.095727492025127	14.121747499113903	1	3.0	8.0
793	28.095727492025127	14.121747499113903	1	3.0	8.0
794	28.095727492025127	14.121747499113903	1	3.0	8.0
795	28.095727492025127	14.121747499113903	1	3.0	8.0
796	28.095727492025127	14.121747499113903	1	3.0	8.0
797	28.095727492025127	14.121747499113903	1	3.0	8.0
798	28.095727492025127	14.121747499113903	1	3.0	8.0
799	28.095727492025127	14.121747499113903	1	3.0	8.0
800	28.095727492025127	14.121747499113903	1	3.0	8.0
801	28.095727492025127	14.121747499113903	1	3.0	8.0
802	28.095727492025127	14.121747499113903	1	3.0	8.0
803	28.095727492025127	14.121747499113903	1	3.0	8.0
804	28.095727492025127	14.121747499113903	1	3.0	8.0
805	28.095727492025127	14.121747499113903	1	3.0	8.0
806	28.095727492025127	14.121747499113903	1	3.0	8.0
807	28.095727492025127	14.121747499113903	1	3.0	8.0
808	28.095727492025127	14.121747499113903	1	3.0	8.0
809	28.095727492025127	14.121747499113903	1	3.0	8.0
810	28.095727492025127	14.121747499113903	1	3.0	8.0
