TS	X	Y	Direction	Line_Man	Column_Man
0	17.775574404337235	11.185027158405422	1	5	4
1	17.775574404337235	11.185027158405422	1	5.0	4.0
2	17.775574404337235	11.185027158405422	1	5.0	4.0
3	17.775574404337235	11.185027158405422	1	5.0	4.0
4	17.775574404337235	11.185027158405422	1	5.0	4.0
5	17.775574404337235	11.185027158405422	1	5.0	4.0
6	17.775574404337235	11.185027158405422	1	5.0	4.0
7	17.775574404337235	11.185027158405422	1	5.0	4.0
8	17.775574404337235	11.185027158405422	1	5.0	4.0
9	17.775574404337235	11.185027158405422	1	5.0	4.0
10	17.775574404337235	11.185027158405422	1	5.0	4.0
11	17.775574404337235	11.185027158405422	1	5.0	4.0
12	17.775574404337235	11.185027158405422	1	5.0	4.0
13	17.775574404337235	11.185027158405422	1	5.0	4.0
14	17.775574404337235	11.185027158405422	1	5.0	4.0
15	17.775574404337235	11.185027158405422	1	5.0	4.0
16	17.775574404337235	11.185027158405422	1	5.0	4.0
17	17.775574404337235	11.185027158405422	1	5.0	4.0
18	17.775574404337235	11.185027158405422	1	5.0	4.0
19	17.775574404337235	11.185027158405422	1	5.0	4.0
20	17.775574404337235	11.185027158405422	1	5.0	4.0
21	17.775574404337235	11.185027158405422	1	5.0	4.0
22	17.775574404337235	11.185027158405422	1	5.0	4.0
23	17.775574404337235	11.185027158405422	1	5.0	4.0
24	17.775574404337235	11.185027158405422	1	5.0	4.0
25	17.775574404337235	11.185027158405422	1	5.0	4.0
26	17.775574404337235	11.185027158405422	1	5.0	4.0
27	17.775574404337235	11.185027158405422	1	5.0	4.0
28	17.775574404337235	11.185027158405422	1	5.0	4.0
29	17.775574404337235	11.185027158405422	1	5.0	4.0
30	17.775574404337235	11.185027158405422	1	5.0	4.0
31	17.775574404337235	11.185027158405422	1	5.0	4.0
32	17.775574404337235	11.185027158405422	1	5.0	4.0
33	17.775574404337235	11.185027158405422	1	5.0	4.0
34	17.775574404337235	11.185027158405422	1	5.0	4.0
35	17.775574404337235	11.185027158405422	1	5.0	4.0
36	17.775574404337235	11.185027158405422	1	5.0	4.0
37	17.775574404337235	11.185027158405422	1	5.0	4.0
38	17.775574404337235	11.185027158405422	1	5.0	4.0
39	17.775574404337235	11.185027158405422	1	5.0	4.0
40	17.775574404337235	11.185027158405422	1	5.0	4.0
41	17.775574404337235	11.185027158405422	1	5.0	4.0
42	17.775574404337235	11.185027158405422	1	5.0	4.0
43	17.775574404337235	11.185027158405422	1	5.0	4.0
44	17.775574404337235	11.185027158405422	1	5.0	4.0
45	17.775574404337235	11.185027158405422	1	5.0	4.0
46	17.775574404337235	11.185027158405422	1	5.0	4.0
47	17.775574404337235	11.185027158405422	1	5.0	4.0
48	17.775574404337235	11.185027158405422	1	5.0	4.0
49	17.775574404337235	11.185027158405422	1	5.0	4.0
50	17.775574404337235	11.185027158405422	1	5.0	4.0
51	17.775574404337235	11.185027158405422	1	5.0	4.0
52	17.775574404337235	11.185027158405422	1	5.0	4.0
53	17.775574404337235	11.185027158405422	1	5.0	4.0
54	17.775574404337235	11.185027158405422	1	5.0	4.0
55	17.775574404337235	11.185027158405422	1	5.0	4.0
56	17.775574404337235	11.185027158405422	1	5.0	4.0
57	17.775574404337235	11.185027158405422	1	5.0	4.0
58	17.775574404337235	11.185027158405422	1	5.0	4.0
59	17.775574404337235	11.185027158405422	1	5.0	4.0
60	17.775574404337235	11.185027158405422	1	5.0	4.0
61	17.775574404337235	11.185027158405422	1	5.0	4.0
62	17.775574404337235	11.185027158405422	1	5.0	4.0
63	17.775574404337235	11.185027158405422	1	5.0	4.0
64	17.775574404337235	11.185027158405422	1	5.0	4.0
65	17.775574404337235	11.185027158405422	1	5.0	4.0
66	17.775574404337235	11.185027158405422	1	5.0	4.0
67	17.775574404337235	11.185027158405422	1	5.0	4.0
68	17.775574404337235	11.185027158405422	1	5.0	4.0
69	17.775574404337235	11.185027158405422	1	5.0	4.0
70	17.775574404337235	11.185027158405422	1	5.0	4.0
71	17.775574404337235	11.185027158405422	1	5.0	4.0
72	17.775574404337235	11.185027158405422	1	5.0	4.0
73	17.775574404337235	11.185027158405422	1	5.0	4.0
74	17.775574404337235	11.185027158405422	1	5.0	4.0
75	17.775574404337235	11.185027158405422	1	5.0	4.0
76	17.775574404337235	11.185027158405422	1	5.0	4.0
77	17.775574404337235	11.185027158405422	1	5.0	4.0
78	17.775574404337235	11.185027158405422	1	5.0	4.0
79	17.775574404337235	11.185027158405422	1	5.0	4.0
80	17.775574404337235	11.185027158405422	1	5.0	4.0
81	17.775574404337235	11.185027158405422	1	5.0	4.0
82	17.775574404337235	11.185027158405422	1	5.0	4.0
83	17.775574404337235	11.185027158405422	1	5.0	4.0
84	17.775574404337235	11.185027158405422	1	5.0	4.0
85	17.775574404337235	11.185027158405422	1	5.0	4.0
86	17.775574404337235	11.185027158405422	1	5.0	4.0
87	17.775574404337235	11.185027158405422	1	5.0	4.0
88	17.775574404337235	11.185027158405422	1	5.0	4.0
89	17.775574404337235	11.185027158405422	1	5.0	4.0
90	17.775574404337235	11.185027158405422	1	5.0	4.0
91	17.775574404337235	11.185027158405422	1	5.0	4.0
92	17.775574404337235	11.185027158405422	1	5.0	4.0
93	17.775574404337235	11.185027158405422	1	5.0	4.0
94	17.775574404337235	11.185027158405422	1	5.0	4.0
95	17.775574404337235	11.185027158405422	1	5.0	4.0
96	17.775574404337235	11.185027158405422	1	5.0	4.0
97	17.775574404337235	11.185027158405422	1	5.0	4.0
98	17.775574404337235	11.185027158405422	1	5.0	4.0
99	17.775574404337235	11.185027158405422	1	5.0	4.0
100	17.775574404337235	11.185027158405422	1	5.0	4.0
101	17.775574404337235	11.185027158405422	1	5.0	4.0
102	17.775574404337235	11.185027158405422	1	5.0	4.0
103	17.775574404337235	11.185027158405422	1	5.0	4.0
104	17.775574404337235	11.185027158405422	1	5.0	4.0
105	17.775574404337235	11.185027158405422	1	5.0	4.0
106	17.775574404337235	11.185027158405422	1	5.0	4.0
107	17.775574404337235	11.185027158405422	1	5.0	4.0
108	17.775574404337235	11.185027158405422	1	5.0	4.0
109	17.775574404337235	11.185027158405422	1	5.0	4.0
110	17.775574404337235	11.185027158405422	1	5.0	4.0
111	17.775574404337235	11.185027158405422	1	5.0	4.0
112	17.775574404337235	11.185027158405422	1	5.0	4.0
113	17.775574404337235	11.185027158405422	1	5.0	4.0
114	17.775574404337235	11.185027158405422	1	5.0	4.0
115	17.775574404337235	11.185027158405422	1	5.0	4.0
116	17.775574404337235	11.185027158405422	1	5.0	4.0
117	17.775574404337235	11.185027158405422	1	5.0	4.0
118	17.775574404337235	11.185027158405422	1	5.0	4.0
119	17.775574404337235	11.185027158405422	1	5.0	4.0
120	17.775574404337235	11.185027158405422	1	5.0	4.0
121	17.775574404337235	11.185027158405422	1	5.0	4.0
122	17.775574404337235	11.185027158405422	1	5.0	4.0
123	17.775574404337235	11.185027158405422	1	5.0	4.0
124	17.775574404337235	11.185027158405422	1	5.0	4.0
125	17.775574404337235	11.185027158405422	1	5.0	4.0
126	17.775574404337235	11.185027158405422	1	5.0	4.0
127	17.775574404337235	11.185027158405422	1	5.0	4.0
128	17.775574404337235	11.185027158405422	1	5.0	4.0
129	17.775574404337235	11.185027158405422	1	5.0	4.0
130	17.775574404337235	11.185027158405422	1	5.0	4.0
131	17.775574404337235	11.185027158405422	1	5.0	4.0
132	17.775574404337235	11.185027158405422	1	5.0	4.0
133	17.775574404337235	11.185027158405422	1	5.0	4.0
134	17.775574404337235	11.185027158405422	1	5.0	4.0
135	17.775574404337235	11.185027158405422	1	5.0	4.0
136	17.775574404337235	11.185027158405422	1	5.0	4.0
137	17.775574404337235	11.185027158405422	1	5.0	4.0
138	17.775574404337235	11.185027158405422	1	5.0	4.0
139	17.775574404337235	11.185027158405422	1	5.0	4.0
140	17.775574404337235	11.185027158405422	1	5.0	4.0
141	17.775574404337235	11.185027158405422	1	5.0	4.0
142	17.775574404337235	11.185027158405422	1	5.0	4.0
143	17.775574404337235	11.185027158405422	1	5.0	4.0
144	17.775574404337235	11.185027158405422	1	5.0	4.0
145	17.775574404337235	11.185027158405422	1	5.0	4.0
146	17.775574404337235	11.185027158405422	1	5.0	4.0
147	17.775574404337235	11.185027158405422	1	5.0	4.0
148	17.775574404337235	11.185027158405422	1	5.0	4.0
149	17.775574404337235	11.185027158405422	1	5.0	4.0
150	17.775574404337235	11.185027158405422	1	5.0	4.0
151	17.775574404337235	11.185027158405422	1	5.0	4.0
152	17.775574404337235	11.185027158405422	1	5.0	4.0
153	17.775574404337235	11.185027158405422	1	5.0	4.0
154	17.775574404337235	11.185027158405422	1	5.0	4.0
155	17.775574404337235	11.185027158405422	1	5.0	4.0
156	17.775574404337235	11.185027158405422	1	5.0	4.0
157	17.775574404337235	11.185027158405422	1	5.0	4.0
158	17.775574404337235	11.185027158405422	1	5.0	4.0
159	17.775574404337235	11.185027158405422	1	5.0	4.0
160	17.775574404337235	11.185027158405422	1	5.0	4.0
161	17.775574404337235	11.185027158405422	1	5.0	4.0
162	17.775574404337235	11.185027158405422	1	5.0	4.0
163	17.775574404337235	11.185027158405422	1	5.0	4.0
164	17.775574404337235	11.185027158405422	1	5.0	4.0
165	17.775574404337235	11.185027158405422	1	5.0	4.0
166	17.775574404337235	11.185027158405422	1	5.0	4.0
167	17.775574404337235	11.185027158405422	1	5.0	4.0
168	17.775574404337235	11.185027158405422	1	5.0	4.0
169	17.775574404337235	11.185027158405422	1	5.0	4.0
170	17.775574404337235	11.185027158405422	1	5.0	4.0
171	17.775574404337235	11.185027158405422	1	5.0	4.0
172	17.775574404337235	11.185027158405422	1	5.0	4.0
173	17.775574404337235	11.185027158405422	1	5.0	4.0
174	17.775574404337235	11.185027158405422	1	5.0	4.0
175	17.775574404337235	11.185027158405422	1	5.0	4.0
176	17.775574404337235	11.185027158405422	1	5.0	4.0
177	17.775574404337235	11.185027158405422	1	5.0	4.0
178	17.775574404337235	11.185027158405422	1	5.0	4.0
179	17.775574404337235	11.185027158405422	1	5.0	4.0
180	17.775574404337235	11.185027158405422	1	5.0	4.0
181	17.775574404337235	11.185027158405422	1	5.0	4.0
182	17.775574404337235	11.185027158405422	1	5.0	4.0
183	17.775574404337235	11.185027158405422	1	5.0	4.0
184	17.775574404337235	11.185027158405422	1	5.0	4.0
185	17.775574404337235	11.185027158405422	1	5.0	4.0
186	17.775574404337235	11.185027158405422	1	5.0	4.0
187	17.775574404337235	11.185027158405422	1	5.0	4.0
188	17.775574404337235	11.185027158405422	1	5.0	4.0
189	17.775574404337235	11.185027158405422	1	5.0	4.0
190	17.775574404337235	11.185027158405422	1	5.0	4.0
191	17.775574404337235	11.185027158405422	1	5.0	4.0
192	17.775574404337235	11.185027158405422	1	5.0	4.0
193	17.775574404337235	11.185027158405422	1	5.0	4.0
194	17.775574404337235	11.185027158405422	1	5.0	4.0
195	17.775574404337235	11.185027158405422	1	5.0	4.0
196	17.775574404337235	11.185027158405422	1	5.0	4.0
197	17.775574404337235	11.185027158405422	1	5.0	4.0
198	17.775574404337235	11.185027158405422	1	5.0	4.0
199	17.775574404337235	11.185027158405422	1	5.0	4.0
200	17.775574404337235	11.185027158405422	1	5.0	4.0
201	17.775574404337235	11.185027158405422	1	5.0	4.0
202	17.775574404337235	11.185027158405422	1	5.0	4.0
203	17.775574404337235	11.185027158405422	1	5.0	4.0
204	17.775574404337235	11.185027158405422	1	5.0	4.0
205	17.775574404337235	11.185027158405422	1	5.0	4.0
206	17.775574404337235	11.185027158405422	1	5.0	4.0
207	17.775574404337235	11.185027158405422	1	5.0	4.0
208	17.775574404337235	11.185027158405422	1	5.0	4.0
209	17.775574404337235	11.185027158405422	1	5.0	4.0
210	17.775574404337235	11.185027158405422	1	5.0	4.0
211	17.775574404337235	11.185027158405422	1	5.0	4.0
212	17.775574404337235	11.185027158405422	1	5.0	4.0
213	17.775574404337235	11.185027158405422	1	5.0	4.0
214	17.775574404337235	11.185027158405422	1	5.0	4.0
215	17.775574404337235	11.185027158405422	1	5.0	4.0
216	17.775574404337235	11.185027158405422	1	5.0	4.0
217	17.775574404337235	11.185027158405422	1	5.0	4.0
218	17.775574404337235	11.185027158405422	1	5.0	4.0
219	17.775574404337235	11.185027158405422	1	5.0	4.0
220	17.775574404337235	11.185027158405422	1	5.0	4.0
221	17.775574404337235	11.185027158405422	1	5.0	4.0
222	17.775574404337235	11.185027158405422	1	5.0	4.0
223	17.775574404337235	11.185027158405422	1	5.0	4.0
224	17.775574404337235	11.185027158405422	1	5.0	4.0
225	17.775574404337235	11.185027158405422	1	5.0	4.0
226	17.775574404337235	11.185027158405422	1	5.0	4.0
227	17.775574404337235	11.185027158405422	1	5.0	4.0
228	17.775574404337235	11.185027158405422	1	5.0	4.0
229	17.775574404337235	11.185027158405422	1	5.0	4.0
230	17.775574404337235	11.185027158405422	1	5.0	4.0
231	17.775574404337235	11.185027158405422	1	5.0	4.0
232	17.775574404337235	11.185027158405422	1	5.0	4.0
233	17.775574404337235	11.185027158405422	1	5.0	4.0
234	17.775574404337235	11.185027158405422	1	5.0	4.0
235	17.775574404337235	11.185027158405422	1	5.0	4.0
236	17.775574404337235	11.185027158405422	1	5.0	4.0
237	17.775574404337235	11.185027158405422	1	5.0	4.0
238	17.775574404337235	11.185027158405422	1	5.0	4.0
239	17.775574404337235	11.185027158405422	1	5.0	4.0
240	17.775574404337235	11.185027158405422	1	5.0	4.0
241	17.775574404337235	11.185027158405422	1	5.0	4.0
242	17.775574404337235	11.185027158405422	1	5.0	4.0
243	17.775574404337235	11.185027158405422	1	5.0	4.0
244	17.775574404337235	11.185027158405422	1	5.0	4.0
245	17.775574404337235	11.185027158405422	1	5.0	4.0
246	17.775574404337235	11.185027158405422	1	5.0	4.0
247	17.775574404337235	11.185027158405422	1	5.0	4.0
248	17.775574404337235	11.185027158405422	1	5.0	4.0
249	17.775574404337235	11.185027158405422	1	5.0	4.0
250	17.775574404337235	11.185027158405422	1	5.0	4.0
251	17.775574404337235	11.185027158405422	1	5.0	4.0
252	17.775574404337235	11.185027158405422	1	5.0	4.0
253	17.775574404337235	11.185027158405422	1	5.0	4.0
254	17.775574404337235	11.185027158405422	1	5.0	4.0
255	17.775574404337235	11.185027158405422	1	5.0	4.0
256	17.775574404337235	11.185027158405422	1	5.0	4.0
257	17.775574404337235	11.185027158405422	1	5.0	4.0
258	17.775574404337235	11.185027158405422	1	5.0	4.0
259	17.775574404337235	11.185027158405422	1	5.0	4.0
260	17.775574404337235	11.185027158405422	1	5.0	4.0
261	17.775574404337235	11.185027158405422	1	5.0	4.0
262	17.775574404337235	11.185027158405422	1	5.0	4.0
263	17.775574404337235	11.185027158405422	1	5.0	4.0
264	17.775574404337235	11.185027158405422	1	5.0	4.0
265	17.775574404337235	11.185027158405422	1	5.0	4.0
266	17.775574404337235	11.185027158405422	1	5.0	4.0
267	17.775574404337235	11.185027158405422	1	5.0	4.0
268	17.775574404337235	11.185027158405422	1	5.0	4.0
269	17.775574404337235	11.185027158405422	1	5.0	4.0
270	17.775574404337235	11.185027158405422	1	5.0	4.0
271	17.775574404337235	11.185027158405422	1	5.0	4.0
272	17.775574404337235	11.185027158405422	1	5.0	4.0
273	17.775574404337235	11.185027158405422	1	5.0	4.0
274	17.775574404337235	11.185027158405422	1	5.0	4.0
275	17.775574404337235	11.185027158405422	1	5.0	4.0
276	17.775574404337235	11.185027158405422	1	5.0	4.0
277	17.775574404337235	11.185027158405422	1	5.0	4.0
278	17.775574404337235	11.185027158405422	1	5.0	4.0
279	17.775574404337235	11.185027158405422	1	5.0	4.0
280	17.775574404337235	11.185027158405422	1	5.0	4.0
281	17.775574404337235	11.185027158405422	1	5.0	4.0
282	17.775574404337235	11.185027158405422	1	5.0	4.0
283	17.775574404337235	11.185027158405422	1	5.0	4.0
284	17.775574404337235	11.185027158405422	1	5.0	4.0
285	17.775574404337235	11.185027158405422	1	5.0	4.0
286	17.775574404337235	11.185027158405422	1	5.0	4.0
287	17.775574404337235	11.185027158405422	1	5.0	4.0
288	17.775574404337235	11.185027158405422	1	5.0	4.0
289	17.775574404337235	11.185027158405422	1	5.0	4.0
290	17.775574404337235	11.185027158405422	1	5.0	4.0
291	17.775574404337235	11.185027158405422	1	5.0	4.0
292	17.775574404337235	11.185027158405422	1	5.0	4.0
293	17.775574404337235	11.185027158405422	1	5.0	4.0
294	17.775574404337235	11.185027158405422	1	5.0	4.0
295	17.775574404337235	11.185027158405422	1	5.0	4.0
296	17.775574404337235	11.185027158405422	1	5.0	4.0
297	17.775574404337235	11.185027158405422	1	5.0	4.0
298	17.775574404337235	11.185027158405422	1	5.0	4.0
299	17.775574404337235	11.185027158405422	1	5.0	4.0
300	17.775574404337235	11.185027158405422	1	5.0	4.0
301	17.775574404337235	11.185027158405422	1	5.0	4.0
302	17.775574404337235	11.185027158405422	1	5.0	4.0
303	17.775574404337235	11.185027158405422	1	5.0	4.0
304	17.775574404337235	11.185027158405422	1	5.0	4.0
305	17.775574404337235	11.185027158405422	1	5.0	4.0
306	17.775574404337235	11.185027158405422	1	5.0	4.0
307	17.775574404337235	11.185027158405422	1	5.0	4.0
308	17.775574404337235	11.185027158405422	1	5.0	4.0
309	17.775574404337235	11.185027158405422	1	5.0	4.0
310	17.775574404337235	11.185027158405422	1	5.0	4.0
311	17.775574404337235	11.185027158405422	1	5.0	4.0
312	17.775574404337235	11.185027158405422	1	5.0	4.0
313	17.775574404337235	11.185027158405422	1	5.0	4.0
314	17.775574404337235	11.185027158405422	1	5.0	4.0
315	17.775574404337235	11.185027158405422	1	5.0	4.0
316	17.775574404337235	11.185027158405422	1	5.0	4.0
317	17.775574404337235	11.185027158405422	1	5.0	4.0
318	17.775574404337235	11.185027158405422	1	5.0	4.0
319	17.775574404337235	11.185027158405422	1	5.0	4.0
320	17.775574404337235	11.185027158405422	1	5.0	4.0
321	17.775574404337235	11.185027158405422	1	5.0	4.0
322	17.775574404337235	11.185027158405422	1	5.0	4.0
323	17.775574404337235	11.185027158405422	1	5.0	4.0
324	17.775574404337235	11.185027158405422	1	5.0	4.0
325	17.775574404337235	11.185027158405422	1	5.0	4.0
326	17.775574404337235	11.185027158405422	1	5.0	4.0
327	17.775574404337235	11.185027158405422	1	5.0	4.0
328	17.775574404337235	11.185027158405422	1	5.0	4.0
329	17.775574404337235	11.185027158405422	1	5.0	4.0
330	17.775574404337235	11.185027158405422	1	5.0	4.0
331	17.775574404337235	11.185027158405422	1	5.0	4.0
332	17.775574404337235	11.185027158405422	1	5.0	4.0
333	17.775574404337235	11.185027158405422	1	5.0	4.0
334	17.775574404337235	11.185027158405422	1	5.0	4.0
335	17.775574404337235	11.185027158405422	1	5.0	4.0
336	17.775574404337235	11.185027158405422	1	5.0	4.0
337	17.775574404337235	11.185027158405422	1	5.0	4.0
338	17.775574404337235	11.185027158405422	1	5.0	4.0
339	17.775574404337235	11.185027158405422	1	5.0	4.0
340	17.775574404337235	11.185027158405422	1	5.0	4.0
341	17.775574404337235	11.185027158405422	1	5.0	4.0
342	17.775574404337235	11.185027158405422	1	5.0	4.0
343	17.775574404337235	11.185027158405422	1	5.0	4.0
344	17.775574404337235	11.185027158405422	1	5.0	4.0
345	17.775574404337235	11.185027158405422	1	5.0	4.0
346	17.775574404337235	11.185027158405422	1	5.0	4.0
347	17.775574404337235	11.185027158405422	1	5.0	4.0
348	17.775574404337235	11.185027158405422	1	5.0	4.0
349	17.775574404337235	11.185027158405422	1	5.0	4.0
350	17.775574404337235	11.185027158405422	1	5.0	4.0
351	17.775574404337235	11.185027158405422	1	5.0	4.0
352	17.775574404337235	11.185027158405422	1	5.0	4.0
353	17.775574404337235	11.185027158405422	1	5.0	4.0
354	17.775574404337235	11.185027158405422	1	5.0	4.0
355	17.775574404337235	11.185027158405422	1	5.0	4.0
356	17.775574404337235	11.185027158405422	1	5.0	4.0
357	17.775574404337235	11.185027158405422	1	5.0	4.0
358	17.775574404337235	11.185027158405422	1	5.0	4.0
359	17.775574404337235	11.185027158405422	1	5.0	4.0
360	17.775574404337235	11.185027158405422	1	5.0	4.0
361	17.775574404337235	11.185027158405422	1	5.0	4.0
362	17.775574404337235	11.185027158405422	1	5.0	4.0
363	17.775574404337235	11.185027158405422	1	5.0	4.0
364	17.775574404337235	11.185027158405422	1	5.0	4.0
365	17.775574404337235	11.185027158405422	1	5.0	4.0
366	17.775574404337235	11.185027158405422	1	5.0	4.0
367	17.775574404337235	11.185027158405422	1	5.0	4.0
368	17.775574404337235	11.185027158405422	1	5.0	4.0
369	17.775574404337235	11.185027158405422	1	5.0	4.0
370	17.775574404337235	11.185027158405422	1	5.0	4.0
371	17.775574404337235	11.185027158405422	1	5.0	4.0
372	17.775574404337235	11.185027158405422	1	5.0	4.0
373	17.775574404337235	11.185027158405422	1	5.0	4.0
374	17.775574404337235	11.185027158405422	1	5.0	4.0
375	17.775574404337235	11.185027158405422	1	5.0	4.0
376	17.775574404337235	11.185027158405422	1	5.0	4.0
377	17.775574404337235	11.185027158405422	1	5.0	4.0
378	17.775574404337235	11.185027158405422	1	5.0	4.0
379	17.775574404337235	11.185027158405422	1	5.0	4.0
380	17.775574404337235	11.185027158405422	1	5.0	4.0
381	17.775574404337235	11.185027158405422	1	5.0	4.0
382	17.775574404337235	11.185027158405422	1	5.0	4.0
383	17.775574404337235	11.185027158405422	1	5.0	4.0
384	17.775574404337235	11.185027158405422	1	5.0	4.0
385	17.775574404337235	11.185027158405422	1	5.0	4.0
386	17.775574404337235	11.185027158405422	1	5.0	4.0
387	17.775574404337235	11.185027158405422	1	5.0	4.0
388	17.775574404337235	11.185027158405422	1	5.0	4.0
389	17.775574404337235	11.185027158405422	1	5.0	4.0
390	17.775574404337235	11.185027158405422	1	5.0	4.0
391	17.775574404337235	11.185027158405422	1	5.0	4.0
392	17.775574404337235	11.185027158405422	1	5.0	4.0
393	17.775574404337235	11.185027158405422	1	5.0	4.0
394	17.775574404337235	11.185027158405422	1	5.0	4.0
395	17.775574404337235	11.185027158405422	1	5.0	4.0
396	17.775574404337235	11.185027158405422	1	5.0	4.0
397	17.775574404337235	11.185027158405422	1	5.0	4.0
398	17.775574404337235	11.185027158405422	1	5.0	4.0
399	17.775574404337235	11.185027158405422	1	5.0	4.0
400	17.775574404337235	11.185027158405422	1	5.0	4.0
401	17.775574404337235	11.185027158405422	1	5.0	4.0
402	17.775574404337235	11.185027158405422	1	5.0	4.0
403	17.775574404337235	11.185027158405422	1	5.0	4.0
404	17.775574404337235	11.185027158405422	1	5.0	4.0
405	17.775574404337235	11.185027158405422	1	5.0	4.0
406	17.775574404337235	11.185027158405422	1	5.0	4.0
407	17.775574404337235	11.185027158405422	1	5.0	4.0
408	17.775574404337235	11.185027158405422	1	5.0	4.0
409	17.775574404337235	11.185027158405422	1	5.0	4.0
410	17.775574404337235	11.185027158405422	1	5.0	4.0
411	17.775574404337235	11.185027158405422	1	5.0	4.0
412	17.775574404337235	11.185027158405422	1	5.0	4.0
413	17.775574404337235	11.185027158405422	1	5.0	4.0
414	17.775574404337235	11.185027158405422	1	5.0	4.0
415	17.775574404337235	11.185027158405422	1	5.0	4.0
416	17.775574404337235	11.185027158405422	1	5.0	4.0
417	17.775574404337235	11.185027158405422	1	5.0	4.0
418	17.775574404337235	11.185027158405422	1	5.0	4.0
419	17.775574404337235	11.185027158405422	1	5.0	4.0
420	17.775574404337235	11.185027158405422	1	5.0	4.0
421	17.775574404337235	11.185027158405422	1	5.0	4.0
422	17.775574404337235	11.185027158405422	1	5.0	4.0
423	17.775574404337235	11.185027158405422	1	5.0	4.0
424	17.775574404337235	11.185027158405422	1	5.0	4.0
425	17.775574404337235	11.185027158405422	1	5.0	4.0
426	17.775574404337235	11.185027158405422	1	5.0	4.0
427	17.775574404337235	11.185027158405422	1	5.0	4.0
428	17.775574404337235	11.185027158405422	1	5.0	4.0
429	17.775574404337235	11.185027158405422	1	5.0	4.0
430	17.775574404337235	11.185027158405422	1	5.0	4.0
431	17.775574404337235	11.185027158405422	1	5.0	4.0
432	17.775574404337235	11.185027158405422	1	5.0	4.0
433	17.775574404337235	11.185027158405422	1	5.0	4.0
434	17.775574404337235	11.185027158405422	1	5.0	4.0
435	17.775574404337235	11.185027158405422	1	5.0	4.0
436	17.775574404337235	11.185027158405422	1	5.0	4.0
437	17.775574404337235	11.185027158405422	1	5.0	4.0
438	17.775574404337235	11.185027158405422	1	5.0	4.0
439	17.775574404337235	11.185027158405422	1	5.0	4.0
440	17.775574404337235	11.185027158405422	1	5.0	4.0
441	17.775574404337235	11.185027158405422	1	5.0	4.0
442	17.775574404337235	11.185027158405422	1	5.0	4.0
443	17.775574404337235	11.185027158405422	1	5.0	4.0
444	17.775574404337235	11.185027158405422	1	5.0	4.0
445	17.775574404337235	11.185027158405422	1	5.0	4.0
446	17.775574404337235	11.185027158405422	1	5.0	4.0
447	17.775574404337235	11.185027158405422	1	5.0	4.0
448	17.775574404337235	11.185027158405422	1	5.0	4.0
449	17.775574404337235	11.185027158405422	1	5.0	4.0
450	17.775574404337235	11.185027158405422	1	5.0	4.0
451	17.775574404337235	11.185027158405422	1	5.0	4.0
452	17.775574404337235	11.185027158405422	1	5.0	4.0
453	17.775574404337235	11.185027158405422	1	5.0	4.0
454	17.775574404337235	11.185027158405422	1	5.0	4.0
455	17.775574404337235	11.185027158405422	1	5.0	4.0
456	17.775574404337235	11.185027158405422	1	5.0	4.0
457	17.775574404337235	11.185027158405422	1	5.0	4.0
458	17.775574404337235	11.185027158405422	1	5.0	4.0
459	17.775574404337235	11.185027158405422	1	5.0	4.0
460	17.775574404337235	11.185027158405422	1	5.0	4.0
461	17.775574404337235	11.185027158405422	1	5.0	4.0
462	17.775574404337235	11.185027158405422	1	5.0	4.0
463	17.775574404337235	11.185027158405422	1	5.0	4.0
464	17.775574404337235	11.185027158405422	1	5.0	4.0
465	17.775574404337235	11.185027158405422	1	5.0	4.0
466	17.775574404337235	11.185027158405422	1	5.0	4.0
467	17.775574404337235	11.185027158405422	1	5.0	4.0
468	17.775574404337235	11.185027158405422	1	5.0	4.0
469	17.775574404337235	11.185027158405422	1	5.0	4.0
470	17.775574404337235	11.185027158405422	1	5.0	4.0
471	17.775574404337235	11.185027158405422	1	5.0	4.0
472	17.775574404337235	11.185027158405422	1	5.0	4.0
473	17.775574404337235	11.185027158405422	1	5.0	4.0
474	17.775574404337235	11.185027158405422	1	5.0	4.0
475	17.775574404337235	11.185027158405422	1	5.0	4.0
476	17.775574404337235	11.185027158405422	1	5.0	4.0
477	17.775574404337235	11.185027158405422	1	5.0	4.0
478	17.775574404337235	11.185027158405422	1	5.0	4.0
479	17.775574404337235	11.185027158405422	1	5.0	4.0
480	17.775574404337235	11.185027158405422	1	5.0	4.0
481	17.775574404337235	11.185027158405422	1	5.0	4.0
482	17.775574404337235	11.185027158405422	1	5.0	4.0
483	17.775574404337235	11.185027158405422	1	5.0	4.0
484	17.775574404337235	11.185027158405422	1	5.0	4.0
485	17.775574404337235	11.185027158405422	1	5.0	4.0
486	17.775574404337235	11.185027158405422	1	5.0	4.0
487	17.775574404337235	11.185027158405422	1	5.0	4.0
488	17.775574404337235	11.185027158405422	1	5.0	4.0
489	17.775574404337235	11.185027158405422	1	5.0	4.0
490	17.775574404337235	11.185027158405422	1	5.0	4.0
491	17.775574404337235	11.185027158405422	1	5.0	4.0
492	17.775574404337235	11.185027158405422	1	5.0	4.0
493	17.775574404337235	11.185027158405422	1	5.0	4.0
494	17.775574404337235	11.185027158405422	1	5.0	4.0
495	17.775574404337235	11.185027158405422	1	5.0	4.0
496	17.775574404337235	11.185027158405422	1	5.0	4.0
497	17.775574404337235	11.185027158405422	1	5.0	4.0
498	17.775574404337235	11.185027158405422	1	5.0	4.0
499	17.775574404337235	11.185027158405422	1	5.0	4.0
500	17.775574404337235	11.185027158405422	1	5.0	4.0
501	17.775574404337235	11.185027158405422	1	5.0	4.0
502	17.775574404337235	11.185027158405422	1	5.0	4.0
503	17.775574404337235	11.185027158405422	1	5.0	4.0
504	17.775574404337235	11.185027158405422	1	5.0	4.0
505	17.775574404337235	11.185027158405422	1	5.0	4.0
506	17.775574404337235	11.185027158405422	1	5.0	4.0
507	17.775574404337235	11.185027158405422	1	5.0	4.0
508	17.775574404337235	11.185027158405422	1	5.0	4.0
509	17.775574404337235	11.185027158405422	1	5.0	4.0
510	17.775574404337235	11.185027158405422	1	5.0	4.0
511	17.775574404337235	11.185027158405422	1	5.0	4.0
512	17.775574404337235	11.185027158405422	1	5.0	4.0
513	17.775574404337235	11.185027158405422	1	5.0	4.0
514	17.775574404337235	11.185027158405422	1	5.0	4.0
515	17.775574404337235	11.185027158405422	1	5.0	4.0
516	17.775574404337235	11.185027158405422	1	5.0	4.0
517	17.775574404337235	11.185027158405422	1	5.0	4.0
518	17.775574404337235	11.185027158405422	1	5.0	4.0
519	17.775574404337235	11.185027158405422	1	5.0	4.0
520	17.775574404337235	11.185027158405422	1	5.0	4.0
521	17.775574404337235	11.185027158405422	1	5.0	4.0
522	17.775574404337235	11.185027158405422	1	5.0	4.0
523	17.775574404337235	11.185027158405422	1	5.0	4.0
524	17.775574404337235	11.185027158405422	1	5.0	4.0
525	17.775574404337235	11.185027158405422	1	5.0	4.0
526	17.775574404337235	11.185027158405422	1	5.0	4.0
527	17.775574404337235	11.185027158405422	1	5.0	4.0
528	17.775574404337235	11.185027158405422	1	5.0	4.0
529	17.775574404337235	11.185027158405422	1	5.0	4.0
530	17.775574404337235	11.185027158405422	1	5.0	4.0
531	17.775574404337235	11.185027158405422	1	5.0	4.0
532	17.775574404337235	11.185027158405422	1	5.0	4.0
533	17.775574404337235	11.185027158405422	1	5.0	4.0
534	17.775574404337235	11.185027158405422	1	5.0	4.0
535	17.775574404337235	11.185027158405422	1	5.0	4.0
536	17.775574404337235	11.185027158405422	1	5.0	4.0
537	17.775574404337235	11.185027158405422	1	5.0	4.0
538	17.775574404337235	11.185027158405422	1	5.0	4.0
539	17.775574404337235	11.185027158405422	1	5.0	4.0
540	17.775574404337235	11.185027158405422	1	5.0	4.0
541	17.775574404337235	11.185027158405422	1	5.0	4.0
542	17.775574404337235	11.185027158405422	1	5.0	4.0
543	17.775574404337235	11.185027158405422	1	5.0	4.0
544	17.775574404337235	11.185027158405422	1	5.0	4.0
545	17.775574404337235	11.185027158405422	1	5.0	4.0
546	17.775574404337235	11.185027158405422	1	5.0	4.0
547	17.775574404337235	11.185027158405422	1	5.0	4.0
548	17.775574404337235	11.185027158405422	1	5.0	4.0
549	17.775574404337235	11.185027158405422	1	5.0	4.0
550	17.775574404337235	11.185027158405422	1	5.0	4.0
551	17.775574404337235	11.185027158405422	1	5.0	4.0
552	17.775574404337235	11.185027158405422	1	5.0	4.0
553	17.775574404337235	11.185027158405422	1	5.0	4.0
554	17.775574404337235	11.185027158405422	1	5.0	4.0
555	17.775574404337235	11.185027158405422	1	5.0	4.0
556	17.775574404337235	11.185027158405422	1	5.0	4.0
557	17.775574404337235	11.185027158405422	1	5.0	4.0
558	17.775574404337235	11.185027158405422	1	5.0	4.0
559	17.775574404337235	11.185027158405422	1	5.0	4.0
560	17.775574404337235	11.185027158405422	1	5.0	4.0
561	17.775574404337235	11.185027158405422	1	5.0	4.0
562	17.775574404337235	11.185027158405422	1	5.0	4.0
563	17.775574404337235	11.185027158405422	1	5.0	4.0
564	17.775574404337235	11.185027158405422	1	5.0	4.0
565	17.775574404337235	11.185027158405422	1	5.0	4.0
566	17.775574404337235	11.185027158405422	1	5.0	4.0
567	17.775574404337235	11.185027158405422	1	5.0	4.0
568	17.775574404337235	11.185027158405422	1	5.0	4.0
569	17.775574404337235	11.185027158405422	1	5.0	4.0
570	17.775574404337235	11.185027158405422	1	5.0	4.0
571	17.775574404337235	11.185027158405422	1	5.0	4.0
572	17.775574404337235	11.185027158405422	1	5.0	4.0
573	17.775574404337235	11.185027158405422	1	5.0	4.0
574	17.775574404337235	11.185027158405422	1	5.0	4.0
575	17.775574404337235	11.185027158405422	1	5.0	4.0
576	17.775574404337235	11.185027158405422	1	5.0	4.0
577	17.775574404337235	11.185027158405422	1	5.0	4.0
578	17.775574404337235	11.185027158405422	1	5.0	4.0
579	17.775574404337235	11.185027158405422	1	5.0	4.0
580	17.775574404337235	11.185027158405422	1	5.0	4.0
581	17.775574404337235	11.185027158405422	1	5.0	4.0
582	17.775574404337235	11.185027158405422	1	5.0	4.0
583	17.775574404337235	11.185027158405422	1	5.0	4.0
584	17.775574404337235	11.185027158405422	1	5.0	4.0
585	17.775574404337235	11.185027158405422	1	5.0	4.0
586	17.775574404337235	11.185027158405422	1	5.0	4.0
587	17.775574404337235	11.185027158405422	1	5.0	4.0
588	17.775574404337235	11.185027158405422	1	5.0	4.0
589	17.775574404337235	11.185027158405422	1	5.0	4.0
590	17.775574404337235	11.185027158405422	1	5.0	4.0
591	17.775574404337235	11.185027158405422	1	5.0	4.0
592	17.775574404337235	11.185027158405422	1	5.0	4.0
593	17.775574404337235	11.185027158405422	1	5.0	4.0
594	17.775574404337235	11.185027158405422	1	5.0	4.0
595	17.775574404337235	11.185027158405422	1	5.0	4.0
596	17.775574404337235	11.185027158405422	1	5.0	4.0
597	17.775574404337235	11.185027158405422	1	5.0	4.0
598	17.775574404337235	11.185027158405422	1	5.0	4.0
599	17.775574404337235	11.185027158405422	1	5.0	4.0
600	17.775574404337235	11.185027158405422	1	5.0	4.0
601	17.775574404337235	11.185027158405422	1	5.0	4.0
602	17.775574404337235	11.185027158405422	1	5.0	4.0
603	17.775574404337235	11.185027158405422	1	5.0	4.0
604	17.775574404337235	11.185027158405422	1	5.0	4.0
605	17.775574404337235	11.185027158405422	1	5.0	4.0
606	17.775574404337235	11.185027158405422	1	5.0	4.0
607	17.775574404337235	11.185027158405422	1	5.0	4.0
608	17.775574404337235	11.185027158405422	1	5.0	4.0
609	17.775574404337235	11.185027158405422	1	5.0	4.0
610	17.775574404337235	11.185027158405422	1	5.0	4.0
611	17.775574404337235	11.185027158405422	1	5.0	4.0
612	17.775574404337235	11.185027158405422	1	5.0	4.0
613	17.775574404337235	11.185027158405422	1	5.0	4.0
614	17.775574404337235	11.185027158405422	1	5.0	4.0
615	17.775574404337235	11.185027158405422	1	5.0	4.0
616	17.775574404337235	11.185027158405422	1	5.0	4.0
617	17.775574404337235	11.185027158405422	1	5.0	4.0
618	17.775574404337235	11.185027158405422	1	5.0	4.0
619	17.775574404337235	11.185027158405422	1	5.0	4.0
620	17.775574404337235	11.185027158405422	1	5.0	4.0
621	17.775574404337235	11.185027158405422	1	5.0	4.0
622	17.775574404337235	11.185027158405422	1	5.0	4.0
623	17.775574404337235	11.185027158405422	1	5.0	4.0
624	17.775574404337235	11.185027158405422	1	5.0	4.0
625	17.775574404337235	11.185027158405422	1	5.0	4.0
626	17.775574404337235	11.185027158405422	1	5.0	4.0
627	17.775574404337235	11.185027158405422	1	5.0	4.0
628	17.775574404337235	11.185027158405422	1	5.0	4.0
629	17.775574404337235	11.185027158405422	1	5.0	4.0
630	17.775574404337235	11.185027158405422	1	5.0	4.0
631	17.775574404337235	11.185027158405422	1	5.0	4.0
632	17.775574404337235	11.185027158405422	1	5.0	4.0
633	17.775574404337235	11.185027158405422	1	5.0	4.0
634	17.775574404337235	11.185027158405422	1	5.0	4.0
635	17.775574404337235	11.185027158405422	1	5.0	4.0
636	17.775574404337235	11.185027158405422	1	5.0	4.0
637	17.775574404337235	11.185027158405422	1	5.0	4.0
638	17.775574404337235	11.185027158405422	1	5.0	4.0
639	17.775574404337235	11.185027158405422	1	5.0	4.0
640	17.775574404337235	11.185027158405422	1	5.0	4.0
641	17.775574404337235	11.185027158405422	1	5.0	4.0
642	17.775574404337235	11.185027158405422	1	5.0	4.0
643	17.775574404337235	11.185027158405422	1	5.0	4.0
644	17.775574404337235	11.185027158405422	1	5.0	4.0
645	17.775574404337235	11.185027158405422	1	5.0	4.0
646	17.775574404337235	11.185027158405422	1	5.0	4.0
647	17.775574404337235	11.185027158405422	1	5.0	4.0
648	17.775574404337235	11.185027158405422	1	5.0	4.0
649	17.775574404337235	11.185027158405422	1	5.0	4.0
650	17.775574404337235	11.185027158405422	1	5.0	4.0
651	17.775574404337235	11.185027158405422	1	5.0	4.0
652	17.775574404337235	11.185027158405422	1	5.0	4.0
653	17.775574404337235	11.185027158405422	1	5.0	4.0
654	17.775574404337235	11.185027158405422	1	5.0	4.0
655	17.775574404337235	11.185027158405422	1	5.0	4.0
656	17.775574404337235	11.185027158405422	1	5.0	4.0
657	17.775574404337235	11.185027158405422	1	5.0	4.0
658	17.775574404337235	11.185027158405422	1	5.0	4.0
659	17.775574404337235	11.185027158405422	1	5.0	4.0
660	17.775574404337235	11.185027158405422	1	5.0	4.0
661	17.775574404337235	11.185027158405422	1	5.0	4.0
662	17.775574404337235	11.185027158405422	1	5.0	4.0
663	17.775574404337235	11.185027158405422	1	5.0	4.0
664	17.775574404337235	11.185027158405422	1	5.0	4.0
665	17.775574404337235	11.185027158405422	1	5.0	4.0
666	17.775574404337235	11.185027158405422	1	5.0	4.0
667	17.775574404337235	11.185027158405422	1	5.0	4.0
668	17.775574404337235	11.185027158405422	1	5.0	4.0
669	17.775574404337235	11.185027158405422	1	5.0	4.0
670	17.775574404337235	11.185027158405422	1	5.0	4.0
671	17.775574404337235	11.185027158405422	1	5.0	4.0
672	17.775574404337235	11.185027158405422	1	5.0	4.0
673	17.775574404337235	11.185027158405422	1	5.0	4.0
674	17.775574404337235	11.185027158405422	1	5.0	4.0
675	17.775574404337235	11.185027158405422	1	5.0	4.0
676	17.775574404337235	11.185027158405422	1	5.0	4.0
677	17.775574404337235	11.185027158405422	1	5.0	4.0
678	17.775574404337235	11.185027158405422	1	5.0	4.0
679	17.775574404337235	11.185027158405422	1	5.0	4.0
680	17.775574404337235	11.185027158405422	1	5.0	4.0
681	17.775574404337235	11.185027158405422	1	5.0	4.0
682	17.775574404337235	11.185027158405422	1	5.0	4.0
683	17.775574404337235	11.185027158405422	1	5.0	4.0
684	17.775574404337235	11.185027158405422	1	5.0	4.0
685	17.775574404337235	11.185027158405422	1	5.0	4.0
686	17.775574404337235	11.185027158405422	1	5.0	4.0
687	17.775574404337235	11.185027158405422	1	5.0	4.0
688	17.775574404337235	11.185027158405422	1	5.0	4.0
689	17.775574404337235	11.185027158405422	1	5.0	4.0
690	17.775574404337235	11.185027158405422	1	5.0	4.0
691	17.775574404337235	11.185027158405422	1	5.0	4.0
692	17.775574404337235	11.185027158405422	1	5.0	4.0
693	17.775574404337235	11.185027158405422	1	5.0	4.0
694	17.775574404337235	11.185027158405422	1	5.0	4.0
695	17.775574404337235	11.185027158405422	1	5.0	4.0
696	17.775574404337235	11.185027158405422	1	5.0	4.0
697	17.775574404337235	11.185027158405422	1	5.0	4.0
698	17.775574404337235	11.185027158405422	1	5.0	4.0
699	17.775574404337235	11.185027158405422	1	5.0	4.0
700	17.775574404337235	11.185027158405422	1	5.0	4.0
701	17.775574404337235	11.185027158405422	1	5.0	4.0
702	17.775574404337235	11.185027158405422	1	5.0	4.0
703	17.775574404337235	11.185027158405422	1	5.0	4.0
704	17.775574404337235	11.185027158405422	1	5.0	4.0
705	17.775574404337235	11.185027158405422	1	5.0	4.0
706	17.775574404337235	11.185027158405422	1	5.0	4.0
707	17.775574404337235	11.185027158405422	1	5.0	4.0
708	17.775574404337235	11.185027158405422	1	5.0	4.0
709	17.775574404337235	11.185027158405422	1	5.0	4.0
710	17.775574404337235	11.185027158405422	1	5.0	4.0
711	17.775574404337235	11.185027158405422	1	5.0	4.0
712	17.775574404337235	11.185027158405422	1	5.0	4.0
713	17.775574404337235	11.185027158405422	1	5.0	4.0
714	17.775574404337235	11.185027158405422	1	5.0	4.0
715	17.775574404337235	11.185027158405422	1	5.0	4.0
716	17.775574404337235	11.185027158405422	1	5.0	4.0
717	17.775574404337235	11.185027158405422	1	5.0	4.0
718	17.775574404337235	11.185027158405422	1	5.0	4.0
719	17.775574404337235	11.185027158405422	1	5.0	4.0
720	17.775574404337235	11.185027158405422	1	5.0	4.0
721	17.775574404337235	11.185027158405422	1	5.0	4.0
722	17.775574404337235	11.185027158405422	1	5.0	4.0
723	17.775574404337235	11.185027158405422	1	5.0	4.0
724	17.775574404337235	11.185027158405422	1	5.0	4.0
725	17.775574404337235	11.185027158405422	1	5.0	4.0
726	17.775574404337235	11.185027158405422	1	5.0	4.0
727	17.775574404337235	11.185027158405422	1	5.0	4.0
728	17.775574404337235	11.185027158405422	1	5.0	4.0
729	17.775574404337235	11.185027158405422	1	5.0	4.0
730	17.775574404337235	11.185027158405422	1	5.0	4.0
731	17.775574404337235	11.185027158405422	1	5.0	4.0
732	17.775574404337235	11.185027158405422	1	5.0	4.0
733	17.775574404337235	11.185027158405422	1	5.0	4.0
734	17.775574404337235	11.185027158405422	1	5.0	4.0
735	17.775574404337235	11.185027158405422	1	5.0	4.0
736	17.775574404337235	11.185027158405422	1	5.0	4.0
737	17.775574404337235	11.185027158405422	1	5.0	4.0
738	17.775574404337235	11.185027158405422	1	5.0	4.0
739	17.775574404337235	11.185027158405422	1	5.0	4.0
740	17.775574404337235	11.185027158405422	1	5.0	4.0
741	17.775574404337235	11.185027158405422	1	5.0	4.0
742	17.775574404337235	11.185027158405422	1	5.0	4.0
743	17.775574404337235	11.185027158405422	1	5.0	4.0
744	17.775574404337235	11.185027158405422	1	5.0	4.0
745	17.775574404337235	11.185027158405422	1	5.0	4.0
746	17.775574404337235	11.185027158405422	1	5.0	4.0
747	17.775574404337235	11.185027158405422	1	5.0	4.0
748	17.775574404337235	11.185027158405422	1	5.0	4.0
749	17.775574404337235	11.185027158405422	1	5.0	4.0
750	17.775574404337235	11.185027158405422	1	5.0	4.0
751	17.775574404337235	11.185027158405422	1	5.0	4.0
752	17.775574404337235	11.185027158405422	1	5.0	4.0
753	17.775574404337235	11.185027158405422	1	5.0	4.0
754	17.775574404337235	11.185027158405422	1	5.0	4.0
755	17.775574404337235	11.185027158405422	1	5.0	4.0
756	17.775574404337235	11.185027158405422	1	5.0	4.0
757	17.775574404337235	11.185027158405422	1	5.0	4.0
758	17.775574404337235	11.185027158405422	1	5.0	4.0
759	17.775574404337235	11.185027158405422	1	5.0	4.0
760	17.775574404337235	11.185027158405422	1	5.0	4.0
761	17.775574404337235	11.185027158405422	1	5.0	4.0
762	17.775574404337235	11.185027158405422	1	5.0	4.0
763	17.775574404337235	11.185027158405422	1	5.0	4.0
764	17.775574404337235	11.185027158405422	1	5.0	4.0
765	17.775574404337235	11.185027158405422	1	5.0	4.0
766	17.775574404337235	11.185027158405422	1	5.0	4.0
767	17.775574404337235	11.185027158405422	1	5.0	4.0
768	17.775574404337235	11.185027158405422	1	5.0	4.0
769	17.775574404337235	11.185027158405422	1	5.0	4.0
770	17.775574404337235	11.185027158405422	1	5.0	4.0
771	17.775574404337235	11.185027158405422	1	5.0	4.0
772	17.775574404337235	11.185027158405422	1	5.0	4.0
773	17.775574404337235	11.185027158405422	1	5.0	4.0
774	17.775574404337235	11.185027158405422	1	5.0	4.0
775	17.775574404337235	11.185027158405422	1	5.0	4.0
776	17.775574404337235	11.185027158405422	1	5.0	4.0
777	17.775574404337235	11.185027158405422	1	5.0	4.0
778	17.775574404337235	11.185027158405422	1	5.0	4.0
779	17.775574404337235	11.185027158405422	1	5.0	4.0
780	17.775574404337235	11.185027158405422	1	5.0	4.0
781	17.775574404337235	11.185027158405422	1	5.0	4.0
782	17.775574404337235	11.185027158405422	1	5.0	4.0
783	17.775574404337235	11.185027158405422	1	5.0	4.0
784	17.775574404337235	11.185027158405422	1	5.0	4.0
785	17.775574404337235	11.185027158405422	1	5.0	4.0
786	17.775574404337235	11.185027158405422	1	5.0	4.0
787	17.775574404337235	11.185027158405422	1	5.0	4.0
788	17.775574404337235	11.185027158405422	1	5.0	4.0
789	17.775574404337235	11.185027158405422	1	5.0	4.0
790	17.775574404337235	11.185027158405422	1	5.0	4.0
791	17.775574404337235	11.185027158405422	1	5.0	4.0
792	17.775574404337235	11.185027158405422	1	5.0	4.0
793	17.775574404337235	11.185027158405422	1	5.0	4.0
794	17.775574404337235	11.185027158405422	1	5.0	4.0
795	17.775574404337235	11.185027158405422	1	5.0	4.0
796	17.775574404337235	11.185027158405422	1	5.0	4.0
797	17.775574404337235	11.185027158405422	1	5.0	4.0
798	17.775574404337235	11.185027158405422	1	5.0	4.0
799	17.775574404337235	11.185027158405422	1	5.0	4.0
800	17.775574404337235	11.185027158405422	1	5.0	4.0
801	17.775574404337235	11.185027158405422	1	5.0	4.0
802	17.775574404337235	11.185027158405422	1	5.0	4.0
803	17.775574404337235	11.185027158405422	1	5.0	4.0
804	17.775574404337235	11.185027158405422	1	5.0	4.0
805	17.775574404337235	11.185027158405422	1	5.0	4.0
806	17.775574404337235	11.185027158405422	1	5.0	4.0
807	17.775574404337235	11.185027158405422	1	5.0	4.0
808	17.775574404337235	11.185027158405422	1	5.0	4.0
809	17.775574404337235	11.185027158405422	1	5.0	4.0
810	17.775574404337235	11.185027158405422	1	5.0	4.0
