TS	X	Y
0	12	8
1	12.0	4.8
2	12.0	4.16
3	12.0	4.032
4	12.0	4.0064
5	12.0	4.00128
6	12.0	4.000256
7	12.0	4.0000512
8	12.0	4.00001024
9	12.0	4.000002048
10	12.0	4.0000004096
11	12.0	4.00000008192
12	12.0	4.000000016384
13	12.0	4.0000000032768
14	12.0	4.00000000065536
15	12.0	4.000000000131072
16	12.0	4.000000000026215
17	12.0	4.000000000005243
18	12.0	4.000000000001049
19	12.0	4.00000000000021
20	12.0	4.000000000000042
21	12.0	4.000000000000008
22	12.0	4.000000000000002
23	12.0	4.0
24	8.8	4.0
25	8.16	4.0
26	8.032	4.0
27	8.0064	4.0
28	8.00128	4.0
29	8.000256	4.0
30	8.0000512	4.0
31	8.00001024	4.0
32	8.000002048	4.0
33	8.0000004096	4.0
34	8.00000008192	4.0
35	8.000000016384	4.0
36	8.0000000032768	4.0
37	8.00000000065536	4.0
38	8.000000000131072	4.0
39	8.000000000026214	4.0
40	8.000000000005242	4.0
41	8.000000000001048	4.0
42	8.00000000000021	4.0
43	8.000000000000043	4.0
44	8.000000000000009	4.0
45	8.000000000000002	4.0
46	8.0	4.0
47	8.0	0.7999999999999998
48	8.0	0.15999999999999992
49	8.0	0.03199999999999998
50	8.0	0.006399999999999994
51	8.0	0.001279999999999998
52	8.0	0.00025599999999999955
53	8.0	5.11999999999999e-05
54	8.0	1.0239999999999978e-05
55	8.0	2.047999999999995e-06
56	8.0	4.095999999999989e-07
57	8.0	8.191999999999976e-08
58	8.0	1.6383999999999947e-08
59	8.0	3.2767999999999885e-09
60	8.0	6.553599999999975e-10
61	8.0	1.3107199999999947e-10
62	8.0	2.6214399999999886e-11
63	8.0	5.242879999999976e-12
64	8.0	1.048575999999995e-12
65	8.0	2.0971519999999896e-13
66	8.0	4.194303999999978e-14
67	8.0	8.388607999999955e-15
68	8.0	1.6777215999999906e-15
69	8.0	3.3554431999999806e-16
70	8.0	6.71088639999996e-17
71	8.0	1.3421772799999917e-17
72	8.0	2.6843545599999828e-18
73	8.0	5.368709119999965e-19
74	8.0	1.0737418239999926e-19
75	8.0	2.1474836479999848e-20
76	8.0	4.2949672959999665e-21
77	8.0	8.589934591999931e-22
78	8.0	1.7179869183999858e-22
79	8.0	3.435973836799969e-23
80	8.0	6.87194767359994e-24
81	8.0	1.3743895347199879e-24
82	8.0	2.748779069439975e-25
83	8.0	5.497558138879952e-26
84	8.0	1.0995116277759902e-26
85	8.0	2.1990232555519798e-27
86	8.0	4.398046511103961e-28
87	8.0	8.79609302220792e-29
88	8.0	1.7592186044415838e-29
89	8.0	3.5184372088831666e-30
90	8.0	7.036874417766331e-31
91	8.0	1.407374883553266e-31
92	8.0	2.814749767106531e-32
93	8.0	5.629499534213061e-33
94	8.0	1.125899906842612e-33
95	8.0	2.2517998136852248e-34
96	8.0	4.5035996273704485e-35
97	8.0	9.007199254740895e-36
98	8.0	1.8014398509481784e-36
99	8.0	3.602879701896356e-37
100	8.0	7.20575940379271e-38
101	8.0	1.441151880758541e-38
102	8.0	2.8823037615170813e-39
103	8.0	5.764607523034161e-40
104	8.0	1.152921504606832e-40
105	8.0	2.3058430092136634e-41
106	8.0	4.611686018427326e-42
107	8.0	9.22337203685465e-43
108	8.0	1.8446744073709297e-43
109	8.0	3.689348814741859e-44
110	8.0	7.378697629483716e-45
111	8.0	1.475739525896743e-45
112	8.0	2.951479051793485e-46
113	8.0	5.902958103586969e-47
114	8.0	1.1805916207173934e-47
115	8.0	2.3611832414347864e-48
116	8.0	4.7223664828695715e-49
117	8.0	9.444732965739141e-50
118	8.0	1.8889465931478279e-50
119	8.0	3.7778931862956527e-51
120	8.0	7.555786372591303e-52
121	8.0	1.5111572745182603e-52
122	8.0	3.02231454903652e-53
123	8.0	6.044629098073039e-54
124	8.0	1.2089258196146074e-54
125	8.0	2.4178516392292145e-55
126	8.0	4.835703278458428e-56
127	8.0	9.671406556916853e-57
128	8.0	1.93428131138337e-57
129	8.0	3.868562622766739e-58
130	8.0	7.737125245533477e-59
131	8.0	1.547425049106695e-59
132	8.0	3.0948500982133896e-60
133	8.0	6.189700196426778e-61
134	8.0	1.2379400392853553e-61
135	8.0	2.475880078570709e-62
136	8.0	4.95176015714142e-63
137	8.0	9.903520314282837e-64
138	8.0	1.980704062856567e-64
139	8.0	3.961408125713133e-65
140	8.0	7.922816251426265e-66
141	8.0	1.5845632502852525e-66
142	8.0	3.169126500570504e-67
143	8.0	6.338253001141006e-68
144	8.0	1.267650600228201e-68
145	8.0	2.535301200456403e-69
146	8.0	5.0706024009128045e-70
147	8.0	1.0141204801825607e-70
148	8.0	2.028240960365121e-71
149	8.0	4.0564819207302414e-72
150	8.0	8.112963841460482e-73
151	8.0	1.622592768292096e-73
152	8.0	3.245185536584191e-74
153	8.0	6.49037107316838e-75
154	8.0	1.2980742146336765e-75
155	8.0	2.5961484292673524e-76
156	8.0	5.192296858534704e-77
157	8.0	1.03845937170694e-77
158	8.0	2.0769187434138794e-78
159	8.0	4.153837486827758e-79
160	8.0	8.307674973655513e-80
161	8.0	1.6615349947311022e-80
162	8.0	3.3230699894622035e-81
163	8.0	6.646139978924405e-82
164	8.0	1.3292279957848807e-82
165	8.0	2.658455991569761e-83
166	8.0	5.316911983139521e-84
167	8.0	1.0633823966279046e-84
168	8.0	2.1267647932558087e-85
169	8.0	4.253529586511616e-86
170	8.0	8.50705917302323e-87
171	8.0	1.7014118346046457e-87
172	8.0	3.4028236692092885e-88
173	8.0	6.805647338418576e-89
174	8.0	1.3611294676837149e-89
175	8.0	2.722258935367429e-90
176	8.0	5.44451787073486e-91
177	8.0	1.0889035741469717e-91
178	8.0	2.177807148293943e-92
179	8.0	4.355614296587885e-93
180	8.0	8.711228593175767e-94
181	8.0	1.742245718635153e-94
182	8.0	3.4844914372703074e-95
183	8.0	6.968982874540613e-96
184	8.0	1.3937965749081225e-96
185	8.0	2.787593149816246e-97
186	8.0	5.5751862996324907e-98
187	8.0	1.1150372599264979e-98
188	8.0	2.2300745198529954e-99
189	8.0	4.46014903970599e-100
190	8.0	8.920298079411977e-101
191	8.0	1.784059615882395e-101
192	8.0	3.5681192317647896e-102
193	8.0	7.136238463529577e-103
194	8.0	1.4272476927059152e-103
195	8.0	2.85449538541183e-104
196	8.0	5.708990770823658e-105
197	8.0	1.1417981541647309e-105
198	8.0	2.2835963083294614e-106
199	8.0	4.567192616658922e-107
200	8.0	9.134385233317842e-108
201	8.0	1.826877046663568e-108
202	8.0	3.6537540933271355e-109
203	8.0	7.307508186654265e-110
204	8.0	1.4615016373308528e-110
205	8.0	2.923003274661705e-111
206	8.0	5.8460065493234085e-112
207	8.0	1.1692013098646815e-112
208	8.0	2.3384026197293626e-113
209	8.0	4.6768052394587245e-114
210	8.0	9.353610478917447e-115
211	8.0	1.8707220957834888e-115
212	8.0	3.741444191566977e-116
213	8.0	7.482888383133952e-117
214	8.0	1.4965776766267902e-117
215	8.0	2.9931553532535796e-118
216	8.0	5.986310706507158e-119
217	8.0	1.1972621413014313e-119
218	8.0	2.394524282602862e-120
219	8.0	4.789048565205723e-121
220	8.0	9.578097130411444e-122
221	8.0	1.9156194260822885e-122
222	8.0	3.8312388521645764e-123
223	8.0	7.662477704329152e-124
224	8.0	1.53249554086583e-124
225	8.0	3.064991081731659e-125
226	8.0	6.129982163463321e-126
227	8.0	1.2259964326926639e-126
228	8.0	2.451992865385327e-127
229	8.0	4.903985730770654e-128
230	8.0	9.807971461541305e-129
231	8.0	1.9615942923082605e-129
232	8.0	3.9231885846165206e-130
233	8.0	7.84637716923304e-131
234	8.0	1.5692754338466075e-131
235	8.0	3.138550867693214e-132
236	8.0	6.277101735386427e-133
237	8.0	1.2554203470772851e-133
238	8.0	2.51084069415457e-134
239	8.0	5.021681388309139e-135
240	8.0	1.0043362776618275e-135
241	8.0	2.0086725553236548e-136
242	8.0	4.017345110647309e-137
243	8.0	8.034690221294616e-138
244	8.0	1.6069380442589227e-138
245	8.0	3.2138760885178448e-139
246	8.0	6.427752177035688e-140
247	8.0	1.2855504354071374e-140
248	8.0	2.571100870814274e-141
249	8.0	5.142201741628547e-142
