Episode_Group	numSteps	Reward	Energy
1	163.0	-73.0	6979.0
2	140.0	-43.0	6029.0
3	158.0	-63.0	6650.0
4	135.0	-33.0	5715.0
5	126.0	-26.0	5440.0
6	140.0	-36.0	5601.0
7	166.0	-70.0	5435.0
8	135.0	-32.0	4178.0
9	133.0	-33.0	4234.0
10	88.0	14.0	2484.0
11	74.0	32.0	2615.0
12	80.0	26.0	2885.0
13	116.0	-16.0	3309.0
14	52.0	55.0	2095.0
15	69.0	37.0	2363.0
16	85.0	19.0	2806.0
17	66.0	40.0	2649.0
18	106.0	-5.0	3025.0
19	155.0	-58.0	3902.0
20	132.0	-31.0	3460.0
21	150.0	-67.0	2964.0
22	57.0	46.0	2273.0
23	89.0	11.0	2637.0
24	83.0	3.0	2034.0
25	22.0	85.0	1197.0
26	65.0	38.0	2033.0
27	107.0	-10.0	3112.0
28	101.0	0.0	4069.0
29	80.0	20.0	4168.0
30	97.0	2.0	4500.0
31	61.0	42.0	1890.0
32	83.0	18.0	2413.0
33	35.0	72.0	1504.0
34	52.0	50.0	2380.0
35	126.0	-33.0	4186.0
36	53.0	51.0	2637.0
37	42.0	63.0	1870.0
38	42.0	63.0	1892.0
39	51.0	53.0	2078.0
40	44.0	61.0	1665.0
41	39.0	68.0	1996.0
42	24.0	83.0	1404.0
43	20.0	87.0	1270.0
44	18.0	89.0	1193.0
45	53.0	49.0	2350.0
46	31.0	76.0	1527.0
47	97.0	2.0	1949.0
48	132.0	-39.0	2317.0
49	84.0	16.0	1927.0
50	117.0	-29.0	2073.0
51	68.0	26.0	1696.0
52	67.0	34.0	1594.0
53	100.0	-3.0	2152.0
54	101.0	-18.0	2037.0
55	87.0	13.0	2145.0
56	87.0	9.0	1930.0
57	32.0	73.0	1153.0
58	31.0	75.0	1397.0
59	65.0	34.0	1620.0
60	31.0	75.0	1158.0
61	20.0	88.0	1065.0
62	52.0	51.0	1586.0
63	32.0	73.0	1101.0
64	17.0	90.0	1035.0
65	32.0	68.0	1115.0
66	48.0	47.0	1171.0
67	81.0	18.0	1977.0
68	13.0	94.0	819.0
69	47.0	57.0	1348.0
70	46.0	56.0	1318.0
71	30.0	74.0	1059.0
72	30.0	74.0	1062.0
73	30.0	76.0	1010.0
74	30.0	76.0	1008.0
75	13.0	94.0	838.0
76	30.0	74.0	1041.0
77	30.0	66.0	942.0
78	29.0	70.0	937.0
79	30.0	69.0	988.0
80	15.0	92.0	935.0
81	13.0	94.0	822.0
82	13.0	95.0	805.0
83	46.0	55.0	1216.0
84	30.0	70.0	969.0
85	47.0	52.0	1282.0
86	13.0	94.0	815.0
87	30.0	76.0	1064.0
88	30.0	70.0	996.0
89	13.0	94.0	816.0
90	30.0	75.0	1081.0
91	30.0	69.0	1046.0
92	30.0	76.0	1014.0
93	30.0	71.0	1008.0
94	13.0	94.0	819.0
95	29.0	76.0	1016.0
96	30.0	76.0	1087.0
97	41.0	65.0	1264.0
98	46.0	59.0	1191.0
99	48.0	50.0	1308.0
100	14.0	93.0	901.0
101	13.0	95.0	805.0
102	13.0	95.0	805.0
103	13.0	94.0	807.0
104	40.0	66.0	1121.0
105	29.0	77.0	1005.0
106	30.0	71.0	977.0
107	30.0	70.0	1002.0
108	40.0	64.0	1206.0
109	30.0	76.0	1004.0
110	13.0	94.0	815.0
111	13.0	94.0	813.0
112	30.0	73.0	1026.0
113	30.0	72.0	1062.0
114	14.0	93.0	883.0
115	30.0	73.0	1091.0
116	32.0	70.0	1070.0
117	30.0	76.0	1077.0
118	29.0	76.0	1048.0
119	13.0	94.0	816.0
120	13.0	95.0	803.0
121	13.0	94.0	833.0
122	14.0	93.0	891.0
123	13.0	95.0	805.0
124	13.0	94.0	815.0
125	13.0	95.0	805.0
126	30.0	74.0	1059.0
127	13.0	94.0	846.0
128	13.0	94.0	813.0
129	13.0	94.0	836.0
130	13.0	94.0	815.0
131	13.0	94.0	830.0
132	30.0	74.0	1056.0
133	13.0	94.0	822.0
134	13.0	94.0	825.0
135	30.0	76.0	1024.0
136	46.0	48.0	1108.0
137	13.0	94.0	826.0
138	13.0	94.0	818.0
139	13.0	94.0	806.0
140	13.0	94.0	833.0
141	30.0	75.0	987.0
142	30.0	74.0	1069.0
143	13.0	94.0	826.0
144	13.0	95.0	805.0
145	21.0	86.0	1228.0
146	13.0	94.0	822.0
147	47.0	58.0	1355.0
148	14.0	94.0	857.0
149	13.0	94.0	830.0
150	30.0	71.0	1050.0
151	30.0	71.0	1050.0
152	13.0	94.0	829.0
153	13.0	94.0	832.0
154	15.0	93.0	900.0
155	15.0	92.0	919.0
156	15.0	92.0	894.0
157	15.0	92.0	901.0
158	32.0	71.0	1128.0
159	14.0	94.0	848.0
160	17.0	90.0	982.0
161	15.0	92.0	910.0
162	32.0	72.0	1255.0
163	16.0	91.0	922.0
164	15.0	92.0	883.0
165	16.0	92.0	916.0
166	15.0	92.0	925.0
167	15.0	92.0	918.0
168	32.0	69.0	1128.0
169	16.0	91.0	953.0
170	32.0	67.0	1092.0
171	14.0	93.0	876.0
172	15.0	92.0	895.0
173	15.0	92.0	908.0
174	15.0	92.0	922.0
175	15.0	92.0	925.0
176	14.0	93.0	918.0
177	15.0	92.0	926.0
178	48.0	52.0	1419.0
179	32.0	71.0	1327.0
180	15.0	92.0	930.0
181	16.0	92.0	959.0
182	15.0	92.0	929.0
183	15.0	92.0	942.0
184	14.0	93.0	875.0
185	14.0	94.0	846.0
186	49.0	53.0	1412.0
187	15.0	92.0	932.0
188	16.0	91.0	961.0
189	31.0	75.0	1121.0
190	13.0	94.0	843.0
191	13.0	94.0	816.0
192	13.0	94.0	837.0
193	13.0	94.0	822.0
194	13.0	94.0	823.0
195	13.0	94.0	812.0
196	30.0	75.0	1053.0
197	15.0	92.0	939.0
198	13.0	94.0	848.0
199	48.0	50.0	1322.0
200	15.0	92.0	927.0
201	15.0	93.0	898.0
202	16.0	92.0	969.0
203	15.0	92.0	922.0
204	16.0	91.0	978.0
205	15.0	92.0	925.0
206	15.0	92.0	945.0
207	16.0	91.0	996.0
208	17.0	90.0	1022.0
209	16.0	91.0	984.0
210	32.0	65.0	1121.0
211	15.0	92.0	928.0
212	14.0	93.0	886.0
213	15.0	92.0	954.0
214	14.0	93.0	896.0
215	15.0	92.0	935.0
216	14.0	93.0	912.0
217	32.0	66.0	1124.0
218	14.0	93.0	898.0
219	30.0	71.0	1066.0
220	47.0	54.0	1260.0
221	14.0	93.0	923.0
222	13.0	94.0	867.0
223	15.0	93.0	931.0
224	14.0	93.0	932.0
225	15.0	93.0	907.0
226	13.0	94.0	808.0
227	14.0	93.0	864.0
228	12.0	95.0	800.0
229	31.0	74.0	1050.0
230	13.0	94.0	823.0
231	31.0	74.0	1093.0
232	13.0	94.0	867.0
233	14.0	94.0	883.0
234	14.0	94.0	881.0
235	14.0	93.0	934.0
236	13.0	94.0	870.0
237	14.0	93.0	905.0
238	15.0	92.0	936.0
239	14.0	93.0	908.0
240	14.0	93.0	891.0
241	13.0	94.0	850.0
242	30.0	75.0	1002.0
243	13.0	94.0	802.0
244	13.0	94.0	834.0
245	15.0	92.0	928.0
246	34.0	71.0	1202.0
247	15.0	93.0	903.0
248	13.0	94.0	865.0
249	13.0	94.0	831.0
250	13.0	94.0	863.0
251	13.0	94.0	837.0
252	29.0	71.0	998.0
253	12.0	95.0	789.0
254	13.0	94.0	820.0
255	12.0	95.0	808.0
256	13.0	94.0	798.0
257	12.0	95.0	781.0
258	12.0	95.0	814.0
259	29.0	74.0	1036.0
260	14.0	93.0	883.0
261	12.0	95.0	808.0
262	12.0	95.0	786.0
263	29.0	74.0	1027.0
264	30.0	68.0	995.0
265	13.0	94.0	908.0
266	14.0	93.0	935.0
267	14.0	93.0	917.0
268	14.0	94.0	898.0
269	13.0	94.0	834.0
270	14.0	93.0	903.0
271	13.0	94.0	856.0
272	13.0	94.0	826.0
273	12.0	95.0	825.0
274	12.0	95.0	808.0
275	13.0	95.0	824.0
276	29.0	74.0	992.0
277	16.0	92.0	976.0
278	14.0	94.0	872.0
279	13.0	94.0	823.0
280	12.0	95.0	804.0
281	12.0	95.0	802.0
282	12.0	95.0	812.0
283	12.0	95.0	815.0
284	12.0	95.0	840.0
285	30.0	71.0	1028.0
286	29.0	74.0	1039.0
287	14.0	94.0	844.0
288	12.0	95.0	818.0
289	12.0	96.0	809.0
290	12.0	95.0	810.0
291	30.0	68.0	1017.0
292	46.0	49.0	1173.0
293	19.0	0.0	354.0
