TS	X	Y	Direction	Line_Man	Column_Man
0	12.022831705333523	13.404566341066705	0	3	1
1	12.022831705333523	13.404566341066705	0	3.0	1.0
2	12.022831705333523	13.404566341066705	0	3.0	1.0
3	12.022831705333523	13.404566341066705	0	3.0	1.0
4	12.022831705333523	13.404566341066705	0	3.0	1.0
5	12.022831705333523	13.404566341066705	0	3.0	1.0
6	12.022831705333523	13.404566341066705	0	3.0	1.0
7	12.022831705333523	13.404566341066705	0	3.0	1.0
8	12.022831705333523	13.404566341066705	0	3.0	1.0
9	12.022831705333523	13.404566341066705	0	3.0	1.0
10	12.022831705333523	13.404566341066705	0	3.0	1.0
11	12.022831705333523	13.404566341066705	0	3.0	1.0
12	12.022831705333523	13.404566341066705	0	3.0	1.0
13	12.022831705333523	13.404566341066705	0	3.0	1.0
14	12.022831705333523	13.404566341066705	0	3.0	1.0
15	12.022831705333523	13.404566341066705	0	3.0	1.0
16	12.022831705333523	13.404566341066705	0	3.0	1.0
17	12.022831705333523	13.404566341066705	0	3.0	1.0
18	12.022831705333523	13.404566341066705	0	3.0	1.0
19	12.022831705333523	13.404566341066705	0	3.0	1.0
20	12.022831705333523	13.404566341066705	0	3.0	1.0
21	12.022831705333523	13.404566341066705	0	3.0	1.0
22	12.022831705333523	13.404566341066705	0	3.0	1.0
23	12.022831705333523	13.404566341066705	0	3.0	1.0
24	12.022831705333523	13.404566341066705	0	3.0	1.0
25	12.022831705333523	13.404566341066705	0	3.0	1.0
26	12.022831705333523	13.404566341066705	0	3.0	1.0
27	12.022831705333523	13.404566341066705	0	3.0	1.0
28	12.022831705333523	13.404566341066705	0	3.0	1.0
29	12.022831705333523	13.404566341066705	0	3.0	1.0
30	12.022831705333523	13.404566341066705	0	3.0	1.0
31	12.022831705333523	13.404566341066705	0	3.0	1.0
32	12.022831705333523	13.404566341066705	0	3.0	1.0
33	12.022831705333523	13.404566341066705	0	3.0	1.0
34	12.022831705333523	13.404566341066705	0	3.0	1.0
35	12.022831705333523	13.404566341066705	0	3.0	1.0
36	12.022831705333523	13.404566341066705	0	3.0	1.0
37	12.022831705333523	13.404566341066705	0	3.0	1.0
38	12.022831705333523	13.404566341066705	0	3.0	1.0
39	12.022831705333523	13.404566341066705	0	3.0	1.0
40	12.022831705333523	13.404566341066705	0	3.0	1.0
41	12.022831705333523	13.404566341066705	0	3.0	1.0
42	12.022831705333523	13.404566341066705	0	3.0	1.0
43	12.022831705333523	13.404566341066705	0	3.0	1.0
44	12.022831705333523	13.404566341066705	0	3.0	1.0
45	12.022831705333523	13.404566341066705	0	3.0	1.0
46	12.022831705333523	13.404566341066705	0	3.0	1.0
47	12.022831705333523	13.404566341066705	0	3.0	1.0
48	12.022831705333523	13.404566341066705	0	3.0	1.0
49	12.022831705333523	13.404566341066705	0	3.0	1.0
50	12.022831705333523	13.404566341066705	0	3.0	1.0
51	12.022831705333523	13.404566341066705	0	3.0	1.0
52	12.022831705333523	13.404566341066705	0	3.0	1.0
53	12.022831705333523	13.404566341066705	0	3.0	1.0
54	12.022831705333523	13.404566341066705	0	3.0	1.0
55	12.022831705333523	13.404566341066705	0	3.0	1.0
56	12.022831705333523	13.404566341066705	0	3.0	1.0
57	12.022831705333523	13.404566341066705	0	3.0	1.0
58	12.022831705333523	13.404566341066705	0	3.0	1.0
59	12.022831705333523	13.404566341066705	0	3.0	1.0
60	12.022831705333523	13.404566341066705	0	3.0	1.0
61	12.022831705333523	13.404566341066705	0	3.0	1.0
62	12.022831705333523	13.404566341066705	0	3.0	1.0
63	12.022831705333523	13.404566341066705	0	3.0	1.0
64	12.022831705333523	13.404566341066705	0	3.0	1.0
65	12.022831705333523	13.404566341066705	0	3.0	1.0
66	12.022831705333523	13.404566341066705	0	3.0	1.0
67	12.022831705333523	13.404566341066705	0	3.0	1.0
68	12.022831705333523	13.404566341066705	0	3.0	1.0
69	12.022831705333523	13.404566341066705	0	3.0	1.0
70	12.022831705333523	13.404566341066705	0	3.0	1.0
71	12.022831705333523	13.404566341066705	0	3.0	1.0
72	12.022831705333523	13.404566341066705	0	3.0	1.0
73	12.022831705333523	13.404566341066705	0	3.0	1.0
74	12.022831705333523	13.404566341066705	0	3.0	1.0
75	12.022831705333523	13.404566341066705	0	3.0	1.0
76	12.022831705333523	13.404566341066705	0	3.0	1.0
77	12.022831705333523	13.404566341066705	0	3.0	1.0
78	12.022831705333523	13.404566341066705	0	3.0	1.0
79	12.022831705333523	13.404566341066705	0	3.0	1.0
80	12.022831705333523	13.404566341066705	0	3.0	1.0
81	12.022831705333523	13.404566341066705	0	3.0	1.0
82	12.022831705333523	13.404566341066705	0	3.0	1.0
83	12.022831705333523	13.404566341066705	0	3.0	1.0
84	12.022831705333523	13.404566341066705	0	3.0	1.0
85	12.022831705333523	13.404566341066705	0	3.0	1.0
86	12.022831705333523	13.404566341066705	0	3.0	1.0
87	12.022831705333523	13.404566341066705	0	3.0	1.0
88	12.022831705333523	13.404566341066705	0	3.0	1.0
89	12.022831705333523	13.404566341066705	0	3.0	1.0
90	12.022831705333523	13.404566341066705	0	3.0	1.0
91	12.022831705333523	13.404566341066705	0	3.0	1.0
92	12.022831705333523	13.404566341066705	0	3.0	1.0
93	12.022831705333523	13.404566341066705	0	3.0	1.0
94	12.022831705333523	13.404566341066705	0	3.0	1.0
95	12.022831705333523	13.404566341066705	0	3.0	1.0
96	12.022831705333523	13.404566341066705	0	3.0	1.0
97	12.022831705333523	13.404566341066705	0	3.0	1.0
98	12.022831705333523	13.404566341066705	0	3.0	1.0
99	12.022831705333523	13.404566341066705	0	3.0	1.0
100	12.022831705333523	13.404566341066705	0	3.0	1.0
101	12.022831705333523	13.404566341066705	0	3.0	1.0
102	12.022831705333523	13.404566341066705	0	3.0	1.0
103	12.022831705333523	13.404566341066705	0	3.0	1.0
104	12.022831705333523	13.404566341066705	0	3.0	1.0
105	12.022831705333523	13.404566341066705	0	3.0	1.0
106	12.022831705333523	13.404566341066705	0	3.0	1.0
107	12.022831705333523	13.404566341066705	0	3.0	1.0
108	12.022831705333523	13.404566341066705	0	3.0	1.0
109	12.022831705333523	13.404566341066705	0	3.0	1.0
110	12.022831705333523	13.404566341066705	0	3.0	1.0
111	12.022831705333523	13.404566341066705	0	3.0	1.0
112	12.022831705333523	13.404566341066705	0	3.0	1.0
113	12.022831705333523	13.404566341066705	0	3.0	1.0
114	12.022831705333523	13.404566341066705	0	3.0	1.0
115	12.022831705333523	13.404566341066705	0	3.0	1.0
116	12.022831705333523	13.404566341066705	0	3.0	1.0
117	12.022831705333523	13.404566341066705	0	3.0	1.0
118	12.022831705333523	13.404566341066705	0	3.0	1.0
119	12.022831705333523	13.404566341066705	0	3.0	1.0
120	12.022831705333523	13.404566341066705	0	3.0	1.0
121	12.022831705333523	13.404566341066705	0	3.0	1.0
122	12.022831705333523	13.404566341066705	0	3.0	1.0
123	12.022831705333523	13.404566341066705	0	3.0	1.0
124	12.022831705333523	13.404566341066705	0	3.0	1.0
125	12.022831705333523	13.404566341066705	0	3.0	1.0
