EpNum	EpSteps	Reward	ener	dist	NumCovTargets
1	847	-792.0	43398.13041421659	0.0	7
2	150	-62.0	7120.407209360658	0.0	10
3	68	29	2990.225683894414	0.0	10
4	55	40	2526.9038943812166	0.0	10
5	548	-453	27528.072995870847	0.0	10
6	473	-386.0	22743.61325991776	0.0	10
7	628	-533	32054.915995495467	0.0	10
8	253	-157	12421.284840445676	0.0	10
9	269	-173	11467.737367038077	0.0	10
10	257	-162	12035.006629958867	0.0	10
11	359	-273.0	18654.926681266752	0.0	10
12	12	82	498.1564209736039	0.0	10
13	233	-139	11232.545735202279	0.0	10
14	683	-597.0	34013.15004755411	0.0	10
15	384	-289	16486.77978726092	0.0	10
16	696	-602	33138.49810036347	0.0	10
17	6	88	355.07821048680194	0.0	10
18	815	-719	38298.21036290875	0.0	10
19	645	-550	30561.124943061415	0.0	10
20	518	-431.0	21917.013839319556	0.0	10
21	665	-568	29113.603732949974	0.0	10
22	528	-432	21101.07473407613	0.0	10
23	378	-291.0	16279.762471530714	0.0	10
24	656	-561	28474.64731197644	0.0	10
25	681	-585	27600.71773370084	0.0	10
26	624	-529	24063.978628457367	0.0	10
27	526	-438.0	17081.354103366517	0.0	10
28	634	-537	24566.508786134764	0.0	10
29	386	-292	13060.728419472101	0.0	10
30	613	-517	22697.066365911953	0.0	10
31	546	-450	17975.327840070346	0.0	10
32	847	-772	32966.72494306149	0.0	8
33	436	-340	14624.980366662703	0.0	10
34	569	-474	18710.353523964735	0.0	10
35	847	-761	32410.777469653778	0.0	9
36	578	-490.0	19024.866945313745	0.0	10
37	600	-522.0	15197.215577524932	0.0	10
38	847	-847	18028.711683143574	0.0	1
39	847	-847	23776.963630334085	0.0	1
40	847	-794	13269.060315354951	0.0	6
41	847	-795	10150.286578651196	0.0	6
42	847	-795	10978.103894381422	0.0	6
43	814	-736.0	10471.521210111614	0.0	10
44	847	-795	10980.138525841807	0.0	6
45	847	-795	11299.834052058803	0.0	6
46	596	-502	8356.503894381325	0.0	10
47	847	-791.0	10447.086578651231	0.0	8
48	847	-782.0	10064.80836816441	0.0	8
49	847	-795	10957.921210111652	0.0	6
50	847	-774	9321.112841947363	0.0	8
51	285	-200.0	6385.791052434062	0.0	10
52	847	-772.0	11828.816736328654	0.0	9
53	847	-783.0	8767.20000000014	0.0	8
54	847	-790.0	9107.756420973748	0.0	8
55	612	-534.0	6640.434631460463	0.0	10
56	847	-789.0	8769.234631460546	0.0	9
57	847	-790.0	10510.34747340782	0.0	8
58	847	-803.0	10548.678210486998	0.0	6
59	847	-781.0	11124.808368164424	0.0	8
60	847	-771.0	11297.121210111613	0.0	9
61	847	-782.0	11466.721210111666	0.0	8
62	847	-795	12504.503894381423	0.0	6
63	847	-795	15131.947473407852	0.0	6
64	847	-795	14371.460315355065	0.0	6
65	19	75	1031.078210486802	0.0	10
66	847	-784	13609.616736328642	0.0	7
67	268	-174	4886.651947190618	0.0	10
68	847	-795	12105.434052058847	0.0	6
69	10	84	584.6173157302029	0.0	10
70	10	84	584.6173157302029	0.0	10
71	10	84	584.6173157302029	0.0	10
72	10	84	584.6173157302029	0.0	10
73	847	-764	12568.442999624875	0.0	9
74	847	-764	10554.782104868216	0.0	9
75	847	-763	15694.16247153094	0.0	9
76	847	-764	11256.755841572063	0.0	9
77	847	-764	9875.02568389459	0.0	9
78	847	-764	9918.103894381406	0.0	9
79	847	-764	10278.84299962481	0.0	9
80	847	-764	11128.199420598436	0.0	9
81	847	-764	10004.260315354995	0.0	9
82	841	-755.0	12417.38989363073	0.0	10
83	293	-199	6795.850788387081	0.0	10
84	205	-120.0	3522.042999624603	0.0	10
85	847	-764	10450.477631085201	0.0	9
86	847	-763	9984.077631085207	0.0	9
87	8	86	523.6955262170048	0.0	10
88	8	86	523.6955262170048	0.0	10
89	792	-706.0	9496.44299962478	0.0	10
90	26	68	1588.9301576774103	0.0	10
91	27	67	1619.3910524340095	0.0	10
92	81	4.0	1989.0519471906034	0.0	10
93	27	67	1491.5128419472078	0.0	10
94	28	66	1501.1128419472077	0.0	10
95	8	86	480.6173157302029	0.0	10
96	6	88	376.6173157302029	0.0	10
97	6	88	376.6173157302029	0.0	10
98	6	88	376.6173157302029	0.0	10
99	6	88	376.6173157302029	0.0	10
100	6	88	376.6173157302029	0.0	10
101	6	88	376.6173157302029	0.0	10
102	6	88	376.6173157302029	0.0	10
103	6	88	376.6173157302029	0.0	10
104	6	88	376.6173157302029	0.0	10
105	6	88	376.6173157302029	0.0	10
106	6	88	376.6173157302029	0.0	10
107	7	87	386.21731573020287	0.0	10
108	6	88	376.6173157302029	0.0	10
109	6	88	376.6173157302029	0.0	10
110	6	88	376.6173157302029	0.0	10
111	6	88	376.6173157302029	0.0	10
112	6	88	376.6173157302029	0.0	10
113	6	88	376.6173157302029	0.0	10
114	6	88	376.6173157302029	0.0	10
115	81	4.0	1649.8519471906034	0.0	10
116	6	88	376.6173157302029	0.0	10
117	847	-782.0	9702.712841947383	0.0	8
118	6	88	376.6173157302029	0.0	10
119	6	88	376.6173157302029	0.0	10
120	6	88	376.6173157302029	0.0	10
121	847	-791.0	9213.417315730348	0.0	8
122	79	15	1862.8346314604007	0.0	10
123	95	-10.0	1910.0955262169982	0.0	10
124	80	5.0	1914.834631460401	0.0	10
125	81	4.0	1797.2346314604004	0.0	10
126	81	4.0	1797.2346314604004	0.0	10
127	125	-39.0	2558.1564209735957	0.0	10
128	27	67	1405.356420973604	0.0	10
129	26	68	1374.8955262170048	0.0	10
130	388	-302.0	4977.295526217012	0.0	10
131	847	-772.0	9214.77373670396	0.0	9
132	847	-774	9724.251947190769	0.0	8
133	6	88	376.6173157302029	0.0	10
134	6	88	376.6173157302029	0.0	10
135	6	88	376.6173157302029	0.0	10
136	6	88	376.6173157302029	0.0	10
137	6	88	376.6173157302029	0.0	10
138	6	88	376.6173157302029	0.0	10
139	7	87	386.21731573020287	0.0	10
140	6	88	376.6173157302029	0.0	10
141	6	88	376.6173157302029	0.0	10
142	8	86	523.6955262170048	0.0	10
143	7	87	386.21731573020287	0.0	10
144	205	-120.0	3156.5564209735876	0.0	10
145	96	-11.0	2067.7564209735974	0.0	10
146	125	-31	2176.5564209735944	0.0	10
147	847	-774	9066.034631460554	0.0	8
148	847	-774	9873.669262920981	0.0	8
149	847	-772.0	9278.034631460565	0.0	9
150	847	-774	9766.651947190772	0.0	8
151	847	-774	9385.051947190757	0.0	8
152	847	-774	9469.173736703966	0.0	8
153	847	-772.0	8981.234631460557	0.0	9
154	847	-763	9492.747473407782	0.0	9
155	847	-772.0	9833.303894381375	0.0	9
156	847	-772.0	9086.895526217158	0.0	9
157	847	-774	9661.669262920967	0.0	8
158	847	-772.0	9087.573736703956	0.0	9
159	847	-774	9684.564789137987	0.0	8
160	847	-774	9514.964789137983	0.0	8
161	847	-774	10090.416736328621	0.0	8
162	847	-764	9791.58210486818	0.0	9
163	847	-764	9557.364789137995	0.0	9
164	847	-764	9854.842999624785	0.0	9
165	847	-764	9917.425683894595	0.0	9
166	847	-764	9362.156420973773	0.0	9
167	6	88	376.6173157302029	0.0	10
168	6	88	376.6173157302029	0.0	10
169	6	88	376.6173157302029	0.0	10
170	6	88	376.6173157302029	0.0	10
171	6	88	376.6173157302029	0.0	10
172	847	-764	9766.651947190781	0.0	9
173	205	-120.0	2393.3564209735937	0.0	10
174	6	88	376.6173157302029	0.0	10
175	6	88	376.6173157302029	0.0	10
176	6	88	376.6173157302029	0.0	10
177	6	88	376.6173157302029	0.0	10
178	6	88	376.6173157302029	0.0	10
179	6	88	376.6173157302029	0.0	10
180	6	88	376.6173157302029	0.0	10
181	6	88	376.6173157302029	0.0	10
182	6	88	376.6173157302029	0.0	10
183	6	88	376.6173157302029	0.0	10
184	6	88	376.6173157302029	0.0	10
185	6	88	376.6173157302029	0.0	10
186	746	-652	8202.773736703915	0.0	10
187	6	88	376.6173157302029	0.0	10
188	6	88	376.6173157302029	0.0	10
189	6	88	376.6173157302029	0.0	10
190	205	-120.0	2329.4173157301925	0.0	10
191	377	-292.0	4469.234631460386	0.0	10
192	847	-764	9129.973736703958	0.0	9
193	847	-801.0	8832.49552621714	0.0	7
194	6	88	376.6173157302029	0.0	10
195	6	88	376.6173157302029	0.0	10
196	175	-81	2147.7564209735965	0.0	10
197	6	88	376.6173157302029	0.0	10
198	7	87	386.21731573020287	0.0	10
199	6	88	376.6173157302029	0.0	10
200	6	88	376.6173157302029	0.0	10
201	6	88	376.6173157302029	0.0	10
202	6	88	376.6173157302029	0.0	10
203	6	88	376.6173157302029	0.0	10
204	6	88	376.6173157302029	0.0	10
205	6	88	376.6173157302029	0.0	10
206	6	88	376.6173157302029	0.0	10
207	6	88	376.6173157302029	0.0	10
208	6	88	376.6173157302029	0.0	10
209	7	87	386.2173157302029	0.0	10
210	6	88	376.6173157302029	0.0	10
211	6	88	376.6173157302029	0.0	10
212	6	88	376.6173157302029	0.0	10
213	6	88	376.6173157302029	0.0	10
214	6	88	376.6173157302029	0.0	10
215	6	88	376.6173157302029	0.0	10
216	6	88	376.6173157302029	0.0	10
217	6	88	376.6173157302029	0.0	10
218	6	88	376.6173157302029	0.0	10
219	6	88	376.6173157302029	0.0	10
220	6	88	376.6173157302029	0.0	10
221	6	88	376.6173157302029	0.0	10
222	6	88	376.6173157302029	0.0	10
223	6	88	376.6173157302029	0.0	10
224	6	88	376.6173157302029	0.0	10
225	6	88	376.6173157302029	0.0	10
226	6	88	376.6173157302029	0.0	10
227	6	88	376.6173157302029	0.0	10
228	847	-782.0	9044.495526217148	0.0	8
229	6	88	376.6173157302029	0.0	10
230	6	88	376.6173157302029	0.0	10
231	6	88	376.6173157302029	0.0	10
232	6	88	376.6173157302029	0.0	10
233	6	88	376.6173157302029	0.0	10
234	6	88	376.6173157302029	0.0	10
235	6	88	376.6173157302029	0.0	10
236	6	88	376.6173157302029	0.0	10
237	6	88	376.6173157302029	0.0	10
238	6	88	376.6173157302029	0.0	10
239	6	88	376.6173157302029	0.0	10
240	6	88	376.6173157302029	0.0	10
241	6	88	376.6173157302029	0.0	10
242	6	88	376.6173157302029	0.0	10
243	6	88	376.6173157302029	0.0	10
244	7	87	386.21731573020287	0.0	10
245	6	88	376.6173157302029	0.0	10
246	6	88	376.6173157302029	0.0	10
247	6	88	376.6173157302029	0.0	10
248	6	88	376.6173157302029	0.0	10
249	6	88	376.6173157302029	0.0	10
250	6	88	376.6173157302029	0.0	10
251	6	88	376.6173157302029	0.0	10
252	6	88	376.6173157302029	0.0	10
253	6	88	376.6173157302029	0.0	10
254	6	88	376.6173157302029	0.0	10
255	6	88	376.6173157302029	0.0	10
256	6	88	376.6173157302029	0.0	10
257	6	88	376.6173157302029	0.0	10
258	6	88	376.6173157302029	0.0	10
259	6	88	376.6173157302029	0.0	10
260	6	88	376.6173157302029	0.0	10
261	6	88	376.6173157302029	0.0	10
262	6	88	376.6173157302029	0.0	10
263	6	88	376.6173157302029	0.0	10
264	6	88	376.6173157302029	0.0	10
265	6	88	376.6173157302029	0.0	10
266	6	88	376.6173157302029	0.0	10
267	6	88	376.6173157302029	0.0	10
268	6	88	376.6173157302029	0.0	10
269	6	88	376.6173157302029	0.0	10
270	6	88	376.6173157302029	0.0	10
271	6	88	376.6173157302029	0.0	10
272	6	88	376.6173157302029	0.0	10
273	6	88	376.6173157302029	0.0	10
274	6	88	376.6173157302029	0.0	10
275	6	88	376.6173157302029	0.0	10
276	6	88	376.6173157302029	0.0	10
277	6	88	376.6173157302029	0.0	10
278	6	88	376.6173157302029	0.0	10
279	6	88	376.6173157302029	0.0	10
280	6	88	376.6173157302029	0.0	10
281	6	88	376.6173157302029	0.0	10
282	6	88	376.6173157302029	0.0	10
283	6	88	376.6173157302029	0.0	10
284	6	88	376.6173157302029	0.0	10
285	6	88	376.6173157302029	0.0	10
286	6	88	376.6173157302029	0.0	10
287	6	88	376.6173157302029	0.0	10
288	6	88	376.6173157302029	0.0	10
289	847	-774	9511.573736703962	0.0	8
290	6	88	376.6173157302029	0.0	10
291	6	88	376.6173157302029	0.0	10
292	6	88	376.6173157302029	0.0	10
293	6	88	376.6173157302029	0.0	10
294	6	88	376.6173157302029	0.0	10
295	6	88	376.6173157302029	0.0	10
296	6	88	376.6173157302029	0.0	10
297	6	88	376.6173157302029	0.0	10
298	6	88	376.6173157302029	0.0	10
299	6	88	376.6173157302029	0.0	10
300	6	88	376.6173157302029	0.0	10
301	6	88	376.6173157302029	0.0	10
302	847	-812.0	9045.173736703953	0.0	6
303	847	-791.0	8810.278210486933	0.0	8
304	847	-791.0	8811.634631460534	0.0	8
305	847	-791.0	8810.956420973753	0.0	8
306	847	-782.0	9446.278210486973	0.0	8
307	847	-795	9361.478210486956	0.0	6
308	847	-795	9574.156420973764	0.0	6
309	170	-84.0	2078.217315730195	0.0	10
310	847	-791.0	8767.878210486953	0.0	8
311	263	-186.0	3077.356420973588	0.0	10
312	847	-791.0	9023.634631460543	0.0	8
313	847	-782.0	8916.617315730342	0.0	8
314	847	-791.0	9913.356420973794	0.0	8
315	321	-244.0	3485.4173157301825	0.0	10
316	847	-782.0	10867.695526217169	0.0	8
317	847	-795	9765.295526217176	0.0	6
318	847	-795	10594.469262921004	0.0	6
319	847	-795	9998.834631460582	0.0	6
320	847	-795	9383.01731573037	0.0	6
321	847	-795	10319.208368164385	0.0	6
322	847	-795	10000.191052434195	0.0	6
323	847	-795	10022.40836816439	0.0	6
324	847	-795	10212.869262921	0.0	6
325	847	-795	10085.669262920994	0.0	6
326	847	-795	10234.408368164399	0.0	6
327	847	-795	9851.451947190792	0.0	6
328	847	-795	10255.947473407803	0.0	6
329	6	88	376.6173157302029	0.0	10
330	6	88	376.6173157302029	0.0	10
331	847	-764	10808.503894381398	0.0	9
332	6	88	376.6173157302029	0.0	10
333	6	88	376.6173157302029	0.0	10
334	6	88	376.6173157302029	0.0	10
335	6	88	376.6173157302029	0.0	10
336	6	88	376.6173157302029	0.0	10
337	6	88	376.6173157302029	0.0	10
338	6	88	376.6173157302029	0.0	10
339	6	88	376.6173157302029	0.0	10
340	6	88	376.6173157302029	0.0	10
341	6	88	376.6173157302029	0.0	10
342	6	88	376.6173157302029	0.0	10
343	6	88	376.6173157302029	0.0	10
344	847	-795	10340.747473407791	0.0	6
345	10	84	606.1564209736039	0.0	10
346	847	-795	10786.286578651201	0.0	6
347	6	88	376.6173157302029	0.0	10
348	6	88	376.6173157302029	0.0	10
349	6	88	376.6173157302029	0.0	10
350	6	88	376.6173157302029	0.0	10
351	6	88	376.6173157302029	0.0	10
352	6	88	376.6173157302029	0.0	10
353	6	88	376.6173157302029	0.0	10
354	6	88	376.6173157302029	0.0	10
355	6	88	376.6173157302029	0.0	10
356	6	88	376.6173157302029	0.0	10
357	6	88	376.6173157302029	0.0	10
358	847	-774	10638.22568389461	0.0	8
359	6	88	376.6173157302029	0.0	10
360	6	88	376.6173157302029	0.0	10
361	6	88	376.6173157302029	0.0	10
362	6	88	376.6173157302029	0.0	10
363	6	88	376.6173157302029	0.0	10
364	6	88	376.6173157302029	0.0	10
365	847	-795	10340.747473407811	0.0	6
366	6	88	376.6173157302029	0.0	10
367	6	88	376.6173157302029	0.0	10
368	6	88	376.6173157302029	0.0	10
369	6	88	376.6173157302029	0.0	10
370	6	88	376.6173157302029	0.0	10
371	6	88	376.6173157302029	0.0	10
372	6	88	376.6173157302029	0.0	10
373	6	88	376.6173157302029	0.0	10
374	6	88	376.6173157302029	0.0	10
375	6	88	376.6173157302029	0.0	10
376	6	88	376.6173157302029	0.0	10
377	6	88	376.6173157302029	0.0	10
378	6	88	376.6173157302029	0.0	10
379	6	88	376.6173157302029	0.0	10
380	6	88	376.6173157302029	0.0	10
381	6	88	376.6173157302029	0.0	10
382	6	88	376.6173157302029	0.0	10
383	6	88	376.6173157302029	0.0	10
384	6	88	376.6173157302029	0.0	10
385	6	88	376.6173157302029	0.0	10
386	7	87	386.2173157302029	0.0	10
387	6	88	376.6173157302029	0.0	10
388	6	88	376.6173157302029	0.0	10
389	6	88	376.6173157302029	0.0	10
390	6	88	376.6173157302029	0.0	10
391	6	88	376.6173157302029	0.0	10
392	6	88	376.6173157302029	0.0	10
393	6	88	376.6173157302029	0.0	10
394	6	88	376.6173157302029	0.0	10
395	6	88	376.6173157302029	0.0	10
396	9	85	532.6173157302029	0.0	10
397	6	88	376.6173157302029	0.0	10
398	6	88	376.6173157302029	0.0	10
399	6	88	376.6173157302029	0.0	10
400	6	88	376.6173157302029	0.0	10
401	6	88	376.6173157302029	0.0	10
402	6	88	376.6173157302029	0.0	10
403	6	88	376.6173157302029	0.0	10
404	847	-784	10659.086578651213	0.0	7
405	6	88	376.6173157302029	0.0	10
406	6	88	376.6173157302029	0.0	10
407	6	88	376.6173157302029	0.0	10
408	6	88	376.6173157302029	0.0	10
409	6	88	376.6173157302029	0.0	10
410	6	88	376.6173157302029	0.0	10
411	6	88	376.6173157302029	0.0	10
412	6	88	376.6173157302029	0.0	10
413	6	88	376.6173157302029	0.0	10
414	6	88	376.6173157302029	0.0	10
415	6	88	376.6173157302029	0.0	10
416	6	88	376.6173157302029	0.0	10
417	6	88	376.6173157302029	0.0	10
418	6	88	376.6173157302029	0.0	10
419	6	88	376.6173157302029	0.0	10
420	6	88	376.6173157302029	0.0	10
421	6	88	376.6173157302029	0.0	10
422	6	88	376.6173157302029	0.0	10
423	6	88	376.6173157302029	0.0	10
424	6	88	376.6173157302029	0.0	10
425	6	88	376.6173157302029	0.0	10
426	847	-795	10595.147473407811	0.0	6
427	6	88	376.6173157302029	0.0	10
428	6	88	376.6173157302029	0.0	10
429	6	88	376.6173157302029	0.0	10
430	6	88	376.6173157302029	0.0	10
431	6	88	376.6173157302029	0.0	10
432	6	88	376.6173157302029	0.0	10
433	847	-784	10361.608368164405	0.0	7
434	6	88	376.6173157302029	0.0	10
435	6	88	376.6173157302029	0.0	10
436	6	88	376.6173157302029	0.0	10
437	6	88	376.6173157302029	0.0	10
438	6	88	376.6173157302029	0.0	10
439	847	-784	10235.086578651208	0.0	7
440	6	88	376.6173157302029	0.0	10
441	6	88	376.6173157302029	0.0	10
442	6	88	376.6173157302029	0.0	10
443	6	88	376.6173157302029	0.0	10
444	6	88	376.6173157302029	0.0	10
445	847	-782.0	10405.364789137973	0.0	8
446	6	88	376.6173157302029	0.0	10
447	6	88	376.6173157302029	0.0	10
448	6	88	376.6173157302029	0.0	10
449	6	88	376.6173157302029	0.0	10
450	6	88	376.6173157302029	0.0	10
451	6	88	376.6173157302029	0.0	10
452	6	88	376.6173157302029	0.0	10
453	847	-803.0	9024.312841947356	0.0	6
454	6	88	376.6173157302029	0.0	10
455	6	88	376.6173157302029	0.0	10
456	6	88	376.6173157302029	0.0	10
457	6	88	376.6173157302029	0.0	10
458	6	88	376.6173157302029	0.0	10
459	6	88	376.6173157302029	0.0	10
460	847	-784	9471.886578651165	0.0	7
461	6	88	376.6173157302029	0.0	10
462	6	88	376.6173157302029	0.0	10
463	6	88	376.6173157302029	0.0	10
464	6	88	376.6173157302029	0.0	10
465	6	88	376.6173157302029	0.0	10
466	6	88	376.6173157302029	0.0	10
467	6	88	376.6173157302029	0.0	10
468	6	88	376.6173157302029	0.0	10
469	847	-774	9450.347473407763	0.0	8
470	203	-108	2565.295526216992	0.0	10
471	156	-70.0	1965.3564209735976	0.0	10
472	847	-763	9279.391052434175	0.0	9
473	219	-133.0	2654.9564209735922	0.0	10
474	847	-791.0	8981.912841947356	0.0	8
475	6	88	376.6173157302029	0.0	10
476	6	88	376.6173157302029	0.0	10
477	6	88	376.6173157302029	0.0	10
478	6	88	376.6173157302029	0.0	10
479	6	88	376.6173157302029	0.0	10
480	847	-782.0	9045.851947190744	0.0	8
481	6	88	376.6173157302029	0.0	10
482	6	88	376.6173157302029	0.0	10
483	6	88	376.6173157302029	0.0	10
484	8	86	502.1564209736039	0.0	10
485	6	88	376.6173157302029	0.0	10
486	6	88	376.6173157302029	0.0	10
487	6	88	376.6173157302029	0.0	10
488	6	88	376.6173157302029	0.0	10
489	6	88	376.6173157302029	0.0	10
490	8	86	502.1564209736039	0.0	10
491	8	86	502.1564209736039	0.0	10
492	8	86	502.1564209736039	0.0	10
493	8	86	502.1564209736039	0.0	10
494	8	86	502.1564209736039	0.0	10
495	8	86	502.1564209736039	0.0	10
496	6	88	376.6173157302029	0.0	10
497	6	88	376.6173157302029	0.0	10
498	6	88	376.6173157302029	0.0	10
499	6	88	376.6173157302029	0.0	10
500	6	88	376.6173157302029	0.0	10
501	6	88	376.6173157302029	0.0	10
502	847	-790.0	9194.59105243415	0.0	8
503	847	-782.0	8981.912841947362	0.0	8
504	847	-784	9344.008368164365	0.0	7
505	6	88	376.6173157302029	0.0	10
506	6	88	376.6173157302029	0.0	10
507	6	88	376.6173157302029	0.0	10
508	6	88	376.6173157302029	0.0	10
509	6	88	376.6173157302029	0.0	10
510	6	88	376.6173157302029	0.0	10
511	6	88	376.6173157302029	0.0	10
512	6	88	376.6173157302029	0.0	10
513	6	88	376.6173157302029	0.0	10
514	6	88	376.6173157302029	0.0	10
515	6	88	376.6173157302029	0.0	10
516	847	-791.0	8811.63463146055	0.0	8
517	6	88	376.6173157302029	0.0	10
518	6	88	376.6173157302029	0.0	10
519	847	-783	11389.381525466395	0.0	7
520	6	88	376.6173157302029	0.0	10
521	6	88	376.6173157302029	0.0	10
522	6	88	376.6173157302029	0.0	10
523	847	-764	9664.382104868191	0.0	9
524	6	88	376.6173157302029	0.0	10
525	6	88	376.6173157302029	0.0	10
526	6	88	376.6173157302029	0.0	10
527	6	88	376.6173157302029	0.0	10
528	6	88	376.6173157302029	0.0	10
529	6	88	376.6173157302029	0.0	10
530	6	88	376.6173157302029	0.0	10
531	6	88	376.6173157302029	0.0	10
532	6	88	376.6173157302029	0.0	10
533	6	88	376.6173157302029	0.0	10
534	6	88	376.6173157302029	0.0	10
535	6	88	376.6173157302029	0.0	10
536	6	88	376.6173157302029	0.0	10
537	6	88	376.6173157302029	0.0	10
538	6	88	376.6173157302029	0.0	10
539	6	88	376.6173157302029	0.0	10
540	6	88	376.6173157302029	0.0	10
541	6	88	376.6173157302029	0.0	10
542	6	88	376.6173157302029	0.0	10
543	6	88	376.6173157302029	0.0	10
544	6	88	376.6173157302029	0.0	10
545	6	88	376.6173157302029	0.0	10
546	6	88	376.6173157302029	0.0	10
547	6	88	376.6173157302029	0.0	10
548	6	88	376.6173157302029	0.0	10
549	847	-780.0	9790.903894381354	0.0	9
550	6	88	376.6173157302029	0.0	10
551	6	88	376.6173157302029	0.0	10
552	6	88	376.6173157302029	0.0	10
553	6	88	376.6173157302029	0.0	10
554	6	88	376.6173157302029	0.0	10
555	6	88	376.6173157302029	0.0	10
556	6	88	376.6173157302029	0.0	10
557	6	88	376.6173157302029	0.0	10
558	6	88	376.6173157302029	0.0	10
559	6	88	376.6173157302029	0.0	10
560	6	88	376.6173157302029	0.0	10
561	6	88	376.6173157302029	0.0	10
562	6	88	376.6173157302029	0.0	10
563	6	88	376.6173157302029	0.0	10
564	6	88	376.6173157302029	0.0	10
565	6	88	376.6173157302029	0.0	10
566	6	88	376.6173157302029	0.0	10
567	6	88	376.6173157302029	0.0	10
568	6	88	376.6173157302029	0.0	10
569	6	88	376.6173157302029	0.0	10
570	6	88	376.6173157302029	0.0	10
571	6	88	376.6173157302029	0.0	10
572	6	88	376.6173157302029	0.0	10
573	6	88	376.6173157302029	0.0	10
574	6	88	376.6173157302029	0.0	10
575	6	88	376.6173157302029	0.0	10
576	6	88	376.6173157302029	0.0	10
577	6	88	376.6173157302029	0.0	10
578	7	87	386.2173157302029	0.0	10
579	6	88	376.6173157302029	0.0	10
580	6	88	376.6173157302029	0.0	10
581	6	88	376.6173157302029	0.0	10
582	6	88	376.6173157302029	0.0	10
583	6	88	376.6173157302029	0.0	10
584	6	88	376.6173157302029	0.0	10
585	6	88	376.6173157302029	0.0	10
586	6	88	376.6173157302029	0.0	10
587	6	88	376.6173157302029	0.0	10
588	847	-791.0	9257.851947190755	0.0	8
589	6	88	376.6173157302029	0.0	10
590	6	88	376.6173157302029	0.0	10
591	6	88	376.6173157302029	0.0	10
592	6	88	376.6173157302029	0.0	10
593	6	88	376.6173157302029	0.0	10
594	6	88	376.6173157302029	0.0	10
595	6	88	376.6173157302029	0.0	10
596	6	88	376.6173157302029	0.0	10
597	6	88	376.6173157302029	0.0	10
598	6	88	376.6173157302029	0.0	10
599	6	88	376.6173157302029	0.0	10
600	6	88	376.6173157302029	0.0	10
601	6	88	376.6173157302029	0.0	10
602	6	88	376.6173157302029	0.0	10
603	6	88	376.6173157302029	0.0	10
604	6	88	376.6173157302029	0.0	10
605	6	88	376.6173157302029	0.0	10
606	6	88	376.6173157302029	0.0	10
607	6	88	376.6173157302029	0.0	10
608	6	88	376.6173157302029	0.0	10
609	6	88	376.6173157302029	0.0	10
610	6	88	376.6173157302029	0.0	10
611	847	-781.0	9129.97373670396	0.0	8
612	6	88	376.6173157302029	0.0	10
613	6	88	376.6173157302029	0.0	10
614	6	88	376.6173157302029	0.0	10
615	6	88	376.6173157302029	0.0	10
616	6	88	376.6173157302029	0.0	10
617	6	88	376.6173157302029	0.0	10
618	6	88	376.6173157302029	0.0	10
619	6	88	376.6173157302029	0.0	10
620	6	88	376.6173157302029	0.0	10
621	6	88	376.6173157302029	0.0	10
622	6	88	376.6173157302029	0.0	10
623	6	88	376.6173157302029	0.0	10
624	6	88	376.6173157302029	0.0	10
625	6	88	376.6173157302029	0.0	10
626	6	88	376.6173157302029	0.0	10
627	6	88	376.6173157302029	0.0	10
628	6	88	376.6173157302029	0.0	10
629	6	88	376.6173157302029	0.0	10
630	6	88	376.6173157302029	0.0	10
631	6	88	376.6173157302029	0.0	10
632	6	88	376.6173157302029	0.0	10
633	6	88	376.6173157302029	0.0	10
634	6	88	376.6173157302029	0.0	10
635	6	88	376.6173157302029	0.0	10
636	6	88	376.6173157302029	0.0	10
637	6	88	376.6173157302029	0.0	10
638	125	-48.0	1710.1564209735989	0.0	10
639	6	88	376.6173157302029	0.0	10
640	6	88	376.6173157302029	0.0	10
641	6	88	376.6173157302029	0.0	10
642	6	88	376.6173157302029	0.0	10
643	847	-791.0	8535.017315730345	0.0	8
644	6	88	376.6173157302029	0.0	10
645	6	88	376.6173157302029	0.0	10
646	6	88	376.6173157302029	0.0	10
647	6	88	376.6173157302029	0.0	10
648	6	88	376.6173157302029	0.0	10
649	6	88	376.6173157302029	0.0	10
650	6	88	376.6173157302029	0.0	10
651	6	88	376.6173157302029	0.0	10
652	6	88	376.6173157302029	0.0	10
653	6	88	376.6173157302029	0.0	10
654	6	88	376.6173157302029	0.0	10
655	6	88	376.6173157302029	0.0	10
656	6	88	376.6173157302029	0.0	10
657	847	-780.0	8832.49552621715	0.0	9
658	6	88	376.6173157302029	0.0	10
659	6	88	376.6173157302029	0.0	10
660	6	88	376.6173157302029	0.0	10
661	6	88	376.6173157302029	0.0	10
662	6	88	376.6173157302029	0.0	10
663	6	88	376.6173157302029	0.0	10
664	6	88	376.6173157302029	0.0	10
665	6	88	376.6173157302029	0.0	10
666	6	88	376.6173157302029	0.0	10
667	6	88	376.6173157302029	0.0	10
668	847	-792.0	8895.756420973748	0.0	7
669	847	-780.0	9108.434631460548	0.0	9
670	6	88	376.6173157302029	0.0	10
671	6	88	376.6173157302029	0.0	10
672	6	88	376.6173157302029	0.0	10
673	6	88	376.6173157302029	0.0	10
674	6	88	376.6173157302029	0.0	10
675	6	88	376.6173157302029	0.0	10
676	6	88	376.6173157302029	0.0	10
677	6	88	376.6173157302029	0.0	10
678	6	88	376.6173157302029	0.0	10
679	6	88	376.6173157302029	0.0	10
680	6	88	376.6173157302029	0.0	10
681	847	-762	9725.608368164361	0.0	9
682	6	88	376.6173157302029	0.0	10
683	6	88	376.6173157302029	0.0	10
684	6	88	376.6173157302029	0.0	10
685	6	88	376.6173157302029	0.0	10
686	6	88	376.6173157302029	0.0	10
687	847	-782.0	8683.078210486947	0.0	8
688	6	88	376.6173157302029	0.0	10
689	6	88	376.6173157302029	0.0	10
690	6	88	376.6173157302029	0.0	10
691	6	88	376.6173157302029	0.0	10
692	6	88	376.6173157302029	0.0	10
693	6	88	376.6173157302029	0.0	10
694	6	88	376.6173157302029	0.0	10
695	6	88	376.6173157302029	0.0	10
696	847	-801.0	9131.330157677565	0.0	7
697	6	88	376.6173157302029	0.0	10
698	7	87	386.2173157302029	0.0	10
699	6	88	376.6173157302029	0.0	10
700	847	-791.0	8897.112841947355	0.0	8
701	6	88	376.6173157302029	0.0	10
702	847	-781.0	9770.721210111555	0.0	9
703	847	-764	9430.164789137958	0.0	9
704	6	88	376.6173157302029	0.0	10
705	6	88	376.6173157302029	0.0	10
706	6	88	376.6173157302029	0.0	10
707	6	88	376.6173157302029	0.0	10
708	6	88	376.6173157302029	0.0	10
709	6	88	376.6173157302029	0.0	10
710	6	88	376.6173157302029	0.0	10
711	6	88	376.6173157302029	0.0	10
712	6	88	376.6173157302029	0.0	10
713	6	88	376.6173157302029	0.0	10
714	6	88	376.6173157302029	0.0	10
715	6	88	376.6173157302029	0.0	10
716	6	88	376.6173157302029	0.0	10
717	6	88	376.6173157302029	0.0	10
718	6	88	376.6173157302029	0.0	10
719	6	88	376.6173157302029	0.0	10
720	6	88	376.6173157302029	0.0	10
721	6	88	376.6173157302029	0.0	10
722	6	88	376.6173157302029	0.0	10
723	6	88	376.6173157302029	0.0	10
724	847	-795	10364.999420598408	0.0	6
725	6	88	376.6173157302029	0.0	10
726	6	88	376.6173157302029	0.0	10
727	847	-795	9874.347473407774	0.0	6
728	6	88	376.6173157302029	0.0	10
729	6	88	376.6173157302029	0.0	10
730	6	88	376.6173157302029	0.0	10
731	6	88	376.6173157302029	0.0	10
732	6	88	376.6173157302029	0.0	10
733	6	88	376.6173157302029	0.0	10
734	6	88	376.6173157302029	0.0	10
735	6	88	376.6173157302029	0.0	10
736	6	88	376.6173157302029	0.0	10
737	847	-764	10340.747473407784	0.0	9
738	6	88	376.6173157302029	0.0	10
739	6	88	376.6173157302029	0.0	10
740	6	88	376.6173157302029	0.0	10
741	6	88	376.6173157302029	0.0	10
742	6	88	376.6173157302029	0.0	10
743	6	88	376.6173157302029	0.0	10
744	6	88	376.6173157302029	0.0	10
745	6	88	376.6173157302029	0.0	10
746	6	88	376.6173157302029	0.0	10
747	6	88	376.6173157302029	0.0	10
748	6	88	376.6173157302029	0.0	10
749	6	88	376.6173157302029	0.0	10
750	6	88	376.6173157302029	0.0	10
751	6	88	376.6173157302029	0.0	10
752	6	88	376.6173157302029	0.0	10
753	6	88	376.6173157302029	0.0	10
754	6	88	376.6173157302029	0.0	10
755	6	88	376.6173157302029	0.0	10
756	6	88	376.6173157302029	0.0	10
757	6	88	376.6173157302029	0.0	10
758	6	88	376.6173157302029	0.0	10
759	6	88	376.6173157302029	0.0	10
760	6	88	376.6173157302029	0.0	10
761	6	88	376.6173157302029	0.0	10
762	6	88	376.6173157302029	0.0	10
763	6	88	376.6173157302029	0.0	10
764	6	88	376.6173157302029	0.0	10
765	6	88	376.6173157302029	0.0	10
766	6	88	376.6173157302029	0.0	10
767	6	88	376.6173157302029	0.0	10
768	847	-784	9852.808368164375	0.0	7
769	6	88	376.6173157302029	0.0	10
770	6	88	376.6173157302029	0.0	10
771	847	-764	9811.086578651184	0.0	9
772	6	88	376.6173157302029	0.0	10
773	6	88	376.6173157302029	0.0	10
774	6	88	376.6173157302029	0.0	10
775	6	88	376.6173157302029	0.0	10
776	6	88	376.6173157302029	0.0	10
777	6	88	376.6173157302029	0.0	10
778	6	88	376.6173157302029	0.0	10
779	6	88	376.6173157302029	0.0	10
780	6	88	376.6173157302029	0.0	10
781	6	88	376.6173157302029	0.0	10
782	6	88	376.6173157302029	0.0	10
783	6	88	376.6173157302029	0.0	10
784	6	88	376.6173157302029	0.0	10
785	6	88	376.6173157302029	0.0	10
786	6	88	376.6173157302029	0.0	10
787	6	88	376.6173157302029	0.0	10
788	6	88	376.6173157302029	0.0	10
789	847	-795	9706.103894381398	0.0	6
790	6	88	376.6173157302029	0.0	10
791	6	88	376.6173157302029	0.0	10
792	6	88	376.6173157302029	0.0	10
793	6	88	376.6173157302029	0.0	10
794	6	88	376.6173157302029	0.0	10
795	847	-795	10449.7994205984	0.0	6
796	51	35.0	893.4173157302038	0.0	10
797	6	88	376.6173157302029	0.0	10
798	207	-113	2603.695526216994	0.0	10
799	847	-801.0	10943.164209736155	0.0	7
800	6	88	376.6173157302029	0.0	10
801	6	88	376.6173157302029	0.0	10
802	6	88	376.6173157302029	0.0	10
803	6	88	376.6173157302029	0.0	10
804	6	88	376.6173157302029	0.0	10
805	7	87	386.2173157302029	0.0	10
806	6	88	376.6173157302029	0.0	10
807	6	88	376.6173157302029	0.0	10
808	6	88	376.6173157302029	0.0	10
809	6	88	376.6173157302029	0.0	10
810	6	88	376.6173157302029	0.0	10
811	847	-785	10384.503894381398	0.0	7
812	6	88	376.6173157302029	0.0	10
813	6	88	376.6173157302029	0.0	10
814	847	-764	10000.869262920982	0.0	9
815	847	-784	9976.617315730387	0.0	7
816	847	-784	9870.956420973793	0.0	7
817	847	-784	10019.695526217189	0.0	7
818	6	88	376.6173157302029	0.0	10
819	6	88	376.6173157302029	0.0	10
820	6	88	376.6173157302029	0.0	10
821	6	88	376.6173157302029	0.0	10
822	847	-784	10486.773736703999	0.0	7
823	6	88	376.6173157302029	0.0	10
824	6	88	376.6173157302029	0.0	10
825	847	-784	10975.39105243421	0.0	7
826	6	88	376.6173157302029	0.0	10
827	6	88	376.6173157302029	0.0	10
828	6	88	376.6173157302029	0.0	10
829	6	88	376.6173157302029	0.0	10
830	6	88	376.6173157302029	0.0	10
831	6	88	376.6173157302029	0.0	10
832	847	-795	10152.999420598391	0.0	6
833	6	88	376.6173157302029	0.0	10
834	6	88	376.6173157302029	0.0	10
835	6	88	376.6173157302029	0.0	10
836	6	88	376.6173157302029	0.0	10
837	6	88	376.6173157302029	0.0	10
838	6	88	376.6173157302029	0.0	10
839	6	88	376.6173157302029	0.0	10
840	6	88	376.6173157302029	0.0	10
841	6	88	376.6173157302029	0.0	10
842	847	-795	9598.408368164382	0.0	6
843	6	88	376.6173157302029	0.0	10
844	6	88	376.6173157302029	0.0	10
845	7	87	386.2173157302029	0.0	10
846	6	88	376.6173157302029	0.0	10
847	6	88	376.6173157302029	0.0	10
848	6	88	376.6173157302029	0.0	10
849	6	88	376.6173157302029	0.0	10
850	6	88	376.6173157302029	0.0	10
851	847	-764	10063.451947190779	0.0	9
852	6	88	376.6173157302029	0.0	10
853	6	88	376.6173157302029	0.0	10
854	847	-764	10126.712841947403	0.0	9
855	6	88	376.6173157302029	0.0	10
856	6	88	376.6173157302029	0.0	10
857	6	88	376.6173157302029	0.0	10
858	6	88	376.6173157302029	0.0	10
859	6	88	376.6173157302029	0.0	10
860	6	88	376.6173157302029	0.0	10
861	6	88	376.6173157302029	0.0	10
862	6	88	376.6173157302029	0.0	10
863	6	88	376.6173157302029	0.0	10
864	6	88	376.6173157302029	0.0	10
865	6	88	376.6173157302029	0.0	10
866	6	88	376.6173157302029	0.0	10
867	6	88	376.6173157302029	0.0	10
868	6	88	376.6173157302029	0.0	10
869	6	88	376.6173157302029	0.0	10
870	6	88	376.6173157302029	0.0	10
871	6	88	376.6173157302029	0.0	10
872	6	88	376.6173157302029	0.0	10
873	6	88	376.6173157302029	0.0	10
874	6	88	376.6173157302029	0.0	10
875	6	88	376.6173157302029	0.0	10
876	6	88	376.6173157302029	0.0	10
877	6	88	376.6173157302029	0.0	10
878	847	-774	10087.703894381395	0.0	8
879	6	88	376.6173157302029	0.0	10
880	6	88	376.6173157302029	0.0	10
881	6	88	376.6173157302029	0.0	10
882	6	88	376.6173157302029	0.0	10
883	6	88	376.6173157302029	0.0	10
884	6	88	376.6173157302029	0.0	10
885	6	88	376.6173157302029	0.0	10
886	6	88	376.6173157302029	0.0	10
887	6	88	376.6173157302029	0.0	10
888	6	88	376.6173157302029	0.0	10
889	6	88	376.6173157302029	0.0	10
890	6	88	376.6173157302029	0.0	10
891	6	88	376.6173157302029	0.0	10
892	6	88	376.6173157302029	0.0	10
893	6	88	376.6173157302029	0.0	10
894	6	88	376.6173157302029	0.0	10
895	6	88	376.6173157302029	0.0	10
896	6	88	376.6173157302029	0.0	10
897	6	88	376.6173157302029	0.0	10
898	6	88	376.6173157302029	0.0	10
899	6	88	376.6173157302029	0.0	10
900	6	88	376.6173157302029	0.0	10
901	6	88	376.6173157302029	0.0	10
902	6	88	376.6173157302029	0.0	10
903	6	88	376.6173157302029	0.0	10
904	6	88	376.6173157302029	0.0	10
905	6	88	376.6173157302029	0.0	10
906	6	88	376.6173157302029	0.0	10
907	847	-764	10723.703894381424	0.0	9
908	847	-805	10280.1994205984	0.0	5
909	847	-805	10428.938525841813	0.0	5
910	6	88	376.6173157302029	0.0	10
911	6	88	376.6173157302029	0.0	10
912	6	88	376.6173157302029	0.0	10
913	6	88	376.6173157302029	0.0	10
914	6	88	376.6173157302029	0.0	10
915	847	-795	10191.330157677607	0.0	6
916	847	-805	9450.347473407779	0.0	5
917	847	-784	9426.09552621718	0.0	7
918	6	88	376.6173157302029	0.0	10
919	6	88	376.6173157302029	0.0	10
920	6	88	376.6173157302029	0.0	10
921	6	88	376.6173157302029	0.0	10
922	6	88	376.6173157302029	0.0	10
923	6	88	376.6173157302029	0.0	10
924	6	88	376.6173157302029	0.0	10
925	6	88	376.6173157302029	0.0	10
926	6	88	376.6173157302029	0.0	10
927	847	-795	9876.382104868198	0.0	6
928	6	88	376.6173157302029	0.0	10
929	6	88	376.6173157302029	0.0	10
930	6	88	376.6173157302029	0.0	10
931	6	88	376.6173157302029	0.0	10
932	6	88	376.6173157302029	0.0	10
933	6	88	376.6173157302029	0.0	10
934	6	88	376.6173157302029	0.0	10
935	6	88	376.6173157302029	0.0	10
936	6	88	376.6173157302029	0.0	10
937	847	-764	9877.060315354996	0.0	9
938	6	88	376.6173157302029	0.0	10
939	6	88	376.6173157302029	0.0	10
940	6	88	376.6173157302029	0.0	10
941	6	88	376.6173157302029	0.0	10
942	6	88	376.6173157302029	0.0	10
943	6	88	376.6173157302029	0.0	10
944	6	88	376.6173157302029	0.0	10
945	6	88	376.6173157302029	0.0	10
946	6	88	376.6173157302029	0.0	10
947	6	88	376.6173157302029	0.0	10
948	6	88	376.6173157302029	0.0	10
949	6	88	376.6173157302029	0.0	10
950	6	88	376.6173157302029	0.0	10
951	847	-764	10788.321210111619	0.0	9
952	6	88	376.6173157302029	0.0	10
953	6	88	376.6173157302029	0.0	10
954	6	88	376.6173157302029	0.0	10
955	6	88	376.6173157302029	0.0	10
956	6	88	376.6173157302029	0.0	10
957	6	88	376.6173157302029	0.0	10
958	6	88	376.6173157302029	0.0	10
959	7	87	386.21731573020287	0.0	10
960	6	88	376.6173157302029	0.0	10
961	6	88	376.6173157302029	0.0	10
962	6	88	376.6173157302029	0.0	10
963	6	88	376.6173157302029	0.0	10
964	6	88	376.6173157302029	0.0	10
965	6	88	376.6173157302029	0.0	10
966	6	88	376.6173157302029	0.0	10
967	6	88	376.6173157302029	0.0	10
968	6	88	376.6173157302029	0.0	10
969	6	88	376.6173157302029	0.0	10
970	6	88	376.6173157302029	0.0	10
971	6	88	376.6173157302029	0.0	10
972	6	88	376.6173157302029	0.0	10
973	6	88	376.6173157302029	0.0	10
974	6	88	376.6173157302029	0.0	10
975	6	88	376.6173157302029	0.0	10
976	6	88	376.6173157302029	0.0	10
977	6	88	376.6173157302029	0.0	10
978	6	88	376.6173157302029	0.0	10
979	6	88	376.6173157302029	0.0	10
980	6	88	376.6173157302029	0.0	10
981	6	88	376.6173157302029	0.0	10
982	6	88	376.6173157302029	0.0	10
983	6	88	376.6173157302029	0.0	10
984	6	88	376.6173157302029	0.0	10
985	6	88	376.6173157302029	0.0	10
986	6	88	376.6173157302029	0.0	10
987	6	88	376.6173157302029	0.0	10
988	6	88	376.6173157302029	0.0	10
989	6	88	376.6173157302029	0.0	10
990	6	88	376.6173157302029	0.0	10
991	6	88	376.6173157302029	0.0	10
992	6	88	376.6173157302029	0.0	10
993	6	88	376.6173157302029	0.0	10
994	6	88	376.6173157302029	0.0	10
995	6	88	376.6173157302029	0.0	10
996	847	-784	9917.425683894595	0.0	7
997	6	88	376.6173157302029	0.0	10
998	6	88	376.6173157302029	0.0	10
999	6	88	376.6173157302029	0.0	10
1000	6	88	376.6173157302029	0.0	10
1001	6	88	376.6173157302029	0.0	10
1002	6	88	376.6173157302029	0.0	10
1003	6	88	376.6173157302029	0.0	10
1004	6	88	376.6173157302029	0.0	10
1005	6	88	376.6173157302029	0.0	10
1006	7	87	386.2173157302029	0.0	10
1007	6	88	376.6173157302029	0.0	10
1008	6	88	376.6173157302029	0.0	10
1009	6	88	376.6173157302029	0.0	10
1010	6	88	376.6173157302029	0.0	10
1011	6	88	376.6173157302029	0.0	10
1012	6	88	376.6173157302029	0.0	10
1013	6	88	376.6173157302029	0.0	10
1014	6	88	376.6173157302029	0.0	10
1015	847	-784	10212.869262920987	0.0	7
1016	6	88	376.6173157302029	0.0	10
1017	6	88	376.6173157302029	0.0	10
1018	6	88	376.6173157302029	0.0	10
1019	6	88	376.6173157302029	0.0	10
1020	6	88	376.6173157302029	0.0	10
1021	7	87	386.21731573020287	0.0	10
1022	847	-795	9727.642999624779	0.0	6
1023	6	88	376.6173157302029	0.0	10
1024	6	88	376.6173157302029	0.0	10
1025	6	88	376.6173157302029	0.0	10
1026	6	88	376.6173157302029	0.0	10
1027	6	88	376.6173157302029	0.0	10
1028	6	88	376.6173157302029	0.0	10
1029	8	86	523.6955262170048	0.0	10
1030	6	88	376.6173157302029	0.0	10
1031	6	88	376.6173157302029	0.0	10
1032	6	88	376.6173157302029	0.0	10
1033	6	88	376.6173157302029	0.0	10
1034	8	86	523.6955262170048	0.0	10
1035	6	88	376.6173157302029	0.0	10
1036	6	88	376.6173157302029	0.0	10
1037	6	88	376.6173157302029	0.0	10
1038	6	88	376.6173157302029	0.0	10
1039	6	88	376.6173157302029	0.0	10
1040	6	88	376.6173157302029	0.0	10
1041	6	88	376.6173157302029	0.0	10
1042	6	88	376.6173157302029	0.0	10
1043	6	88	376.6173157302029	0.0	10
1044	6	88	376.6173157302029	0.0	10
1045	6	88	376.6173157302029	0.0	10
1046	6	88	376.6173157302029	0.0	10
1047	6	88	376.6173157302029	0.0	10
1048	6	88	376.6173157302029	0.0	10
1049	6	88	376.6173157302029	0.0	10
1050	6	88	376.6173157302029	0.0	10
1051	6	88	376.6173157302029	0.0	10
1052	6	88	376.6173157302029	0.0	10
1053	6	88	376.6173157302029	0.0	10
1054	8	86	523.6955262170048	0.0	10
1055	6	88	376.6173157302029	0.0	10
1056	6	88	376.6173157302029	0.0	10
1057	6	88	376.6173157302029	0.0	10
1058	6	88	376.6173157302029	0.0	10
1059	6	88	376.6173157302029	0.0	10
1060	6	88	376.6173157302029	0.0	10
1061	6	88	376.6173157302029	0.0	10
1062	6	88	376.6173157302029	0.0	10
1063	6	88	376.6173157302029	0.0	10
1064	6	88	376.6173157302029	0.0	10
1065	6	88	376.6173157302029	0.0	10
1066	6	88	376.6173157302029	0.0	10
1067	6	88	376.6173157302029	0.0	10
1068	6	88	376.6173157302029	0.0	10
1069	6	88	376.6173157302029	0.0	10
1070	6	88	376.6173157302029	0.0	10
1071	6	88	376.6173157302029	0.0	10
1072	6	88	376.6173157302029	0.0	10
1073	6	88	376.6173157302029	0.0	10
1074	6	88	376.6173157302029	0.0	10
1075	6	88	376.6173157302029	0.0	10
1076	6	88	376.6173157302029	0.0	10
1077	6	88	376.6173157302029	0.0	10
1078	6	88	376.6173157302029	0.0	10
1079	6	88	376.6173157302029	0.0	10
1080	6	88	376.6173157302029	0.0	10
1081	6	88	376.6173157302029	0.0	10
1082	6	88	376.6173157302029	0.0	10
1083	6	88	376.6173157302029	0.0	10
1084	6	88	376.6173157302029	0.0	10
1085	6	88	376.6173157302029	0.0	10
1086	6	88	376.6173157302029	0.0	10
1087	6	88	376.6173157302029	0.0	10
1088	7	87	386.2173157302029	0.0	10
1089	6	88	376.6173157302029	0.0	10
1090	6	88	376.6173157302029	0.0	10
1091	6	88	376.6173157302029	0.0	10
1092	847	-764	9833.982104868199	0.0	9
1093	6	88	376.6173157302029	0.0	10
1094	6	88	376.6173157302029	0.0	10
1095	6	88	376.6173157302029	0.0	10
1096	6	88	376.6173157302029	0.0	10
1097	6	88	376.6173157302029	0.0	10
1098	6	88	376.6173157302029	0.0	10
1099	6	88	376.6173157302029	0.0	10
1100	6	88	376.6173157302029	0.0	10
1101	6	88	376.6173157302029	0.0	10
1102	6	88	376.6173157302029	0.0	10
1103	6	88	376.6173157302029	0.0	10
1104	6	88	376.6173157302029	0.0	10
1105	6	88	376.6173157302029	0.0	10
1106	6	88	376.6173157302029	0.0	10
1107	6	88	376.6173157302029	0.0	10
1108	6	88	376.6173157302029	0.0	10
1109	6	88	376.6173157302029	0.0	10
1110	847	-784	9980.686578651168	0.0	7
1111	6	88	376.6173157302029	0.0	10
1112	6	88	376.6173157302029	0.0	10
1113	6	88	376.6173157302029	0.0	10
1114	6	88	376.6173157302029	0.0	10
1115	6	88	376.6173157302029	0.0	10
1116	6	88	376.6173157302029	0.0	10
1117	847	-795	9684.564789137978	0.0	6
1118	6	88	376.6173157302029	0.0	10
1119	6	88	376.6173157302029	0.0	10
1120	6	88	376.6173157302029	0.0	10
1121	6	88	376.6173157302029	0.0	10
1122	6	88	376.6173157302029	0.0	10
1123	6	88	376.6173157302029	0.0	10
1124	6	88	376.6173157302029	0.0	10
1125	6	88	376.6173157302029	0.0	10
1126	6	88	376.6173157302029	0.0	10
1127	6	88	376.6173157302029	0.0	10
1128	6	88	376.6173157302029	0.0	10
1129	6	88	376.6173157302029	0.0	10
1130	6	88	376.6173157302029	0.0	10
1131	6	88	376.6173157302029	0.0	10
1132	847	-784	9787.512841947371	0.0	7
1133	6	88	376.6173157302029	0.0	10
1134	6	88	376.6173157302029	0.0	10
1135	6	88	376.6173157302029	0.0	10
1136	6	88	376.6173157302029	0.0	10
1137	6	88	376.6173157302029	0.0	10
1138	6	88	376.6173157302029	0.0	10
1139	6	88	376.6173157302029	0.0	10
1140	7	87	386.2173157302029	0.0	10
1141	6	88	376.6173157302029	0.0	10
1142	6	88	376.6173157302029	0.0	10
1143	6	88	376.6173157302029	0.0	10
1144	847	-779.0	9151.512841947357	0.0	9
1145	6	88	376.6173157302029	0.0	10
1146	6	88	376.6173157302029	0.0	10
1147	6	88	376.6173157302029	0.0	10
1148	6	88	376.6173157302029	0.0	10
1149	6	88	376.6173157302029	0.0	10
1150	6	88	376.6173157302029	0.0	10
1151	6	88	376.6173157302029	0.0	10
1152	6	88	376.6173157302029	0.0	10
1153	6	88	376.6173157302029	0.0	10
1154	6	88	376.6173157302029	0.0	10
1155	6	88	376.6173157302029	0.0	10
1156	6	88	376.6173157302029	0.0	10
1157	6	88	376.6173157302029	0.0	10
1158	6	88	376.6173157302029	0.0	10
1159	6	88	376.6173157302029	0.0	10
1160	6	88	376.6173157302029	0.0	10
1161	6	88	376.6173157302029	0.0	10
1162	6	88	376.6173157302029	0.0	10
1163	6	88	376.6173157302029	0.0	10
1164	6	88	376.6173157302029	0.0	10
1165	6	88	376.6173157302029	0.0	10
1166	6	88	376.6173157302029	0.0	10
1167	6	88	376.6173157302029	0.0	10
1168	6	88	376.6173157302029	0.0	10
1169	6	88	376.6173157302029	0.0	10
1170	6	88	376.6173157302029	0.0	10
1171	6	88	376.6173157302029	0.0	10
1172	6	88	376.6173157302029	0.0	10
1173	6	88	376.6173157302029	0.0	10
1174	6	88	376.6173157302029	0.0	10
1175	6	88	376.6173157302029	0.0	10
1176	6	88	376.6173157302029	0.0	10
1177	6	88	376.6173157302029	0.0	10
1178	6	88	376.6173157302029	0.0	10
1179	7	87	386.21731573020287	0.0	10
1180	6	88	376.6173157302029	0.0	10
1181	6	88	376.6173157302029	0.0	10
1182	6	88	376.6173157302029	0.0	10
1183	6	88	376.6173157302029	0.0	10
1184	6	88	376.6173157302029	0.0	10
1185	6	88	376.6173157302029	0.0	10
1186	96	-11.0	1602.0346314604028	0.0	10
1187	6	88	376.6173157302029	0.0	10
1188	6	88	376.6173157302029	0.0	10
1189	6	88	376.6173157302029	0.0	10
1190	6	88	376.6173157302029	0.0	10
1191	6	88	376.6173157302029	0.0	10
1192	6	88	376.6173157302029	0.0	10
1193	842	-756.0	8912.373736703948	0.0	10
1194	6	88	376.6173157302029	0.0	10
1195	6	88	376.6173157302029	0.0	10
1196	6	88	376.6173157302029	0.0	10
1197	6	88	376.6173157302029	0.0	10
1198	6	88	376.6173157302029	0.0	10
1199	6	88	376.6173157302029	0.0	10
1200	6	88	376.6173157302029	0.0	10
1201	6	88	376.6173157302029	0.0	10
1202	6	88	376.6173157302029	0.0	10
1203	6	88	376.6173157302029	0.0	10
1204	333	-247.0	3685.417315730182	0.0	10
1205	6	88	376.6173157302029	0.0	10
1206	6	88	376.6173157302029	0.0	10
1207	6	88	376.6173157302029	0.0	10
1208	7	87	386.21731573020287	0.0	10
1209	6	88	376.6173157302029	0.0	10
1210	6	88	376.6173157302029	0.0	10
1211	6	88	376.6173157302029	0.0	10
1212	6	88	376.6173157302029	0.0	10
1213	6	88	376.6173157302029	0.0	10
1214	6	88	376.6173157302029	0.0	10
1215	6	88	376.6173157302029	0.0	10
1216	8	86	480.6173157302029	0.0	10
1217	6	88	376.6173157302029	0.0	10
1218	6	88	376.6173157302029	0.0	10
1219	6	88	376.6173157302029	0.0	10
1220	6	88	376.6173157302029	0.0	10
1221	6	88	376.6173157302029	0.0	10
1222	6	88	376.6173157302029	0.0	10
1223	6	88	376.6173157302029	0.0	10
1224	6	88	376.6173157302029	0.0	10
1225	6	88	376.6173157302029	0.0	10
1226	6	88	376.6173157302029	0.0	10
1227	6	88	376.6173157302029	0.0	10
1228	6	88	376.6173157302029	0.0	10
1229	6	88	376.6173157302029	0.0	10
1230	6	88	376.6173157302029	0.0	10
1231	6	88	376.6173157302029	0.0	10
1232	6	88	376.6173157302029	0.0	10
1233	6	88	376.6173157302029	0.0	10
1234	6	88	376.6173157302029	0.0	10
1235	6	88	376.6173157302029	0.0	10
1236	7	87	386.21731573020287	0.0	10
1237	6	88	376.6173157302029	0.0	10
1238	6	88	376.6173157302029	0.0	10
1239	6	88	376.6173157302029	0.0	10
1240	6	88	376.6173157302029	0.0	10
1241	6	88	376.6173157302029	0.0	10
1242	847	-784	10303.773157302194	0.0	7
1243	6	88	376.6173157302029	0.0	10
1244	6	88	376.6173157302029	0.0	10
1245	6	88	376.6173157302029	0.0	10
1246	6	88	376.6173157302029	0.0	10
1247	6	88	376.6173157302029	0.0	10
1248	6	88	376.6173157302029	0.0	10
1249	6	88	376.6173157302029	0.0	10
1250	6	88	376.6173157302029	0.0	10
1251	6	88	376.6173157302029	0.0	10
1252	7	87	386.2173157302029	0.0	10
1253	6	88	376.6173157302029	0.0	10
1254	6	88	376.6173157302029	0.0	10
1255	439	-353.0	6344.573157302094	0.0	10
1256	6	88	376.6173157302029	0.0	10
1257	6	88	376.6173157302029	0.0	10
1258	6	88	376.6173157302029	0.0	10
1259	6	88	376.6173157302029	0.0	10
1260	6	88	376.6173157302029	0.0	10
1261	6	88	376.6173157302029	0.0	10
1262	847	-782.0	9214.095526217174	0.0	8
1263	6	88	376.6173157302029	0.0	10
1264	6	88	376.6173157302029	0.0	10
1265	6	88	376.6173157302029	0.0	10
1266	6	88	376.6173157302029	0.0	10
1267	6	88	376.6173157302029	0.0	10
1268	6	88	376.6173157302029	0.0	10
1269	6	88	376.6173157302029	0.0	10
1270	6	88	376.6173157302029	0.0	10
1271	6	88	376.6173157302029	0.0	10
1272	6	88	376.6173157302029	0.0	10
1273	6	88	376.6173157302029	0.0	10
1274	6	88	376.6173157302029	0.0	10
1275	6	88	376.6173157302029	0.0	10
1276	6	88	376.6173157302029	0.0	10
1277	6	88	376.6173157302029	0.0	10
1278	6	88	376.6173157302029	0.0	10
1279	6	88	376.6173157302029	0.0	10
1280	6	88	376.6173157302029	0.0	10
1281	6	88	376.6173157302029	0.0	10
1282	6	88	376.6173157302029	0.0	10
1283	6	88	376.6173157302029	0.0	10
1284	6	88	376.6173157302029	0.0	10
1285	6	88	376.6173157302029	0.0	10
1286	6	88	376.6173157302029	0.0	10
1287	6	88	376.6173157302029	0.0	10
1288	6	88	376.6173157302029	0.0	10
1289	6	88	376.6173157302029	0.0	10
1290	6	88	376.6173157302029	0.0	10
1291	6	88	376.6173157302029	0.0	10
1292	6	88	376.6173157302029	0.0	10
1293	6	88	376.6173157302029	0.0	10
1294	6	88	376.6173157302029	0.0	10
1295	6	88	376.6173157302029	0.0	10
1296	6	88	376.6173157302029	0.0	10
1297	6	88	376.6173157302029	0.0	10
1298	6	88	376.6173157302029	0.0	10
1299	6	88	376.6173157302029	0.0	10
1300	847	-803.0	10213.547473407787	0.0	6
1301	196	-101	2519.634631460395	0.0	10
1302	6	88	376.6173157302029	0.0	10
1303	6	88	376.6173157302029	0.0	10
1304	6	88	376.6173157302029	0.0	10
1305	6	88	376.6173157302029	0.0	10
1306	6	88	376.6173157302029	0.0	10
1307	6	88	376.6173157302029	0.0	10
1308	6	88	376.6173157302029	0.0	10
1309	6	88	376.6173157302029	0.0	10
1310	6	88	376.6173157302029	0.0	10
1311	6	88	376.6173157302029	0.0	10
1312	6	88	376.6173157302029	0.0	10
1313	299	-214.0	3295.7564209735838	0.0	10
1314	6	88	376.6173157302029	0.0	10
1315	6	88	376.6173157302029	0.0	10
1316	6	88	376.6173157302029	0.0	10
1317	6	88	376.6173157302029	0.0	10
1318	6	88	376.6173157302029	0.0	10
1319	6	88	376.6173157302029	0.0	10
1320	6	88	376.6173157302029	0.0	10
1321	6	88	376.6173157302029	0.0	10
1322	6	88	376.6173157302029	0.0	10
1323	6	88	376.6173157302029	0.0	10
1324	6	88	376.6173157302029	0.0	10
1325	6	88	376.6173157302029	0.0	10
1326	6	88	376.6173157302029	0.0	10
1327	6	88	376.6173157302029	0.0	10
1328	6	88	376.6173157302029	0.0	10
1329	6	88	376.6173157302029	0.0	10
1330	6	88	376.6173157302029	0.0	10
1331	6	88	376.6173157302029	0.0	10
1332	6	88	376.6173157302029	0.0	10
1333	6	88	376.6173157302029	0.0	10
1334	6	88	376.6173157302029	0.0	10
1335	6	88	376.6173157302029	0.0	10
1336	847	-774	9298.895526217173	0.0	8
1337	6	88	376.6173157302029	0.0	10
1338	6	88	376.6173157302029	0.0	10
1339	6	88	376.6173157302029	0.0	10
1340	6	88	376.6173157302029	0.0	10
1341	7	87	386.2173157302029	0.0	10
1342	6	88	376.6173157302029	0.0	10
1343	6	88	376.6173157302029	0.0	10
1344	6	88	376.6173157302029	0.0	10
1345	6	88	376.6173157302029	0.0	10
1346	6	88	376.6173157302029	0.0	10
1347	6	88	376.6173157302029	0.0	10
1348	6	88	376.6173157302029	0.0	10
1349	6	88	376.6173157302029	0.0	10
1350	6	88	376.6173157302029	0.0	10
1351	6	88	376.6173157302029	0.0	10
1352	6	88	376.6173157302029	0.0	10
1353	6	88	376.6173157302029	0.0	10
1354	6	88	376.6173157302029	0.0	10
1355	6	88	376.6173157302029	0.0	10
1356	6	88	376.6173157302029	0.0	10
1357	6	88	376.6173157302029	0.0	10
1358	7	87	386.2173157302029	0.0	10
1359	847	-805	9553.295526217174	0.0	5
1360	847	-805	9595.69552621717	0.0	5
1361	6	88	376.6173157302029	0.0	10
1362	6	88	376.6173157302029	0.0	10
1363	6	88	376.6173157302029	0.0	10
1364	6	88	376.6173157302029	0.0	10
1365	6	88	376.6173157302029	0.0	10
1366	6	88	376.6173157302029	0.0	10
1367	6	88	376.6173157302029	0.0	10
1368	6	88	376.6173157302029	0.0	10
1369	6	88	376.6173157302029	0.0	10
1370	6	88	376.6173157302029	0.0	10
1371	6	88	376.6173157302029	0.0	10
1372	6	88	376.6173157302029	0.0	10
1373	6	88	376.6173157302029	0.0	10
1374	6	88	376.6173157302029	0.0	10
1375	6	88	376.6173157302029	0.0	10
1376	8	86	480.6173157302029	0.0	10
1377	6	88	376.6173157302029	0.0	10
1378	847	-774	10296.991052434183	0.0	8
1379	6	88	376.6173157302029	0.0	10
1380	847	-774	9597.051947190783	0.0	8
1381	6	88	376.6173157302029	0.0	10
1382	6	88	376.6173157302029	0.0	10
1383	6	88	376.6173157302029	0.0	10
1384	6	88	376.6173157302029	0.0	10
1385	847	-784	9595.695526217172	0.0	7
1386	6	88	376.6173157302029	0.0	10
1387	6	88	376.6173157302029	0.0	10
1388	6	88	376.6173157302029	0.0	10
1389	6	88	376.6173157302029	0.0	10
1390	6	88	376.6173157302029	0.0	10
1391	6	88	376.6173157302029	0.0	10
1392	6	88	376.6173157302029	0.0	10
1393	6	88	376.6173157302029	0.0	10
1394	6	88	376.6173157302029	0.0	10
1395	6	88	376.6173157302029	0.0	10
1396	6	88	376.6173157302029	0.0	10
1397	6	88	376.6173157302029	0.0	10
1398	6	88	376.6173157302029	0.0	10
1399	6	88	376.6173157302029	0.0	10
1400	7	87	386.2173157302029	0.0	10
1401	6	88	376.6173157302029	0.0	10
1402	6	88	376.6173157302029	0.0	10
1403	6	88	376.6173157302029	0.0	10
1404	6	88	376.6173157302029	0.0	10
1405	6	88	376.6173157302029	0.0	10
1406	6	88	376.6173157302029	0.0	10
1407	6	88	376.6173157302029	0.0	10
1408	6	88	376.6173157302029	0.0	10
1409	847	-764	9426.095526217161	0.0	9
1410	6	88	376.6173157302029	0.0	10
1411	6	88	376.6173157302029	0.0	10
1412	6	88	376.6173157302029	0.0	10
1413	6	88	376.6173157302029	0.0	10
1414	6	88	376.6173157302029	0.0	10
1415	6	88	376.6173157302029	0.0	10
1416	6	88	376.6173157302029	0.0	10
1417	6	88	376.6173157302029	0.0	10
1418	6	88	376.6173157302029	0.0	10
1419	7	87	386.2173157302029	0.0	10
1420	6	88	376.6173157302029	0.0	10
1421	6	88	376.6173157302029	0.0	10
1422	6	88	376.6173157302029	0.0	10
1423	6	88	376.6173157302029	0.0	10
1424	6	88	376.6173157302029	0.0	10
1425	6	88	376.6173157302029	0.0	10
1426	6	88	376.6173157302029	0.0	10
1427	6	88	376.6173157302029	0.0	10
1428	6	88	376.6173157302029	0.0	10
1429	7	87	386.2173157302029	0.0	10
1430	6	88	376.6173157302029	0.0	10
1431	6	88	376.6173157302029	0.0	10
1432	6	88	376.6173157302029	0.0	10
1433	6	88	376.6173157302029	0.0	10
1434	6	88	376.6173157302029	0.0	10
1435	6	88	376.6173157302029	0.0	10
1436	6	88	376.6173157302029	0.0	10
1437	847	-764	9977.97373670397	0.0	9
1438	6	88	376.6173157302029	0.0	10
1439	6	88	376.6173157302029	0.0	10
1440	329	-244.0	3774.217315730181	0.0	10
1441	6	88	376.6173157302029	0.0	10
1442	6	88	376.6173157302029	0.0	10
1443	6	88	376.6173157302029	0.0	10
1444	7	87	386.2173157302029	0.0	10
1445	6	88	376.6173157302029	0.0	10
1446	6	88	376.6173157302029	0.0	10
1447	6	88	376.6173157302029	0.0	10
1448	6	88	376.6173157302029	0.0	10
1449	6	88	376.6173157302029	0.0	10
1450	6	88	376.6173157302029	0.0	10
1451	6	88	376.6173157302029	0.0	10
1452	6	88	376.6173157302029	0.0	10
1453	6	88	376.6173157302029	0.0	10
1454	6	88	376.6173157302029	0.0	10
1455	6	88	376.6173157302029	0.0	10
1456	6	88	376.6173157302029	0.0	10
1457	6	88	376.6173157302029	0.0	10
1458	6	88	376.6173157302029	0.0	10
1459	6	88	376.6173157302029	0.0	10
1460	6	88	376.6173157302029	0.0	10
1461	6	88	376.6173157302029	0.0	10
1462	6	88	376.6173157302029	0.0	10
1463	6	88	376.6173157302029	0.0	10
1464	6	88	376.6173157302029	0.0	10
1465	6	88	376.6173157302029	0.0	10
1466	6	88	376.6173157302029	0.0	10
1467	6	88	376.6173157302029	0.0	10
1468	6	88	376.6173157302029	0.0	10
1469	6	88	376.6173157302029	0.0	10
1470	6	88	376.6173157302029	0.0	10
1471	6	88	376.6173157302029	0.0	10
1472	6	88	376.6173157302029	0.0	10
1473	6	88	376.6173157302029	0.0	10
1474	6	88	376.6173157302029	0.0	10
1475	6	88	376.6173157302029	0.0	10
1476	6	88	376.6173157302029	0.0	10
1477	6	88	376.6173157302029	0.0	10
1478	6	88	376.6173157302029	0.0	10
1479	6	88	376.6173157302029	0.0	10
1480	847	-782.0	8959.017315730343	0.0	8
1481	6	88	376.6173157302029	0.0	10
1482	6	88	376.6173157302029	0.0	10
1483	6	88	376.6173157302029	0.0	10
1484	6	88	376.6173157302029	0.0	10
1485	57	29.0	866.217315730204	0.0	10
1486	6	88	376.6173157302029	0.0	10
1487	6	88	376.6173157302029	0.0	10
1488	6	88	376.6173157302029	0.0	10
1489	6	88	376.6173157302029	0.0	10
1490	6	88	376.6173157302029	0.0	10
1491	6	88	376.6173157302029	0.0	10
1492	6	88	376.6173157302029	0.0	10
1493	6	88	376.6173157302029	0.0	10
1494	6	88	376.6173157302029	0.0	10
1495	6	88	376.6173157302029	0.0	10
1496	6	88	376.6173157302029	0.0	10
1497	6	88	376.6173157302029	0.0	10
1498	6	88	376.6173157302029	0.0	10
1499	6	88	376.6173157302029	0.0	10
1500	6	88	376.6173157302029	0.0	10
1501	724	-630	9543.582104868136	0.0	10
1502	6	88	376.6173157302029	0.0	10
1503	6	88	376.6173157302029	0.0	10
1504	6	88	376.6173157302029	0.0	10
1505	6	88	376.6173157302029	0.0	10
1506	6	88	376.6173157302029	0.0	10
1507	6	88	376.6173157302029	0.0	10
1508	6	88	376.6173157302029	0.0	10
1509	6	88	376.6173157302029	0.0	10
1510	6	88	376.6173157302029	0.0	10
1511	6	88	376.6173157302029	0.0	10
1512	76	10.0	1048.6173157302044	0.0	10
1513	6	88	376.6173157302029	0.0	10
1514	6	88	376.6173157302029	0.0	10
1515	6	88	376.6173157302029	0.0	10
1516	6	88	376.6173157302029	0.0	10
1517	7	87	386.2173157302029	0.0	10
1518	6	88	376.6173157302029	0.0	10
1519	6	88	376.6173157302029	0.0	10
1520	6	88	376.6173157302029	0.0	10
1521	6	88	376.6173157302029	0.0	10
1522	6	88	376.6173157302029	0.0	10
1523	6	88	376.6173157302029	0.0	10
1524	6	88	376.6173157302029	0.0	10
1525	6	88	376.6173157302029	0.0	10
1526	6	88	376.6173157302029	0.0	10
1527	6	88	376.6173157302029	0.0	10
1528	6	88	376.6173157302029	0.0	10
1529	6	88	376.6173157302029	0.0	10
1530	6	88	376.6173157302029	0.0	10
1531	6	88	376.6173157302029	0.0	10
1532	6	88	376.6173157302029	0.0	10
1533	13	81	528.617315730203	0.0	10
1534	6	88	376.6173157302029	0.0	10
1535	6	88	376.6173157302029	0.0	10
1536	6	88	376.6173157302029	0.0	10
1537	7	87	386.21731573020287	0.0	10
1538	135	-41	1912.4955262169997	0.0	10
1539	6	88	376.6173157302029	0.0	10
1540	6	88	376.6173157302029	0.0	10
1541	6	88	376.6173157302029	0.0	10
1542	6	88	376.6173157302029	0.0	10
1543	6	88	376.6173157302029	0.0	10
1544	6	88	376.6173157302029	0.0	10
1545	6	88	376.6173157302029	0.0	10
1546	7	87	386.21731573020287	0.0	10
1547	408	-322.0	4511.078210486784	0.0	10
1548	6	88	376.6173157302029	0.0	10
1549	6	88	376.6173157302029	0.0	10
1550	6	88	376.6173157302029	0.0	10
1551	6	88	376.6173157302029	0.0	10
1552	6	88	376.6173157302029	0.0	10
1553	6	88	376.6173157302029	0.0	10
1554	6	88	376.6173157302029	0.0	10
1555	6	88	376.6173157302029	0.0	10
1556	6	88	376.6173157302029	0.0	10
1557	6	88	376.6173157302029	0.0	10
1558	6	88	376.6173157302029	0.0	10
1559	847	-771.0	8811.63463146055	0.0	9
1560	6	88	376.6173157302029	0.0	10
1561	6	88	376.6173157302029	0.0	10
1562	6	88	376.6173157302029	0.0	10
1563	6	88	376.6173157302029	0.0	10
1564	205	-120.0	2350.2782104867906	0.0	10
1565	6	88	376.6173157302029	0.0	10
1566	6	88	376.6173157302029	0.0	10
1567	847	-782.0	8789.417315730343	0.0	8
1568	6	88	376.6173157302029	0.0	10
1569	6	88	376.6173157302029	0.0	10
1570	6	88	376.6173157302029	0.0	10
1571	6	88	376.6173157302029	0.0	10
1572	6	88	376.6173157302029	0.0	10
1573	6	88	376.6173157302029	0.0	10
1574	6	88	376.6173157302029	0.0	10
1575	6	88	376.6173157302029	0.0	10
1576	6	88	376.6173157302029	0.0	10
1577	6	88	376.6173157302029	0.0	10
1578	6	88	376.6173157302029	0.0	10
1579	6	88	376.6173157302029	0.0	10
1580	6	88	376.6173157302029	0.0	10
1581	6	88	376.6173157302029	0.0	10
1582	6	88	376.6173157302029	0.0	10
1583	6	88	376.6173157302029	0.0	10
1584	6	88	376.6173157302029	0.0	10
1585	6	88	376.6173157302029	0.0	10
1586	6	88	376.6173157302029	0.0	10
1587	6	88	376.6173157302029	0.0	10
1588	6	88	376.6173157302029	0.0	10
1589	6	88	376.6173157302029	0.0	10
1590	6	88	376.6173157302029	0.0	10
1591	6	88	376.6173157302029	0.0	10
1592	6	88	376.6173157302029	0.0	10
1593	6	88	376.6173157302029	0.0	10
1594	6	88	376.6173157302029	0.0	10
1595	6	88	376.6173157302029	0.0	10
1596	7	87	386.21731573020287	0.0	10
1597	6	88	376.6173157302029	0.0	10
1598	6	88	376.6173157302029	0.0	10
1599	6	88	376.6173157302029	0.0	10
1600	6	88	376.6173157302029	0.0	10
1601	6	88	376.6173157302029	0.0	10
1602	6	88	376.6173157302029	0.0	10
1603	6	88	376.6173157302029	0.0	10
1604	6	88	376.6173157302029	0.0	10
1605	6	88	376.6173157302029	0.0	10
1606	6	88	376.6173157302029	0.0	10
1607	6	88	376.6173157302029	0.0	10
1608	6	88	376.6173157302029	0.0	10
1609	6	88	376.6173157302029	0.0	10
1610	6	88	376.6173157302029	0.0	10
1611	6	88	376.6173157302029	0.0	10
1612	6	88	376.6173157302029	0.0	10
1613	6	88	376.6173157302029	0.0	10
1614	6	88	376.6173157302029	0.0	10
1615	6	88	376.6173157302029	0.0	10
1616	6	88	376.6173157302029	0.0	10
1617	6	88	376.6173157302029	0.0	10
1618	6	88	376.6173157302029	0.0	10
1619	6	88	376.6173157302029	0.0	10
1620	6	88	376.6173157302029	0.0	10
1621	703	-617.0	7790.6519471906995	0.0	10
1622	6	88	376.6173157302029	0.0	10
1623	847	-795	8917.973736703954	0.0	6
1624	6	88	376.6173157302029	0.0	10
1625	108	-22.0	1525.4173157302012	0.0	10
1626	6	88	376.6173157302029	0.0	10
1627	6	88	376.6173157302029	0.0	10
1628	6	88	376.6173157302029	0.0	10
1629	6	88	376.6173157302029	0.0	10
1630	6	88	376.6173157302029	0.0	10
1631	6	88	376.6173157302029	0.0	10
1632	6	88	376.6173157302029	0.0	10
1633	6	88	376.6173157302029	0.0	10
1634	6	88	376.6173157302029	0.0	10
1635	6	88	376.6173157302029	0.0	10
1636	6	88	376.6173157302029	0.0	10
1637	6	88	376.6173157302029	0.0	10
1638	6	88	376.6173157302029	0.0	10
1639	6	88	376.6173157302029	0.0	10
1640	847	-772.0	9640.130157677577	0.0	9
1641	6	88	376.6173157302029	0.0	10
1642	6	88	376.6173157302029	0.0	10
1643	6	88	376.6173157302029	0.0	10
1644	6	88	376.6173157302029	0.0	10
1645	6	88	376.6173157302029	0.0	10
1646	8	86	480.6173157302029	0.0	10
1647	6	88	376.6173157302029	0.0	10
1648	6	88	376.6173157302029	0.0	10
1649	6	88	376.6173157302029	0.0	10
1650	6	88	376.6173157302029	0.0	10
1651	6	88	376.6173157302029	0.0	10
1652	847	-784	9448.312841947369	0.0	7
1653	847	-782.0	8810.95642097375	0.0	8
1654	6	88	376.6173157302029	0.0	10
1655	6	88	376.6173157302029	0.0	10
1656	6	88	376.6173157302029	0.0	10
1657	6	88	376.6173157302029	0.0	10
1658	6	88	376.6173157302029	0.0	10
1659	6	88	376.6173157302029	0.0	10
1660	6	88	376.6173157302029	0.0	10
1661	6	88	376.6173157302029	0.0	10
1662	6	88	376.6173157302029	0.0	10
1663	6	88	376.6173157302029	0.0	10
1664	6	88	376.6173157302029	0.0	10
1665	6	88	376.6173157302029	0.0	10
1666	6	88	376.6173157302029	0.0	10
1667	6	88	376.6173157302029	0.0	10
1668	6	88	376.6173157302029	0.0	10
1669	6	88	376.6173157302029	0.0	10
1670	6	88	376.6173157302029	0.0	10
1671	6	88	376.6173157302029	0.0	10
1672	6	88	376.6173157302029	0.0	10
1673	6	88	376.6173157302029	0.0	10
1674	6	88	376.6173157302029	0.0	10
1675	6	88	376.6173157302029	0.0	10
1676	6	88	376.6173157302029	0.0	10
1677	6	88	376.6173157302029	0.0	10
1678	6	88	376.6173157302029	0.0	10
1679	6	88	376.6173157302029	0.0	10
1680	6	88	376.6173157302029	0.0	10
1681	6	88	376.6173157302029	0.0	10
1682	6	88	376.6173157302029	0.0	10
1683	7	87	386.21731573020287	0.0	10
1684	6	88	376.6173157302029	0.0	10
1685	6	88	376.6173157302029	0.0	10
1686	6	88	376.6173157302029	0.0	10
1687	6	88	376.6173157302029	0.0	10
1688	6	88	376.6173157302029	0.0	10
1689	806	-736.0	8992.808368164337	0.0	10
1690	6	88	376.6173157302029	0.0	10
1691	6	88	376.6173157302029	0.0	10
1692	6	88	376.6173157302029	0.0	10
1693	6	88	376.6173157302029	0.0	10
1694	6	88	376.6173157302029	0.0	10
1695	6	88	376.6173157302029	0.0	10
1696	6	88	376.6173157302029	0.0	10
1697	6	88	376.6173157302029	0.0	10
1698	6	88	376.6173157302029	0.0	10
1699	6	88	376.6173157302029	0.0	10
1700	6	88	376.6173157302029	0.0	10
1701	6	88	376.6173157302029	0.0	10
1702	6	88	376.6173157302029	0.0	10
1703	6	88	376.6173157302029	0.0	10
1704	6	88	376.6173157302029	0.0	10
1705	6	88	376.6173157302029	0.0	10
1706	6	88	376.6173157302029	0.0	10
1707	6	88	376.6173157302029	0.0	10
1708	6	88	376.6173157302029	0.0	10
1709	6	88	376.6173157302029	0.0	10
1710	6	88	376.6173157302029	0.0	10
1711	6	88	376.6173157302029	0.0	10
1712	6	88	376.6173157302029	0.0	10
1713	6	88	376.6173157302029	0.0	10
1714	6	88	376.6173157302029	0.0	10
1715	6	88	376.6173157302029	0.0	10
1716	6	88	376.6173157302029	0.0	10
1717	6	88	376.6173157302029	0.0	10
1718	6	88	376.6173157302029	0.0	10
1719	6	88	376.6173157302029	0.0	10
1720	6	88	376.6173157302029	0.0	10
1721	6	88	376.6173157302029	0.0	10
1722	6	88	376.6173157302029	0.0	10
1723	6	88	376.6173157302029	0.0	10
1724	6	88	376.6173157302029	0.0	10
1725	6	88	376.6173157302029	0.0	10
1726	6	88	376.6173157302029	0.0	10
1727	6	88	376.6173157302029	0.0	10
1728	6	88	376.6173157302029	0.0	10
1729	6	88	376.6173157302029	0.0	10
1730	6	88	376.6173157302029	0.0	10
1731	6	88	376.6173157302029	0.0	10
1732	6	88	376.6173157302029	0.0	10
1733	6	88	376.6173157302029	0.0	10
1734	6	88	376.6173157302029	0.0	10
1735	6	88	376.6173157302029	0.0	10
1736	6	88	376.6173157302029	0.0	10
1737	6	88	376.6173157302029	0.0	10
1738	6	88	376.6173157302029	0.0	10
1739	6	88	376.6173157302029	0.0	10
1740	6	88	376.6173157302029	0.0	10
1741	6	88	376.6173157302029	0.0	10
1742	6	88	376.6173157302029	0.0	10
1743	6	88	376.6173157302029	0.0	10
1744	6	88	376.6173157302029	0.0	10
1745	6	88	376.6173157302029	0.0	10
1746	6	88	376.6173157302029	0.0	10
1747	6	88	376.6173157302029	0.0	10
1748	6	88	376.6173157302029	0.0	10
1749	6	88	376.6173157302029	0.0	10
1750	6	88	376.6173157302029	0.0	10
1751	6	88	376.6173157302029	0.0	10
1752	847	-791.0	8769.234631460555	0.0	8
1753	6	88	376.6173157302029	0.0	10
1754	729	-634	8018.712841947311	0.0	10
1755	847	-782.0	9024.991052434165	0.0	8
1756	847	-782.0	8811.634631460543	0.0	8
1757	110	-24.0	1395.878210486801	0.0	10
1758	847	-782.0	8895.756420973754	0.0	8
1759	6	88	376.6173157302029	0.0	10
1760	6	88	376.6173157302029	0.0	10
1761	847	-782.0	9321.112841947344	0.0	8
1762	125	-39.0	1858.895526217	0.0	10
1763	81	4.0	1245.3564209736028	0.0	10
1764	6	88	376.6173157302029	0.0	10
1765	384	-298.0	4472.495526216988	0.0	10
1766	6	88	376.6173157302029	0.0	10
1767	6	88	376.6173157302029	0.0	10
1768	6	88	376.6173157302029	0.0	10
1769	6	88	376.6173157302029	0.0	10
1770	6	88	376.6173157302029	0.0	10
1771	6	88	376.6173157302029	0.0	10
1772	6	88	376.6173157302029	0.0	10
1773	6	88	376.6173157302029	0.0	10
1774	6	88	376.6173157302029	0.0	10
1775	6	88	376.6173157302029	0.0	10
1776	6	88	376.6173157302029	0.0	10
1777	6	88	376.6173157302029	0.0	10
1778	6	88	376.6173157302029	0.0	10
1779	6	88	376.6173157302029	0.0	10
1780	6	88	376.6173157302029	0.0	10
1781	6	88	376.6173157302029	0.0	10
1782	6	88	376.6173157302029	0.0	10
1783	6	88	376.6173157302029	0.0	10
1784	6	88	376.6173157302029	0.0	10
1785	6	88	376.6173157302029	0.0	10
1786	6	88	376.6173157302029	0.0	10
1787	6	88	376.6173157302029	0.0	10
1788	6	88	376.6173157302029	0.0	10
1789	6	88	376.6173157302029	0.0	10
