TS	X	Y	Direction	Line_Man	Column_Man
0	442.0740729941328	314.8580243313776	1	1	1
1	505.6362684749491	314.8580243313776	1	1.0	1.0
2	569.1984639557654	314.8580243313776	1	1.0	1.0
3	632.7606594365817	314.8580243313776	1	1.0	1.0
4	696.322854917398	314.8580243313776	1	1.0	1.0
5	759.8850503982143	314.8580243313776	1	1.0	1.0
6	823.4472458790306	314.8580243313776	1	1.0	1.0
7	887.0094413598468	314.8580243313776	1	1.0	1.0
8	950.5716368406631	314.8580243313776	1	1.0	1.0
9	983.8661676785206	314.8580243313776	0	1.0	1.0
10	920.3039721977043	314.8580243313776	0	1.0	1.0
11	856.741776716888	314.8580243313776	0	1.0	1.0
12	793.1795812360717	314.8580243313776	0	1.0	1.0
13	729.6173857552554	314.8580243313776	0	1.0	1.0
14	666.0551902744392	314.8580243313776	0	1.0	1.0
15	602.4929947936229	314.8580243313776	0	1.0	1.0
16	538.9307993128066	314.8580243313776	0	1.0	1.0
17	475.3686038319903	314.8580243313776	0	1.0	1.0
18	411.806408351174	314.8580243313776	0	1.0	1.0
19	348.2442128703577	314.8580243313776	0	1.0	1.0
20	334	265.540041720919	0	1.0	1.0
21	334	201.9778462401027	0	1.0	1.0
22	334	138.4156507592864	0	1.0	1.0
23	334	74.85345527847008	0	1.0	1.0
24	334	11.291259797653773	0	1.0	1.0
25	386.2709356831625	0	1	1.0	1.0
26	449.8331311639788	0	1	1.0	1.0
27	513.3953266447951	0	1	1.0	1.0
28	576.9575221256114	0	1	1.0	1.0
29	640.5197176064277	0	1	1.0	1.0
30	704.081913087244	0	1	1.0	1.0
31	767.6441085680602	0	1	1.0	1.0
32	831.2063040488765	0	1	1.0	1.0
33	894.7684995296928	0	1	1.0	1.0
34	958.3306950105091	0	1	1.0	1.0
35	976.1071095086746	0	0	1.0	1.0
36	912.5449140278583	0	0	1.0	1.0
37	848.982718547042	0	0	1.0	1.0
38	785.4205230662258	0	0	1.0	1.0
39	721.8583275854095	0	0	1.0	1.0
40	675.7038678954068	0	1	1.0	1.0
41	739.2660633762231	0	1	1.0	1.0
42	802.8282588570394	0	1	1.0	1.0
43	866.3904543378557	0	1	1.0	1.0
44	929.952649818672	0	1	1.0	1.0
45	993.5148452994882	0	1	1.0	1.0
46	940.9229592196955	0	0	1.0	1.0
47	877.3607637388792	0	0	1.0	1.0
48	813.7985682580629	0	0	1.0	1.0
49	750.2363727772466	0	0	1.0	1.0
50	686.6741772964303	0	0	1.0	1.0
51	710.8880181843859	0	1	1.0	1.0
52	774.4502136652022	0	1	1.0	1.0
53	838.0124091460185	0	1	1.0	1.0
54	901.5746046268348	0	1	1.0	1.0
55	965.1368001076511	0	1	1.0	1.0
56	969.3010044115326	0	0	1.0	1.0
57	905.7388089307163	0	0	1.0	1.0
58	842.1766134499001	0	0	1.0	1.0
59	778.6144179690838	0	0	1.0	1.0
60	715.0522224882675	0	0	1.0	1.0
61	651.4900270074512	0	0	1.0	1.0
62	587.9278315266349	0	0	1.0	1.0
63	524.3656360458186	0	0	1.0	1.0
64	460.80344056500235	0	0	1.0	1.0
65	397.24124508418606	0	0	1.0	1.0
66	333.6790496033698	0	0	1.0	1.0
67	270.1168541225535	0	0	1.0	1.0
68	206.55465864173718	0	0	1.0	1.0
69	142.99246316092086	0	0	1.0	1.0
70	79.43026768010455	0	0	1.0	1.0
71	15.868072199288243	0	0	1.0	1.0
72	47.694123281528064	0	1	1.0	1.0
73	111.25631876234436	0	1	1.0	1.0
74	174.81851424316068	0	1	1.0	1.0
75	238.380709723977	0	1	1.0	1.0
76	301.9429052047933	0	1	1.0	1.0
77	365.5051006856096	0	1	1.0	1.0
78	429.0672961664259	0	1	1.0	1.0
79	492.62949164724216	0	1	1.0	1.0
80	556.1916871280584	0	1	1.0	1.0
81	619.7538826088747	0	1	1.0	1.0
82	683.316078089691	0	1	1.0	1.0
83	746.8782735705073	0	1	1.0	1.0
84	810.4404690513236	0	1	1.0	1.0
85	874.0026645321399	0	1	1.0	1.0
86	937.5648600129562	0	1	1.0	1.0
87	996.8729445062276	0	0	1.0	1.0
88	933.3107490254113	0	0	1.0	1.0
89	869.748553544595	0	0	1.0	1.0
90	806.1863580637787	0	0	1.0	1.0
91	742.6241625829624	0	0	1.0	1.0
92	679.0619671021461	0	0	1.0	1.0
93	615.4997716213298	0	0	1.0	1.0
94	551.9375761405136	0	0	1.0	1.0
95	488.37538065969727	0	0	1.0	1.0
96	424.813185178881	0	0	1.0	1.0
97	361.2509896980647	0	0	1.0	1.0
98	297.6887942172484	0	0	1.0	1.0
99	234.1265987364321	0	0	1.0	1.0
100	170.5644032556158	0	0	1.0	1.0
101	107.00220777479947	0	0	1.0	1.0
102	43.440012293983166	0	0	1.0	1.0
103	20.12218318683314	0	1	1.0	1.0
104	83.68437866764944	0	1	1.0	1.0
105	147.24657414846575	0	1	1.0	1.0
106	210.80876962928207	0	1	1.0	1.0
107	274.3709651100984	0	1	1.0	1.0
108	337.93316059091467	0	1	1.0	1.0
109	401.49535607173095	0	1	1.0	1.0
110	465.05755155254724	0	1	1.0	1.0
111	528.6197470333635	0	1	1.0	1.0
112	592.1819425141798	0	1	1.0	1.0
113	655.7441379949961	0	1	1.0	1.0
114	614.6936665241876	0	0	1.0	1.0
115	551.1314710433713	0	0	1.0	1.0
116	487.56927556255505	0	0	1.0	1.0
117	424.00708008173876	0	0	1.0	1.0
118	360.4448846009225	0	0	1.0	1.0
119	296.8826891201062	0	0	1.0	1.0
120	233.32049363928988	0	0	1.0	1.0
121	169.75829815847356	0	0	1.0	1.0
122	106.19610267765725	0	0	1.0	1.0
123	42.633907196840944	0	0	1.0	1.0
124	20.928288283975363	0	1	1.0	1.0
125	84.49048376479166	0	1	1.0	1.0
126	148.05267924560798	0	1	1.0	1.0
127	211.6148747264243	0	1	1.0	1.0
128	275.1770702072406	0	1	1.0	1.0
129	338.7392656880569	0	1	1.0	1.0
130	402.3014611688732	0	1	1.0	1.0
131	465.86365664968946	0	1	1.0	1.0
132	529.4258521305057	0	1	1.0	1.0
133	592.988047611322	0	1	1.0	1.0
134	656.5502430921383	0	1	1.0	1.0
135	613.8875614270454	0	0	1.0	1.0
136	550.3253659462291	0	0	1.0	1.0
137	486.7631704654128	0	0	1.0	1.0
138	423.20097498459654	0	0	1.0	1.0
139	359.63877950378026	0	0	1.0	1.0
140	296.07658402296397	0	0	1.0	1.0
141	232.51438854214766	0	0	1.0	1.0
142	168.95219306133134	0	0	1.0	1.0
143	105.38999758051503	0	0	1.0	1.0
144	41.82780209969872	0	0	1.0	1.0
145	21.734393381117584	0	1	1.0	1.0
146	85.29658886193388	0	1	1.0	1.0
147	148.8587843427502	0	1	1.0	1.0
148	212.4209798235665	0	1	1.0	1.0
149	275.9831753043828	0	1	1.0	1.0
150	339.5453707851991	0	1	1.0	1.0
151	403.1075662660154	0	1	1.0	1.0
152	466.6697617468317	0	1	1.0	1.0
153	530.231957227648	0	1	1.0	1.0
154	593.7941527084643	0	1	1.0	1.0
155	657.3563481892805	0	1	1.0	1.0
156	720.9185436700968	0	1	1.0	1.0
157	784.4807391509131	0	1	1.0	1.0
158	848.0429346317294	0	1	1.0	1.0
159	911.6051301125457	0	1	1.0	1.0
160	975.167325593362	0	1	1.0	1.0
161	959.2704789258216	0	0	1.0	1.0
162	895.7082834450053	0	0	1.0	1.0
163	832.1460879641891	0	0	1.0	1.0
164	768.5838924833728	0	0	1.0	1.0
165	705.0216970025565	0	0	1.0	1.0
166	641.4595015217402	0	0	1.0	1.0
167	577.8973060409239	0	0	1.0	1.0
168	514.3351105601076	0	0	1.0	1.0
169	450.77291507929135	0	0	1.0	1.0
170	387.21071959847507	0	0	1.0	1.0
171	323.6485241176588	0	0	1.0	1.0
172	260.0863286368425	0	0	1.0	1.0
173	196.52413315602618	0	0	1.0	1.0
174	132.96193767520987	0	0	1.0	1.0
175	69.39974219439355	0	0	1.0	1.0
176	5.837546713577247	0	0	1.0	1.0
177	57.72464876723906	0	1	1.0	1.0
178	121.28684424805536	0	1	1.0	1.0
179	184.84903972887167	0	1	1.0	1.0
180	248.411235209688	0	1	1.0	1.0
181	311.9734306905043	0	1	1.0	1.0
182	375.5356261713206	0	1	1.0	1.0
183	439.0978216521369	0	1	1.0	1.0
184	502.66001713295316	0	1	1.0	1.0
185	566.2222126137694	0	1	1.0	1.0
186	629.7844080945857	0	1	1.0	1.0
187	693.346603575402	0	1	1.0	1.0
188	756.9087990562183	0	1	1.0	1.0
189	820.4709945370346	0	1	1.0	1.0
190	884.0331900178509	0	1	1.0	1.0
191	947.5953854986672	0	1	1.0	1.0
192	986.8424190205166	0	0	1.0	1.0
193	923.2802235397003	0	0	1.0	1.0
194	859.718028058884	0	0	1.0	1.0
195	796.1558325780677	0	0	1.0	1.0
196	732.5936370972514	0	0	1.0	1.0
197	669.0314416164351	0	0	1.0	1.0
198	605.4692461356188	0	0	1.0	1.0
199	541.9070506548026	0	0	1.0	1.0
200	478.3448551739863	0	0	1.0	1.0
201	414.78265969317	0	0	1.0	1.0
202	351.2204642123537	0	0	1.0	1.0
203	287.6582687315374	0	0	1.0	1.0
204	224.0960732507211	0	0	1.0	1.0
205	160.5338777699048	0	0	1.0	1.0
206	96.97168228908848	0	0	1.0	1.0
207	33.40948680827217	0	0	1.0	1.0
208	30.152708672544136	0	1	1.0	1.0
209	93.71490415336044	0	1	1.0	1.0
210	157.27709963417675	0	1	1.0	1.0
211	220.83929511499306	0	1	1.0	1.0
212	284.4014905958094	0	1	1.0	1.0
213	347.96368607662566	0	1	1.0	1.0
214	411.52588155744195	0	1	1.0	1.0
215	475.08807703825823	0	1	1.0	1.0
216	538.6502725190745	0	1	1.0	1.0
217	602.2124679998908	0	1	1.0	1.0
218	665.7746634807071	0	1	1.0	1.0
219	729.3368589615234	0	1	1.0	1.0
220	792.8990544423397	0	1	1.0	1.0
221	856.461249923156	0	1	1.0	1.0
222	920.0234454039722	0	1	1.0	1.0
223	983.5856408847885	0	1	1.0	1.0
224	950.8521636343951	0	0	1.0	1.0
225	887.2899681535788	0	0	1.0	1.0
226	823.7277726727625	0	0	1.0	1.0
227	760.1655771919462	0	0	1.0	1.0
228	696.6033817111299	0	0	1.0	1.0
229	633.0411862303137	0	0	1.0	1.0
230	569.4789907494974	0	0	1.0	1.0
231	505.9167952686811	0	0	1.0	1.0
232	442.3545997878648	0	0	1.0	1.0
233	378.7924043070485	0	0	1.0	1.0
234	315.23020882623223	0	0	1.0	1.0
235	251.66801334541591	0	0	1.0	1.0
236	188.1058178645996	0	0	1.0	1.0
237	124.54362238378329	0	0	1.0	1.0
238	60.98142690296698	0	0	1.0	1.0
239	4.580768577849327	0	1	1.0	1.0
240	68.14296405866563	0	1	1.0	1.0
241	131.70515953948194	0	1	1.0	1.0
242	195.26735502029825	0	1	1.0	1.0
243	258.82955050111457	0	1	1.0	1.0
244	322.39174598193085	0	1	1.0	1.0
245	385.95394146274714	0	1	1.0	1.0
246	449.5161369435634	0	1	1.0	1.0
247	513.0783324243797	0	1	1.0	1.0
248	576.640527905196	0	1	1.0	1.0
249	640.2027233860123	0	1	1.0	1.0
250	703.7649188668286	0	1	1.0	1.0
251	767.3271143476449	0	1	1.0	1.0
252	830.8893098284611	0	1	1.0	1.0
253	894.4515053092774	0	1	1.0	1.0
254	958.0137007900937	0	1	1.0	1.0
255	976.42410372909	0	0	1.0	1.0
256	912.8619082482737	0	0	1.0	1.0
257	849.2997127674574	0	0	1.0	1.0
258	785.7375172866412	0	0	1.0	1.0
259	722.1753218058249	0	0	1.0	1.0
260	658.6131263250086	0	0	1.0	1.0
261	595.0509308441923	0	0	1.0	1.0
262	531.488735363376	0	0	1.0	1.0
263	467.9265398825597	0	0	1.0	1.0
264	404.36434440174344	0	0	1.0	1.0
265	340.80214892092715	0	0	1.0	1.0
266	390.76004655988913	0	1	1.0	1.0
267	454.3222420407054	0	1	1.0	1.0
268	517.8844375215217	0	1	1.0	1.0
269	581.446633002338	0	1	1.0	1.0
270	645.0088284831543	0	1	1.0	1.0
271	708.5710239639706	0	1	1.0	1.0
272	772.1332194447868	0	1	1.0	1.0
273	835.6954149256031	0	1	1.0	1.0
274	899.2576104064194	0	1	1.0	1.0
275	962.8198058872357	0	1	1.0	1.0
276	971.617998631948	0	0	1.0	1.0
277	908.0558031511317	0	0	1.0	1.0
278	844.4936076703154	0	0	1.0	1.0
279	780.9314121894992	0	0	1.0	1.0
280	717.3692167086829	0	0	1.0	1.0
281	680.1929787721334	0	1	1.0	1.0
282	743.7551742529497	0	1	1.0	1.0
283	807.317369733766	0	1	1.0	1.0
284	870.8795652145823	0	1	1.0	1.0
285	934.4417606953986	0	1	1.0	1.0
286	998.0039561762148	0	1	1.0	1.0
287	936.4338483429688	0	0	1.0	1.0
288	872.8716528621525	0	0	1.0	1.0
289	809.3094573813362	0	0	1.0	1.0
290	745.7472619005199	0	0	1.0	1.0
291	682.1850664197036	0	0	1.0	1.0
292	715.3771290611127	0	1	1.0	1.0
293	778.939324541929	0	1	1.0	1.0
294	842.5015200227452	0	1	1.0	1.0
295	906.0637155035615	0	1	1.0	1.0
296	969.6259109843778	0	1	1.0	1.0
297	964.8118935348059	0	0	1.0	1.0
298	901.2496980539896	0	0	1.0	1.0
299	837.6875025731733	0	0	1.0	1.0
300	774.125307092357	0	0	1.0	1.0
301	710.5631116115408	0	0	1.0	1.0
302	647.0009161307245	0	0	1.0	1.0
303	583.4387206499082	0	0	1.0	1.0
304	519.8765251690919	0	0	1.0	1.0
305	456.3143296882756	0	0	1.0	1.0
306	392.75213420745933	0	0	1.0	1.0
307	329.18993872664305	0	0	1.0	1.0
308	265.62774324582676	0	0	1.0	1.0
309	202.06554776501045	0	0	1.0	1.0
310	138.50335228419414	0	0	1.0	1.0
311	74.94115680337782	0	0	1.0	1.0
312	11.378961322561516	0	0	1.0	1.0
313	52.18323415825479	0	1	1.0	1.0
314	115.74542963907109	0	1	1.0	1.0
315	179.3076251198874	0	1	1.0	1.0
316	242.86982060070372	0	1	1.0	1.0
317	306.43201608152003	0	1	1.0	1.0
318	369.9942115623363	0	1	1.0	1.0
319	433.5564070431526	0	1	1.0	1.0
320	497.1186025239689	0	1	1.0	1.0
321	560.6807980047852	0	1	1.0	1.0
322	624.2429934856015	0	1	1.0	1.0
323	687.8051889664177	0	1	1.0	1.0
324	751.367384447234	0	1	1.0	1.0
325	814.9295799280503	0	1	1.0	1.0
326	878.4917754088666	0	1	1.0	1.0
327	942.0539708896829	0	1	1.0	1.0
328	992.3838336295008	0	0	1.0	1.0
329	928.8216381486845	0	0	1.0	1.0
330	865.2594426678683	0	0	1.0	1.0
331	801.697247187052	0	0	1.0	1.0
332	738.1350517062357	0	0	1.0	1.0
333	674.5728562254194	0	0	1.0	1.0
334	611.0106607446031	0	0	1.0	1.0
335	547.4484652637868	0	0	1.0	1.0
336	483.88626978297054	0	0	1.0	1.0
337	420.32407430215426	0	0	1.0	1.0
338	356.761878821338	0	0	1.0	1.0
339	374.8003166594783	0	1	1.0	1.0
340	438.3625121402946	0	1	1.0	1.0
341	501.9247076211109	0	1	1.0	1.0
342	565.4869031019272	0	1	1.0	1.0
343	629.0490985827435	0	1	1.0	1.0
344	692.6112940635597	0	1	1.0	1.0
345	756.173489544376	0	1	1.0	1.0
346	819.7356850251923	0	1	1.0	1.0
347	883.2978805060086	0	1	1.0	1.0
348	946.8600759868249	0	1	1.0	1.0
349	987.5777285323588	0	0	1.0	1.0
350	924.0155330515425	0	0	1.0	1.0
351	860.4533375707263	0	0	1.0	1.0
352	796.89114208991	0	0	1.0	1.0
353	733.3289466090937	0	0	1.0	1.0
354	669.7667511282774	0	0	1.0	1.0
355	727.7954443525389	0	1	1.0	1.0
356	791.3576398333552	0	1	1.0	1.0
357	854.9198353141715	0	1	1.0	1.0
358	918.4820307949877	0	1	1.0	1.0
359	982.044226275804	0	1	1.0	1.0
360	952.3935782433796	0	0	1.0	1.0
361	888.8313827625633	0	0	1.0	1.0
362	825.269187281747	0	0	1.0	1.0
363	761.7069918009307	0	0	1.0	1.0
364	698.1447963201144	0	0	1.0	1.0
365	634.5826008392982	0	0	1.0	1.0
366	571.0204053584819	0	0	1.0	1.0
367	507.4582098776656	0	0	1.0	1.0
368	443.8960143968493	0	0	1.0	1.0
369	380.333818916033	0	0	1.0	1.0
370	351.2283765647833	0	1	1.0	1.0
371	414.79057204559956	0	1	1.0	1.0
372	478.35276752641585	0	1	1.0	1.0
373	541.9149630072321	0	1	1.0	1.0
374	605.4771584880484	0	1	1.0	1.0
375	669.0393539688647	0	1	1.0	1.0
376	732.601549449681	0	1	1.0	1.0
377	796.1637449304973	0	1	1.0	1.0
378	859.7259404113136	0	1	1.0	1.0
379	923.2881358921298	0	1	1.0	1.0
380	986.8503313729461	0	1	1.0	1.0
381	947.5874731462375	0	0	1.0	1.0
382	884.0252776654212	0	0	1.0	1.0
383	820.4630821846049	0	0	1.0	1.0
384	756.9008867037886	0	0	1.0	1.0
385	693.3386912229723	0	0	1.0	1.0
386	704.223504257844	0	1	1.0	1.0
387	767.7856997386602	0	1	1.0	1.0
388	831.3478952194765	0	1	1.0	1.0
389	894.9100907002928	0	1	1.0	1.0
390	958.4722861811091	0	1	1.0	1.0
391	975.9655183380746	0	0	1.0	1.0
392	912.4033228572583	0	0	1.0	1.0
393	848.841127376442	0	0	1.0	1.0
394	785.2789318956258	0	0	1.0	1.0
395	721.7167364148095	0	0	1.0	1.0
396	658.1545409339932	0	0	1.0	1.0
397	594.5923454531769	0	0	1.0	1.0
398	531.0301499723606	0	0	1.0	1.0
399	467.46795449154433	0	0	1.0	1.0
400	403.90575901072805	0	0	1.0	1.0
401	340.34356352991176	0	0	1.0	1.0
402	276.7813680490955	0	0	1.0	1.0
403	213.21917256827916	0	0	1.0	1.0
404	149.65697708746285	0	0	1.0	1.0
405	86.09478160664654	0	0	1.0	1.0
406	22.53258612583023	0	0	1.0	1.0
407	41.02960935498608	0	1	1.0	1.0
408	104.59180483580238	0	1	1.0	1.0
409	168.1540003166187	0	1	1.0	1.0
410	231.716195797435	0	1	1.0	1.0
411	295.2783912782513	0	1	1.0	1.0
412	358.8405867590676	0	1	1.0	1.0
413	422.4027822398839	0	1	1.0	1.0
414	485.9649777207002	0	1	1.0	1.0
415	549.5271732015165	0	1	1.0	1.0
416	613.0893686823327	0	1	1.0	1.0
417	676.651564163149	0	1	1.0	1.0
418	740.2137596439653	0	1	1.0	1.0
419	803.7759551247816	0	1	1.0	1.0
420	867.3381506055979	0	1	1.0	1.0
421	930.9003460864142	0	1	1.0	1.0
422	994.4625415672305	0	1	1.0	1.0
423	939.9752629519533	0	0	1.0	1.0
424	876.413067471137	0	0	1.0	1.0
425	812.8508719903207	0	0	1.0	1.0
426	749.2886765095044	0	0	1.0	1.0
427	685.7264810286881	0	0	1.0	1.0
428	622.1642855478718	0	0	1.0	1.0
429	558.6020900670555	0	0	1.0	1.0
430	495.03989458623926	0	0	1.0	1.0
431	431.47769910542297	0	0	1.0	1.0
432	367.9155036246067	0	0	1.0	1.0
433	304.3533081437904	0	0	1.0	1.0
434	240.7911126629741	0	0	1.0	1.0
435	177.22891718215777	0	0	1.0	1.0
436	113.66672170134146	0	0	1.0	1.0
437	50.10452622052515	0	0	1.0	1.0
438	13.457669260291155	0	1	1.0	1.0
439	77.01986474110745	0	1	1.0	1.0
440	140.58206022192377	0	1	1.0	1.0
441	204.14425570274008	0	1	1.0	1.0
442	267.7064511835564	0	1	1.0	1.0
443	331.2686466643727	0	1	1.0	1.0
444	394.83084214518897	0	1	1.0	1.0
445	458.39303762600525	0	1	1.0	1.0
446	521.9552331068215	0	1	1.0	1.0
447	585.5174285876378	0	1	1.0	1.0
448	649.0796240684541	0	1	1.0	1.0
449	712.6418195492704	0	1	1.0	1.0
450	776.2040150300867	0	1	1.0	1.0
451	839.766210510903	0	1	1.0	1.0
452	903.3284059917193	0	1	1.0	1.0
453	966.8906014725355	0	1	1.0	1.0
454	967.5472030466481	0	0	1.0	1.0
455	903.9850075658318	0	0	1.0	1.0
456	840.4228120850155	0	0	1.0	1.0
457	776.8606166041992	0	0	1.0	1.0
458	713.2984211233829	0	0	1.0	1.0
459	684.2637743574334	0	1	1.0	1.0
460	747.8259698382496	0	1	1.0	1.0
461	811.3881653190659	0	1	1.0	1.0
462	874.9503607998822	0	1	1.0	1.0
463	938.5125562806985	0	1	1.0	1.0
464	995.9252482384852	0	0	1.0	1.0
465	932.3630527576689	0	0	1.0	1.0
466	868.8008572768526	0	0	1.0	1.0
467	805.2386617960364	0	0	1.0	1.0
468	741.6764663152201	0	0	1.0	1.0
469	678.1142708344038	0	0	1.0	1.0
470	614.5520753535875	0	0	1.0	1.0
471	550.9898798727712	0	0	1.0	1.0
472	487.4276843919549	0	0	1.0	1.0
473	423.86548891113864	0	0	1.0	1.0
474	360.30329343032236	0	0	1.0	1.0
475	296.74109794950607	0	0	1.0	1.0
476	233.17890246868976	0	0	1.0	1.0
477	169.61670698787344	0	0	1.0	1.0
478	106.05451150705713	0	0	1.0	1.0
479	42.49231602624082	0	0	1.0	1.0
480	21.069879454575485	0	1	1.0	1.0
481	84.63207493539178	0	1	1.0	1.0
482	148.1942704162081	0	1	1.0	1.0
483	211.7564658970244	0	1	1.0	1.0
484	275.3186613778407	0	1	1.0	1.0
485	338.880856858657	0	1	1.0	1.0
486	402.4430523394733	0	1	1.0	1.0
487	466.0052478202896	0	1	1.0	1.0
488	529.5674433011059	0	1	1.0	1.0
489	593.1296387819222	0	1	1.0	1.0
490	656.6918342627384	0	1	1.0	1.0
491	720.2540297435547	0	1	1.0	1.0
492	783.816225224371	0	1	1.0	1.0
493	847.3784207051873	0	1	1.0	1.0
494	910.9406161860036	0	1	1.0	1.0
495	974.5028116668199	0	1	1.0	1.0
496	959.9349928523638	0	0	1.0	1.0
497	896.3727973715476	0	0	1.0	1.0
498	832.8106018907313	0	0	1.0	1.0
499	769.248406409915	0	0	1.0	1.0
500	705.6862109290987	0	0	1.0	1.0
501	642.1240154482824	0	0	1.0	1.0
502	578.5618199674661	0	0	1.0	1.0
503	514.9996244866499	0	0	1.0	1.0
504	451.43742900583356	0	0	1.0	1.0
505	387.8752335250173	0	0	1.0	1.0
506	324.313038044201	0	0	1.0	1.0
507	260.7508425633847	0	0	1.0	1.0
508	197.1886470825684	0	0	1.0	1.0
509	133.62645160175208	0	0	1.0	1.0
510	70.06425612093577	0	0	1.0	1.0
511	6.50206064011946	0	0	1.0	1.0
512	59.06013484069685	0	1	1.0	1.0
513	122.62233032151315	0	1	1.0	1.0
514	186.18452580232946	0	1	1.0	1.0
515	249.74672128314577	0	1	1.0	1.0
516	313.3089167639621	0	1	1.0	1.0
517	376.8711122447784	0	1	1.0	1.0
518	440.43330772559466	0	1	1.0	1.0
519	503.99550320641094	0	1	1.0	1.0
520	567.5576986872272	0	1	1.0	1.0
521	631.1198941680435	0	1	1.0	1.0
522	639.3179103511402	0	0	1.0	1.0
523	575.7557148703239	0	0	1.0	1.0
524	512.1935193895076	0	0	1.0	1.0
525	448.63132390869134	0	0	1.0	1.0
526	385.06912842787506	0	0	1.0	1.0
527	321.5069329470588	0	0	1.0	1.0
528	257.9447374662425	0	0	1.0	1.0
529	194.38254198542617	0	0	1.0	1.0
530	130.82034650460986	0	0	1.0	1.0
531	67.25815102379354	0	0	1.0	1.0
532	3.695955542977238	0	0	1.0	1.0
533	61.86623993783907	0	1	1.0	1.0
534	125.42843541865537	0	1	1.0	1.0
535	188.99063089947168	0	1	1.0	1.0
536	252.552826380288	0	1	1.0	1.0
537	316.1150218611043	0	1	1.0	1.0
538	379.6772173419206	0	1	1.0	1.0
539	443.2394128227369	0	1	1.0	1.0
540	506.80160830355317	0	1	1.0	1.0
541	570.3638037843695	0	1	1.0	1.0
542	633.9259992651857	0	1	1.0	1.0
543	697.488194746002	0	1	1.0	1.0
544	761.0503902268183	0	1	1.0	1.0
545	824.6125857076346	0	1	1.0	1.0
546	888.1747811884509	0	1	1.0	1.0
547	951.7369766692672	0	1	1.0	1.0
548	982.7008278499165	0	0	1.0	1.0
549	919.1386323691003	0	0	1.0	1.0
550	855.576436888284	0	0	1.0	1.0
551	792.0142414074677	0	0	1.0	1.0
552	728.4520459266514	0	0	1.0	1.0
553	664.8898504458351	0	0	1.0	1.0
554	601.3276549650188	0	0	1.0	1.0
555	537.7654594842026	0	0	1.0	1.0
556	474.20326400338627	0	0	1.0	1.0
557	410.64106852257	0	0	1.0	1.0
558	347.0788730417537	0	0	1.0	1.0
559	283.5166775609374	0	0	1.0	1.0
560	219.9544820801211	0	0	1.0	1.0
561	156.39228659930478	0	0	1.0	1.0
562	92.83009111848847	0	0	1.0	1.0
563	29.26789563767216	0	0	1.0	1.0
564	34.294299843144145	0	1	1.0	1.0
565	97.85649532396044	0	1	1.0	1.0
566	161.41869080477676	0	1	1.0	1.0
567	224.98088628559307	0	1	1.0	1.0
568	288.5430817664094	0	1	1.0	1.0
569	352.1052772472257	0	1	1.0	1.0
570	415.66747272804196	0	1	1.0	1.0
571	479.22966820885824	0	1	1.0	1.0
572	542.7918636896745	0	1	1.0	1.0
573	606.3540591704908	0	1	1.0	1.0
574	669.9162546513071	0	1	1.0	1.0
575	733.4784501321234	0	1	1.0	1.0
576	797.0406456129397	0	1	1.0	1.0
577	860.602841093756	0	1	1.0	1.0
578	924.1650365745722	0	1	1.0	1.0
579	987.7272320553885	0	1	1.0	1.0
580	946.7105724637952	0	0	1.0	1.0
581	883.1483769829789	0	0	1.0	1.0
582	819.5861815021626	0	0	1.0	1.0
583	756.0239860213463	0	0	1.0	1.0
584	692.46179054053	0	0	1.0	1.0
585	628.8995950597138	0	0	1.0	1.0
586	565.3373995788975	0	0	1.0	1.0
587	501.7752040980812	0	0	1.0	1.0
588	438.2130086172649	0	0	1.0	1.0
589	374.6508131364486	0	0	1.0	1.0
590	311.08861765563233	0	0	1.0	1.0
591	247.52642217481602	0	0	1.0	1.0
592	183.9642266939997	0	0	1.0	1.0
593	120.40203121318339	0	0	1.0	1.0
594	56.839835732367085	0	0	1.0	1.0
595	6.722359748449222	0	1	1.0	1.0
596	70.28455522926552	0	1	1.0	1.0
597	133.84675071008184	0	1	1.0	1.0
598	197.40894619089815	0	1	1.0	1.0
599	260.97114167171446	0	1	1.0	1.0
600	324.53333715253075	0	1	1.0	1.0
601	388.09553263334703	0	1	1.0	1.0
602	451.6577281141633	0	1	1.0	1.0
603	515.2199235949796	0	1	1.0	1.0
604	578.7821190757959	0	1	1.0	1.0
605	642.3443145566122	0	1	1.0	1.0
606	705.9065100374285	0	1	1.0	1.0
607	769.4687055182447	0	1	1.0	1.0
608	833.030900999061	0	1	1.0	1.0
609	896.5930964798773	0	1	1.0	1.0
610	960.1552919606936	0	1	1.0	1.0
611	974.2825125584901	0	0	1.0	1.0
612	910.7203170776738	0	0	1.0	1.0
613	847.1581215968575	0	0	1.0	1.0
614	783.5959261160413	0	0	1.0	1.0
615	720.033730635225	0	0	1.0	1.0
616	656.4715351544087	0	0	1.0	1.0
617	592.9093396735924	0	0	1.0	1.0
618	529.3471441927761	0	0	1.0	1.0
619	465.7849487119598	0	0	1.0	1.0
620	402.22275323114354	0	0	1.0	1.0
621	338.66055775032726	0	0	1.0	1.0
622	392.901637730489	0	1	1.0	1.0
623	456.4638332113053	0	1	1.0	1.0
624	520.0260286921216	0	1	1.0	1.0
625	583.5882241729379	0	1	1.0	1.0
626	647.1504196537542	0	1	1.0	1.0
627	623.2873848654295	0	0	1.0	1.0
628	559.7251893846133	0	0	1.0	1.0
629	496.162993903797	0	0	1.0	1.0
630	432.6007984229807	0	0	1.0	1.0
631	369.0386029421644	0	0	1.0	1.0
632	305.4764074613481	0	0	1.0	1.0
633	241.9142119805318	0	0	1.0	1.0
634	178.3520164997155	0	0	1.0	1.0
635	114.78982101889918	0	0	1.0	1.0
636	51.22762553808287	0	0	1.0	1.0
637	14.334569942733438	0	1	1.0	1.0
638	77.89676542354974	0	1	1.0	1.0
639	141.45896090436605	0	1	1.0	1.0
640	205.02115638518237	0	1	1.0	1.0
641	268.5833518659987	0	1	1.0	1.0
642	332.14554734681496	0	1	1.0	1.0
643	395.70774282763125	0	1	1.0	1.0
644	459.26993830844754	0	1	1.0	1.0
645	522.8321337892638	0	1	1.0	1.0
646	586.3943292700801	0	1	1.0	1.0
647	649.9565247508964	0	1	1.0	1.0
648	713.5187202317127	0	1	1.0	1.0
649	777.080915712529	0	1	1.0	1.0
650	840.6431111933452	0	1	1.0	1.0
651	904.2053066741615	0	1	1.0	1.0
652	967.7675021549778	0	1	1.0	1.0
653	966.6703023642058	0	0	1.0	1.0
654	903.1081068833895	0	0	1.0	1.0
655	839.5459114025732	0	0	1.0	1.0
656	775.9837159217569	0	0	1.0	1.0
657	712.4215204409406	0	0	1.0	1.0
658	648.8593249601244	0	0	1.0	1.0
659	585.2971294793081	0	0	1.0	1.0
660	521.7349339984918	0	0	1.0	1.0
661	458.1727385176755	0	0	1.0	1.0
662	394.6105430368592	0	0	1.0	1.0
663	331.0483475560429	0	0	1.0	1.0
664	267.48615207522664	0	0	1.0	1.0
665	203.92395659441033	0	0	1.0	1.0
666	140.361761113594	0	0	1.0	1.0
667	76.7995656327777	0	0	1.0	1.0
668	13.237370151961393	0	0	1.0	1.0
669	50.324825328854914	0	1	1.0	1.0
670	113.88702080967121	0	1	1.0	1.0
671	177.44921629048753	0	1	1.0	1.0
672	241.01141177130384	0	1	1.0	1.0
673	304.57360725212015	0	1	1.0	1.0
674	368.13580273293644	0	1	1.0	1.0
675	431.6979982137527	0	1	1.0	1.0
676	495.260193694569	0	1	1.0	1.0
677	558.8223891753853	0	1	1.0	1.0
678	622.3845846562016	0	1	1.0	1.0
679	648.0532198629821	0	0	1.0	1.0
680	584.4910243821658	0	0	1.0	1.0
681	520.9288289013496	0	0	1.0	1.0
682	457.3666334205333	0	0	1.0	1.0
683	393.804437939717	0	0	1.0	1.0
684	330.2422424589007	0	0	1.0	1.0
685	266.6800469780844	0	0	1.0	1.0
686	203.1178514972681	0	0	1.0	1.0
687	139.5556560164518	0	0	1.0	1.0
688	75.99346053563548	0	0	1.0	1.0
689	12.431265054819171	0	0	1.0	1.0
690	51.130930425997136	0	1	1.0	1.0
691	114.69312590681344	0	1	1.0	1.0
692	178.25532138762975	0	1	1.0	1.0
693	241.81751686844606	0	1	1.0	1.0
694	305.3797123492624	0	1	1.0	1.0
695	368.94190783007866	0	1	1.0	1.0
696	432.50410331089495	0	1	1.0	1.0
697	496.06629879171123	0	1	1.0	1.0
698	559.6284942725275	0	1	1.0	1.0
699	623.1906897533438	0	1	1.0	1.0
700	686.7528852341601	0	1	1.0	1.0
701	750.3150807149764	0	1	1.0	1.0
702	813.8772761957927	0	1	1.0	1.0
703	877.439471676609	0	1	1.0	1.0
704	941.0016671574252	0	1	1.0	1.0
705	993.4361373617585	0	0	1.0	1.0
706	929.8739418809422	0	0	1.0	1.0
707	866.3117464001259	0	0	1.0	1.0
708	802.7495509193096	0	0	1.0	1.0
709	739.1873554384933	0	0	1.0	1.0
710	675.625159957677	0	0	1.0	1.0
711	612.0629644768608	0	0	1.0	1.0
712	548.5007689960445	0	0	1.0	1.0
713	484.9385735152282	0	0	1.0	1.0
714	421.3763780344119	0	0	1.0	1.0
715	357.81418255359563	0	0	1.0	1.0
716	373.74801292722066	0	1	1.0	1.0
717	437.31020840803694	0	1	1.0	1.0
718	500.8724038888532	0	1	1.0	1.0
719	564.4345993696695	0	1	1.0	1.0
720	627.9967948504858	0	1	1.0	1.0
721	691.5589903313021	0	1	1.0	1.0
722	755.1211858121184	0	1	1.0	1.0
723	818.6833812929347	0	1	1.0	1.0
724	882.2455767737509	0	1	1.0	1.0
725	945.8077722545672	0	1	1.0	1.0
726	988.6300322646165	0	0	1.0	1.0
727	925.0678367838002	0	0	1.0	1.0
728	861.5056413029839	0	0	1.0	1.0
729	797.9434458221676	0	0	1.0	1.0
730	734.3812503413513	0	0	1.0	1.0
731	670.8190548605351	0	0	1.0	1.0
732	726.7431406202812	0	1	1.0	1.0
733	790.3053361010975	0	1	1.0	1.0
734	853.8675315819138	0	1	1.0	1.0
735	917.4297270627301	0	1	1.0	1.0
736	980.9919225435464	0	1	1.0	1.0
737	953.4458819756373	0	0	1.0	1.0
738	889.8836864948211	0	0	1.0	1.0
739	826.3214910140048	0	0	1.0	1.0
740	762.7592955331885	0	0	1.0	1.0
741	699.1971000523722	0	0	1.0	1.0
742	635.6349045715559	0	0	1.0	1.0
743	572.0727090907396	0	0	1.0	1.0
744	508.51051360992335	0	0	1.0	1.0
745	444.94831812910707	0	0	1.0	1.0
746	381.3861226482908	0	0	1.0	1.0
747	317.8239271674745	0	0	1.0	1.0
748	254.26173168665818	0	0	1.0	1.0
749	190.69953620584187	0	0	1.0	1.0
750	127.13734072502555	0	0	1.0	1.0
751	63.575145244209246	0	0	1.0	1.0
752	1	0.987050236607061	1	1.0	1.0
753	1	64.54924571742336	1	1.0	1.0
754	1	128.11144119823967	1	1.0	1.0
755	1	191.673636679056	1	1.0	1.0
756	1	255.2358321598723	1	1.0	1.0
757	1	318.7980276406886	1	1.0	1.0
758	1	382.3602231215049	1	1.0	1.0
759	1	445.92241860232116	1	1.0	1.0
760	1	509.48461408313744	1	1.0	1.0
761	1	573.0468095639537	1	1.0	1.0
762	1	636.60900504477	1	1.0	1.0
763	1	700.1712005255863	1	1.0	1.0
764	1	763.7333960064026	1	1.0	1.0
765	1	827.2955914872189	1	1.0	1.0
766	1	890.8577869680352	1	1.0	1.0
767	1	954.4199824488514	1	1.0	1.0
768	1	980.0178220703323	0	1.0	1.0
769	1	916.455626589516	0	1.0	1.0
770	1	852.8934311086997	0	1.0	1.0
771	1	789.3312356278834	0	1.0	1.0
772	1	725.7690401470671	0	1.0	1.0
773	1	662.2068446662508	0	1.0	1.0
774	1	598.6446491854346	0	1.0	1.0
775	1	535.0824537046183	0	1.0	1.0
776	1	471.520258223802	0	1.0	1.0
777	1	407.9580627429857	0	1.0	1.0
778	1	344.3958672621694	0	1.0	1.0
779	0	281.83367178135313	0	1.0	1.0
780	0	218.27147630053682	0	1.0	1.0
781	0	154.7092808197205	0	1.0	1.0
782	0	91.14708533890419	0	1.0	1.0
783	0	27.584889858087884	0	1.0	1.0
784	35.97730562272842	0	1	1.0	1.0
785	99.53950110354472	0	1	1.0	1.0
786	163.10169658436104	0	1	1.0	1.0
787	226.66389206517735	0	1	1.0	1.0
788	290.22608754599366	0	1	1.0	1.0
789	353.78828302680995	0	1	1.0	1.0
790	417.35047850762624	0	1	1.0	1.0
791	480.9126739884425	0	1	1.0	1.0
792	544.4748694692588	0	1	1.0	1.0
793	608.0370649500751	0	1	1.0	1.0
794	671.5992604308914	0	1	1.0	1.0
795	735.1614559117077	0	1	1.0	1.0
796	798.723651392524	0	1	1.0	1.0
797	862.2858468733402	0	1	1.0	1.0
798	925.8480423541565	0	1	1.0	1.0
799	989.4102378349728	0	1	1.0	1.0
800	945.0275666842108	0	0	1.0	1.0
801	881.4653712033945	0	0	1.0	1.0
802	817.9031757225782	0	0	1.0	1.0
803	754.3409802417619	0	0	1.0	1.0
804	690.7787847609457	0	0	1.0	1.0
805	706.7834107198706	0	1	1.0	1.0
806	770.3456062006869	0	1	1.0	1.0
807	833.9078016815032	0	1	1.0	1.0
808	897.4699971623195	0	1	1.0	1.0
809	961.0321926431358	0	1	1.0	1.0
810	973.4056118760479	0	0	1.0	1.0
811	909.8434163952317	0	0	1.0	1.0
812	846.2812209144154	0	0	1.0	1.0
813	782.7190254335991	0	0	1.0	1.0
814	719.1568299527828	0	0	1.0	1.0
815	655.5946344719665	0	0	1.0	1.0
816	592.0324389911502	0	0	1.0	1.0
817	528.470243510334	0	0	1.0	1.0
818	464.90804802951766	0	0	1.0	1.0
819	401.3458525487014	0	0	1.0	1.0
820	337.7836570678851	0	0	1.0	1.0
821	274.2214615870688	0	0	1.0	1.0
822	210.6592661062525	0	0	1.0	1.0
823	147.09707062543617	0	0	1.0	1.0
824	83.53487514461986	0	0	1.0	1.0
825	19.972679663803554	0	0	1.0	1.0
826	43.58951581701275	0	1	1.0	1.0
827	107.15171129782905	0	1	1.0	1.0
828	170.71390677864537	0	1	1.0	1.0
829	234.27610225946168	0	1	1.0	1.0
830	297.838297740278	0	1	1.0	1.0
831	361.4004932210943	0	1	1.0	1.0
832	424.96268870191057	0	1	1.0	1.0
833	488.52488418272685	0	1	1.0	1.0
834	552.0870796635431	0	1	1.0	1.0
835	615.6492751443594	0	1	1.0	1.0
836	679.2114706251757	0	1	1.0	1.0
837	742.773666105992	0	1	1.0	1.0
838	806.3358615868083	0	1	1.0	1.0
839	869.8980570676246	0	1	1.0	1.0
840	933.4602525484408	0	1	1.0	1.0
841	997.0224480292571	0	1	1.0	1.0
842	937.4153564899266	0	0	1.0	1.0
843	873.8531610091103	0	0	1.0	1.0
844	810.290965528294	0	0	1.0	1.0
845	746.7287700474777	0	0	1.0	1.0
846	683.1665745666614	0	0	1.0	1.0
847	619.6043790858452	0	0	1.0	1.0
848	556.0421836050289	0	0	1.0	1.0
849	492.4799881242126	0	0	1.0	1.0
850	428.9177926433963	0	0	1.0	1.0
851	365.35559716258	0	0	1.0	1.0
852	301.7934016817637	0	0	1.0	1.0
853	238.2312062009474	0	0	1.0	1.0
854	174.6690107201311	0	0	1.0	1.0
855	111.10681523931478	0	0	1.0	1.0
856	47.54461975849848	0	0	1.0	1.0
857	16.01757572231783	0	1	1.0	1.0
858	79.57977120313413	0	1	1.0	1.0
859	143.14196668395044	0	1	1.0	1.0
860	206.70416216476676	0	1	1.0	1.0
861	270.26635764558307	0	1	1.0	1.0
862	333.82855312639936	0	1	1.0	1.0
863	397.39074860721564	0	1	1.0	1.0
864	460.9529440880319	0	1	1.0	1.0
865	524.5151395688482	0	1	1.0	1.0
866	588.0773350496645	0	1	1.0	1.0
867	651.6395305304808	0	1	1.0	1.0
868	715.2017260112971	0	1	1.0	1.0
869	778.7639214921134	0	1	1.0	1.0
870	842.3261169729296	0	1	1.0	1.0
871	905.8883124537459	0	1	1.0	1.0
872	969.4505079345622	0	1	1.0	1.0
873	964.9872965846214	0	0	1.0	1.0
874	901.4251011038051	0	0	1.0	1.0
875	837.8629056229888	0	0	1.0	1.0
876	774.3007101421725	0	0	1.0	1.0
877	710.7385146613562	0	0	1.0	1.0
878	647.17631918054	0	0	1.0	1.0
879	583.6141236997237	0	0	1.0	1.0
880	520.0519282189074	0	0	1.0	1.0
881	456.4897327380911	0	0	1.0	1.0
882	392.9275372572748	0	0	1.0	1.0
883	329.36534177645854	0	0	1.0	1.0
884	265.80314629564225	0	0	1.0	1.0
885	202.24095081482594	0	0	1.0	1.0
886	138.67875533400962	0	0	1.0	1.0
887	75.11655985319331	0	0	1.0	1.0
888	11.554364372377002	0	0	1.0	1.0
889	52.007831108439305	0	1	1.0	1.0
890	115.5700265892556	0	1	1.0	1.0
891	179.13222207007192	0	1	1.0	1.0
892	242.69441755088823	0	1	1.0	1.0
893	306.25661303170455	0	1	1.0	1.0
894	369.81880851252083	0	1	1.0	1.0
895	433.3810039933371	0	1	1.0	1.0
896	496.9431994741534	0	1	1.0	1.0
897	560.5053949549697	0	1	1.0	1.0
898	624.067590435786	0	1	1.0	1.0
899	687.6297859166023	0	1	1.0	1.0
900	751.1919813974185	0	1	1.0	1.0
901	814.7541768782348	0	1	1.0	1.0
902	878.3163723590511	0	1	1.0	1.0
903	941.8785678398674	0	1	1.0	1.0
904	992.5592366793163	0	0	1.0	1.0
905	928.9970411985	0	0	1.0	1.0
906	865.4348457176837	0	0	1.0	1.0
907	801.8726502368675	0	0	1.0	1.0
908	738.3104547560512	0	0	1.0	1.0
909	674.7482592752349	0	0	1.0	1.0
910	722.8139362055814	0	1	1.0	1.0
911	786.3761316863977	0	1	1.0	1.0
912	849.938327167214	0	1	1.0	1.0
913	913.5005226480303	0	1	1.0	1.0
914	977.0627181288465	0	1	1.0	1.0
915	957.3750863903372	0	0	1.0	1.0
916	893.8128909095209	0	0	1.0	1.0
917	830.2506954287046	0	0	1.0	1.0
918	766.6884999478883	0	0	1.0	1.0
919	703.126304467072	0	0	1.0	1.0
920	639.5641089862557	0	0	1.0	1.0
921	576.0019135054395	0	0	1.0	1.0
922	512.4397180246232	0	0	1.0	1.0
923	448.8775225438069	0	0	1.0	1.0
924	385.3153270629906	0	0	1.0	1.0
925	321.7531315821743	0	0	1.0	1.0
926	258.19093610135803	0	0	1.0	1.0
927	194.62874062054172	0	0	1.0	1.0
928	131.0665451397254	0	0	1.0	1.0
929	67.50434965890909	0	0	1.0	1.0
930	3.9421541780927853	0	0	1.0	1.0
931	59.62004130272352	0	1	1.0	1.0
932	123.18223678353982	0	1	1.0	1.0
933	186.74443226435613	0	1	1.0	1.0
934	250.30662774517245	0	1	1.0	1.0
935	313.86882322598876	0	1	1.0	1.0
936	377.43101870680505	0	1	1.0	1.0
937	440.99321418762133	0	1	1.0	1.0
938	504.5554096684376	0	1	1.0	1.0
939	568.1176051492539	0	1	1.0	1.0
940	631.6798006300702	0	1	1.0	1.0
941	695.2419961108865	0	1	1.0	1.0
942	758.8041915917028	0	1	1.0	1.0
943	822.366387072519	0	1	1.0	1.0
944	885.9285825533353	0	1	1.0	1.0
945	949.4907780341516	0	1	1.0	1.0
946	984.9470264850321	0	0	1.0	1.0
947	921.3848310042158	0	0	1.0	1.0
948	857.8226355233995	0	0	1.0	1.0
949	794.2604400425832	0	0	1.0	1.0
950	730.698244561767	0	0	1.0	1.0
951	667.1360490809507	0	0	1.0	1.0
952	603.5738536001344	0	0	1.0	1.0
953	540.0116581193181	0	0	1.0	1.0
954	476.4494626385018	0	0	1.0	1.0
955	412.8872671576855	0	0	1.0	1.0
956	349.32507167686924	0	0	1.0	1.0
957	285.76287619605296	0	0	1.0	1.0
958	222.20068071523664	0	0	1.0	1.0
959	158.63848523442033	0	0	1.0	1.0
960	95.07628975360402	0	0	1.0	1.0
961	31.51409427278771	0	0	1.0	1.0
962	32.0481012080286	0	1	1.0	1.0
963	95.6102966888449	0	1	1.0	1.0
964	159.1724921696612	0	1	1.0	1.0
965	222.73468765047753	0	1	1.0	1.0
966	286.29688313129384	0	1	1.0	1.0
967	349.8590786121101	0	1	1.0	1.0
968	413.4212740929264	0	1	1.0	1.0
969	476.9834695737427	0	1	1.0	1.0
970	540.545665054559	0	1	1.0	1.0
971	604.1078605353753	0	1	1.0	1.0
972	667	0.6700560161915519	1	1.0	1.0
973	667	64.23225149700787	1	1.0	1.0
974	667	127.79444697782418	1	1.0	1.0
975	667	191.3566424586405	1	1.0	1.0
976	667	254.9188379394568	1	1.0	1.0
977	667	318.4810334202731	1	1.0	1.0
978	667	382.0432289010894	1	1.0	1.0
979	667	445.60542438190566	1	1.0	1.0
980	667	509.16761986272195	1	1.0	1.0
981	667	572.7298153435382	1	1.0	1.0
982	667	636.2920108243545	1	1.0	1.0
983	667	699.8542063051708	1	1.0	1.0
984	667	763.4164017859871	1	1.0	1.0
985	667	826.9785972668034	1	1.0	1.0
986	667	890.5407927476197	1	1.0	1.0
987	667	954.102988228436	1	1.0	1.0
988	667	980.3348162907478	0	1.0	1.0
989	667	916.7726208099315	0	1.0	1.0
990	667	853.2104253291152	0	1.0	1.0
991	667	789.6482298482989	0	1.0	1.0
992	667	726.0860343674826	0	1.0	1.0
993	662.5238388866663	667	0	1.0	1.0
994	598.96164340585	667	0	1.0	1.0
995	535.3994479250338	667	0	1.0	1.0
996	471.8372524442175	667	0	1.0	1.0
997	408.2750569634012	667	0	1.0	1.0
998	344.7128614825849	667	0	1.0	1.0
999	281.1506660017686	667	0	1.0	1.0
1000	217.5884705209523	667	0	1.0	1.0
1001	154.026275040136	667	0	1.0	1.0
1002	90.46407955931969	667	0	1.0	1.0
1003	26.90188407850338	667	0	1.0	1.0
1004	1	704.6603114023129	1	1.0	1.0
1005	1	768.2225068831292	1	1.0	1.0
1006	1	831.7847023639455	1	1.0	1.0
1007	1	895.3468978447618	1	1.0	1.0
1008	1	958.909093325578	1	1.0	1.0
1009	1	975.5287111936057	0	1.0	1.0
1010	1	911.9665157127894	0	1.0	1.0
1011	1	848.4043202319731	0	1.0	1.0
1012	1	784.8421247511568	0	1.0	1.0
1013	1	721.2799292703405	0	1.0	1.0
1014	1	667	1	1.0	1.0
1015	64.56219548081631	667	1	1.0	1.0
1016	128.12439096163263	667	1	1.0	1.0
1017	191.68658644244894	667	1	1.0	1.0
1018	255.24878192326526	667	1	1.0	1.0
1019	318.81097740408154	667	1	1.0	1.0
1020	382.3731728848978	667	1	1.0	1.0
1021	445.9353683657141	667	1	1.0	1.0
1022	509.4975638465304	667	1	1.0	1.0
1023	573.0597593273467	667	1	1.0	1.0
1024	636.621954808163	667	1	1.0	1.0
1025	700.1841502889793	667	1	1.0	1.0
1026	763.7463457697955	667	1	1.0	1.0
1027	827.3085412506118	667	1	1.0	1.0
1028	890.8707367314281	667	1	1.0	1.0
1029	954.4329322122444	667	1	1.0	1.0
1030	980.0048723069393	667	0	1.0	1.0
1031	916.442676826123	667	0	1.0	1.0
1032	852.8804813453067	667	0	1.0	1.0
1033	789.3182858644905	667	0	1.0	1.0
1034	725.7560903836742	667	0	1.0	1.0
1035	662.1938949028579	667	0	1.0	1.0
1036	598.6316994220416	667	0	1.0	1.0
1037	535.0695039412253	667	0	1.0	1.0
1038	471.50730846040904	667	0	1.0	1.0
1039	407.94511297959275	667	0	1.0	1.0
1040	344.38291749877646	667	0	1.0	1.0
1041	334	720.1792779820398	1	1.0	1.0
1042	334	783.7414734628561	1	1.0	1.0
1043	334	847.3036689436724	1	1.0	1.0
1044	334	910.8658644244887	1	1.0	1.0
1045	334	974.428059905305	1	1.0	1.0
1046	334	960.0097446138786	0	1.0	1.0
1047	334	896.4475491330624	0	1.0	1.0
1048	334	832.8853536522461	0	1.0	1.0
1049	334	769.3231581714298	0	1.0	1.0
1050	334	705.7609626906135	0	1.0	1.0
1051	334	642.1987672097972	0	1.0	1.0
1052	334	578.6365717289809	0	1.0	1.0
1053	334	515.0743762481646	0	1.0	1.0
1054	334	451.51218076734835	0	1.0	1.0
1055	334	387.94998528653207	0	1.0	1.0
1056	334	324.3877898057158	0	1.0	1.0
1057	334	260.8255943248995	0	1.0	1.0
1058	334	197.26339884408318	0	1.0	1.0
1059	334	133.70120336326687	0	1.0	1.0
1060	334	70.13900788245056	0	1.0	1.0
1061	334	6.57681240163425	0	1.0	1.0
1062	390.98538307918204	0	1	1.0	1.0
1063	454.5475785599983	0	1	1.0	1.0
1064	518.1097740408146	0	1	1.0	1.0
1065	581.6719695216309	0	1	1.0	1.0
1066	645.2341650024472	0	1	1.0	1.0
1067	708.7963604832635	0	1	1.0	1.0
1068	772.3585559640798	0	1	1.0	1.0
1069	835.920751444896	0	1	1.0	1.0
1070	899.4829469257123	0	1	1.0	1.0
1071	963.0451424065286	0	1	1.0	1.0
1072	971.392662112655	0	0	1.0	1.0
1073	907.8304666318387	0	0	1.0	1.0
1074	844.2682711510224	0	0	1.0	1.0
1075	780.7060756702061	0	0	1.0	1.0
1076	717.1438801893898	0	0	1.0	1.0
1077	653.5816847085736	0	0	1.0	1.0
1078	590.0194892277573	0	0	1.0	1.0
1079	526.457293746941	0	0	1.0	1.0
1080	462.8950982661247	0	0	1.0	1.0
1081	399.3329027853084	0	0	1.0	1.0
1082	335.77070730449213	0	0	1.0	1.0
1083	272.20851182367585	0	0	1.0	1.0
1084	208.64631634285954	0	0	1.0	1.0
1085	145.08412086204322	0	0	1.0	1.0
1086	81.52192538122691	0	0	1.0	1.0
1087	17.9597299004106	0	0	1.0	1.0
1088	45.602465580405706	0	1	1.0	1.0
1089	109.164661061222	0	1	1.0	1.0
1090	172.72685654203832	0	1	1.0	1.0
1091	236.28905202285463	0	1	1.0	1.0
1092	299.85124750367095	0	1	1.0	1.0
1093	363.41344298448723	0	1	1.0	1.0
1094	426.9756384653035	0	1	1.0	1.0
1095	490.5378339461198	0	1	1.0	1.0
1096	554.1000294269361	0	1	1.0	1.0
1097	617.6622249077524	0	1	1.0	1.0
1098	681.2244203885687	0	1	1.0	1.0
1099	744.786615869385	0	1	1.0	1.0
1100	808.3488113502012	0	1	1.0	1.0
1101	871.9110068310175	0	1	1.0	1.0
1102	935.4732023118338	0	1	1.0	1.0
1103	998.9646022073499	0	0	1.0	1.0
1104	935.4024067265336	0	0	1.0	1.0
1105	871.8402112457173	0	0	1.0	1.0
1106	808.278015764901	0	0	1.0	1.0
1107	744.7158202840848	0	0	1.0	1.0
1108	681.1536248032685	0	0	1.0	1.0
1109	617.5914293224522	0	0	1.0	1.0
1110	554.0292338416359	0	0	1.0	1.0
1111	490.46703836081963	0	0	1.0	1.0
1112	426.90484288000334	0	0	1.0	1.0
1113	363.34264739918706	0	0	1.0	1.0
1114	299.7804519183708	0	0	1.0	1.0
1115	236.21825643755446	0	0	1.0	1.0
1116	172.65606095673814	0	0	1.0	1.0
1117	109.09386547592183	0	0	1.0	1.0
1118	45.531669995105524	0	0	1.0	1.0
1119	18.030525485710783	0	1	1.0	1.0
1120	81.59272096652708	0	1	1.0	1.0
1121	145.1549164473434	0	1	1.0	1.0
1122	208.7171119281597	0	1	1.0	1.0
1123	272.279307408976	0	1	1.0	1.0
1124	335.8415028897923	0	1	1.0	1.0
1125	399.4036983706086	0	1	1.0	1.0
1126	462.9658938514249	0	1	1.0	1.0
1127	526.5280893322412	0	1	1.0	1.0
1128	590.0902848130575	0	1	1.0	1.0
1129	653.6524802938737	0	1	1.0	1.0
1130	717.21467577469	0	1	1.0	1.0
1131	780.7768712555063	0	1	1.0	1.0
1132	844.3390667363226	0	1	1.0	1.0
1133	907.9012622171389	0	1	1.0	1.0
1134	971.4634576979552	0	1	1.0	1.0
1135	962.9743468212284	0	0	1.0	1.0
1136	899.4121513404122	0	0	1.0	1.0
1137	835.8499558595959	0	0	1.0	1.0
1138	772.2877603787796	0	0	1.0	1.0
1139	708.7255648979633	0	0	1.0	1.0
1140	688.836630582853	0	1	1.0	1.0
1141	752.3988260636693	0	1	1.0	1.0
1142	815.9610215444856	0	1	1.0	1.0
1143	879.5232170253018	0	1	1.0	1.0
1144	943.0854125061181	0	1	1.0	1.0
1145	991.3523920130656	0	0	1.0	1.0
1146	927.7901965322493	0	0	1.0	1.0
1147	864.228001051433	0	0	1.0	1.0
1148	800.6658055706167	0	0	1.0	1.0
1149	737.1036100898004	0	0	1.0	1.0
1150	673.5414146089842	0	0	1.0	1.0
1151	609.9792191281679	0	0	1.0	1.0
1152	546.4170236473516	0	0	1.0	1.0
1153	482.8548281665353	0	0	1.0	1.0
1154	419.292632685719	0	0	1.0	1.0
1155	355.7304372049027	0	0	1.0	1.0
1156	375.83175827591356	0	1	1.0	1.0
1157	439.39395375672984	0	1	1.0	1.0
1158	502.95614923754613	0	1	1.0	1.0
1159	566.5183447183624	0	1	1.0	1.0
1160	630.0805401991787	0	1	1.0	1.0
1161	693.642735679995	0	1	1.0	1.0
1162	757.2049311608113	0	1	1.0	1.0
1163	820.7671266416276	0	1	1.0	1.0
1164	884.3293221224438	0	1	1.0	1.0
1165	947.8915176032601	0	1	1.0	1.0
1166	986.5462869159236	0	0	1.0	1.0
1167	922.9840914351073	0	0	1.0	1.0
1168	859.421895954291	0	0	1.0	1.0
1169	795.8597004734747	0	0	1.0	1.0
1170	732.2975049926584	0	0	1.0	1.0
1171	668.7353095118422	0	0	1.0	1.0
1172	605.1731140310259	0	0	1.0	1.0
1173	541.6109185502096	0	0	1.0	1.0
1174	478.0487230693933	0	0	1.0	1.0
1175	414.486527588577	0	0	1.0	1.0
1176	350.92433210776073	0	0	1.0	1.0
1177	287.36213662694445	0	0	1.0	1.0
1178	223.79994114612813	0	0	1.0	1.0
1179	160.23774566531182	0	0	1.0	1.0
1180	96.6755501844955	0	0	1.0	1.0
1181	33.1133547036792	0	0	1.0	1.0
1182	30.448840777137107	0	1	1.0	1.0
1183	94.0110362579534	0	1	1.0	1.0
1184	157.57323173876972	0	1	1.0	1.0
1185	221.13542721958603	0	1	1.0	1.0
1186	284.69762270040235	0	1	1.0	1.0
1187	348.25981818121863	0	1	1.0	1.0
1188	411.8220136620349	0	1	1.0	1.0
1189	475.3842091428512	0	1	1.0	1.0
1190	538.9464046236675	0	1	1.0	1.0
1191	602.5086001044838	0	1	1.0	1.0
1192	666.0707955853001	0	1	1.0	1.0
1193	729.6329910661163	0	1	1.0	1.0
1194	793.1951865469326	0	1	1.0	1.0
1195	856.7573820277489	0	1	1.0	1.0
1196	920.3195775085652	0	1	1.0	1.0
1197	983.8817729893815	0	1	1.0	1.0
1198	950.5560315298021	0	0	1.0	1.0
1199	886.9938360489858	0	0	1.0	1.0
1200	823.4316405681695	0	0	1.0	1.0
1201	759.8694450873533	0	0	1.0	1.0
1202	696.307249606537	0	0	1.0	1.0
1203	632.7450541257207	0	0	1.0	1.0
1204	569.1828586449044	0	0	1.0	1.0
1205	505.6206631640881	0	0	1.0	1.0
1206	442.05846768327183	0	0	1.0	1.0
1207	378.49627220245554	0	0	1.0	1.0
1208	353.06592327836074	0	1	1.0	1.0
1209	416.628118759177	0	1	1.0	1.0
1210	480.1903142399933	0	1	1.0	1.0
1211	543.7525097208096	0	1	1.0	1.0
1212	607.3147052016259	0	1	1.0	1.0
1213	670.8769006824422	0	1	1.0	1.0
1214	734.4390961632585	0	1	1.0	1.0
1215	798.0012916440747	0	1	1.0	1.0
1216	861.563487124891	0	1	1.0	1.0
1217	925.1256826057073	0	1	1.0	1.0
1218	988.6878780865236	0	1	1.0	1.0
1219	945.74992643266	0	0	1.0	1.0
1220	882.1877309518437	0	0	1.0	1.0
1221	818.6255354710274	0	0	1.0	1.0
1222	755.0633399902111	0	0	1.0	1.0
1223	691.5011445093949	0	0	1.0	1.0
1224	627.9389490285786	0	0	1.0	1.0
1225	564.3767535477623	0	0	1.0	1.0
1226	500.814558066946	0	0	1.0	1.0
1227	437.2523625861297	0	0	1.0	1.0
1228	373.69016710531344	0	0	1.0	1.0
1229	310.12797162449715	0	0	1.0	1.0
1230	246.56577614368084	0	0	1.0	1.0
1231	183.00358066286452	0	0	1.0	1.0
1232	119.44138518204821	0	0	1.0	1.0
1233	55.8791897012319	0	0	1.0	1.0
1234	7.683005779584406	0	1	1.0	1.0
1235	71.2452012604007	0	1	1.0	1.0
1236	134.80739674121702	0	1	1.0	1.0
1237	198.36959222203333	0	1	1.0	1.0
1238	261.93178770284965	0	1	1.0	1.0
1239	325.49398318366593	0	1	1.0	1.0
1240	389.0561786644822	0	1	1.0	1.0
1241	452.6183741452985	0	1	1.0	1.0
1242	516.1805696261148	0	1	1.0	1.0
1243	579.7427651069311	0	1	1.0	1.0
1244	643.3049605877474	0	1	1.0	1.0
1245	706.8671560685636	0	1	1.0	1.0
1246	770.4293515493799	0	1	1.0	1.0
1247	833.9915470301962	0	1	1.0	1.0
1248	897.5537425110125	0	1	1.0	1.0
1249	961.1159379918288	0	1	1.0	1.0
1250	973.3218665273548	0	0	1.0	1.0
1251	909.7596710465385	0	0	1.0	1.0
1252	846.1974755657222	0	0	1.0	1.0
1253	782.635280084906	0	0	1.0	1.0
1254	719.0730846040897	0	0	1.0	1.0
1255	655.5108891232734	0	0	1.0	1.0
1256	591.9486936424571	0	0	1.0	1.0
1257	528.3864981616408	0	0	1.0	1.0
1258	464.82430268082453	0	0	1.0	1.0
1259	401.26210720000824	0	0	1.0	1.0
1260	337.69991171919196	0	0	1.0	1.0
1261	274.1377162383757	0	0	1.0	1.0
1262	210.57552075755936	0	0	1.0	1.0
1263	147.01332527674305	0	0	1.0	1.0
1264	83.45112979592673	0	0	1.0	1.0
1265	19.888934315110426	0	0	1.0	1.0
1266	43.67326116570588	0	1	1.0	1.0
1267	107.23545664652218	0	1	1.0	1.0
1268	170.7976521273385	0	1	1.0	1.0
1269	234.3598476081548	0	1	1.0	1.0
1270	297.9220430889711	0	1	1.0	1.0
1271	361.4842385697874	0	1	1.0	1.0
1272	425.0464340506037	0	1	1.0	1.0
1273	488.60862953142	0	1	1.0	1.0
1274	552.1708250122363	0	1	1.0	1.0
1275	615.7330204930525	0	1	1.0	1.0
1276	679.2952159738688	0	1	1.0	1.0
1277	742.8574114546851	0	1	1.0	1.0
1278	806.4196069355014	0	1	1.0	1.0
1279	869.9818024163177	0	1	1.0	1.0
1280	933.543997897134	0	1	1.0	1.0
1281	997.1061933779503	0	1	1.0	1.0
1282	937.3316111412335	0	0	1.0	1.0
1283	873.7694156604172	0	0	1.0	1.0
1284	810.2072201796009	0	0	1.0	1.0
1285	746.6450246987846	0	0	1.0	1.0
1286	683.0828292179683	0	0	1.0	1.0
1287	619.520633737152	0	0	1.0	1.0
1288	555.9584382563357	0	0	1.0	1.0
1289	492.39624277551945	0	0	1.0	1.0
1290	428.83404729470317	0	0	1.0	1.0
1291	365.2718518138869	0	0	1.0	1.0
1292	301.7096563330706	0	0	1.0	1.0
1293	238.14746085225428	0	0	1.0	1.0
1294	174.58526537143797	0	0	1.0	1.0
1295	111.02306989062166	0	0	1.0	1.0
1296	47.46087440980535	0	0	1.0	1.0
1297	18.101321071010958	0	1	1.0	1.0
1298	81.66351655182726	0	1	1.0	1.0
1299	145.22571203264357	0	1	1.0	1.0
1300	208.78790751345988	0	1	1.0	1.0
1301	272.3501029942762	0	1	1.0	1.0
1302	335.9122984750925	0	1	1.0	1.0
1303	399.47449395590877	0	1	1.0	1.0
1304	463.03668943672506	0	1	1.0	1.0
1305	526.5988849175413	0	1	1.0	1.0
1306	590.1610803983576	0	1	1.0	1.0
1307	653.7232758791739	0	1	1.0	1.0
1308	717.2854713599902	0	1	1.0	1.0
1309	780.8476668408065	0	1	1.0	1.0
1310	844.4098623216228	0	1	1.0	1.0
1311	907.972057802439	0	1	1.0	1.0
1312	971.5342532832553	0	1	1.0	1.0
1313	962.9035512359283	0	0	1.0	1.0
1314	899.341355755112	0	0	1.0	1.0
1315	835.7791602742957	0	0	1.0	1.0
1316	772.2169647934794	0	0	1.0	1.0
1317	708.6547693126631	0	0	1.0	1.0
1318	645.0925738318468	0	0	1.0	1.0
1319	581.5303783510305	0	0	1.0	1.0
1320	517.9681828702143	0	0	1.0	1.0
1321	454.405987389398	0	0	1.0	1.0
1322	390.8437919085817	0	0	1.0	1.0
1323	327.2815964277654	0	0	1.0	1.0
1324	263.7194009469491	0	0	1.0	1.0
1325	200.1572054661328	0	0	1.0	1.0
1326	136.5950099853165	0	0	1.0	1.0
1327	73.03281450450018	0	0	1.0	1.0
1328	9.470619023683874	0	0	1.0	1.0
1329	54.09157645713243	0	1	1.0	1.0
1330	117.65377193794873	0	1	1.0	1.0
1331	181.21596741876505	0	1	1.0	1.0
1332	244.77816289958136	0	1	1.0	1.0
1333	308.3403583803977	0	1	1.0	1.0
1334	371.90255386121396	0	1	1.0	1.0
1335	435.46474934203025	0	1	1.0	1.0
1336	499.02694482284653	0	1	1.0	1.0
1337	562.5891403036628	0	1	1.0	1.0
1338	626.1513357844791	0	1	1.0	1.0
1339	689.7135312652954	0	1	1.0	1.0
1340	753.2757267461117	0	1	1.0	1.0
1341	816.837922226928	0	1	1.0	1.0
1342	880.4001177077442	0	1	1.0	1.0
1343	943.9623131885605	0	1	1.0	1.0
1344	990.4754913306232	0	0	1.0	1.0
1345	926.9132958498069	0	0	1.0	1.0
1346	863.3511003689906	0	0	1.0	1.0
1347	799.7889048881743	0	0	1.0	1.0
1348	736.226709407358	0	0	1.0	1.0
1349	672.6645139265418	0	0	1.0	1.0
1350	609.1023184457255	0	0	1.0	1.0
1351	545.5401229649092	0	0	1.0	1.0
1352	481.9779274840929	0	0	1.0	1.0
1353	418.4157320032766	0	0	1.0	1.0
1354	354.85353652246033	0	0	1.0	1.0
1355	291.29134104164405	0	0	1.0	1.0
1356	227.72914556082773	0	0	1.0	1.0
1357	164.16695008001142	0	0	1.0	1.0
1358	100.6047545991951	0	0	1.0	1.0
1359	37.0425591183788	0	0	1.0	1.0
1360	28.51963636243751	0	1	1.0	1.0
1361	92.08183184325381	0	1	1.0	1.0
1362	155.64402732407012	0	1	1.0	1.0
1363	219.20622280488644	0	1	1.0	1.0
1364	282.76841828570275	0	1	1.0	1.0
1365	346.33061376651904	0	1	1.0	1.0
1366	409.8928092473353	0	1	1.0	1.0
1367	473.4550047281516	0	1	1.0	1.0
1368	537.0172002089679	0	1	1.0	1.0
1369	600.5793956897842	0	1	1.0	1.0
1370	664.1415911706005	0	1	1.0	1.0
1371	727.7037866514167	0	1	1.0	1.0
1372	791.265982132233	0	1	1.0	1.0
1373	854.8281776130493	0	1	1.0	1.0
1374	918.3903730938656	0	1	1.0	1.0
1375	981.9525685746819	0	1	1.0	1.0
1376	952.4852359445017	0	0	1.0	1.0
1377	888.9230404636854	0	0	1.0	1.0
1378	825.3608449828691	0	0	1.0	1.0
1379	761.7986495020529	0	0	1.0	1.0
1380	698.2364540212366	0	0	1.0	1.0
1381	634.6742585404203	0	0	1.0	1.0
1382	571.112063059604	0	0	1.0	1.0
1383	507.5498675787877	0	0	1.0	1.0
1384	443.9876720979714	0	0	1.0	1.0
1385	380.42547661715514	0	0	1.0	1.0
1386	316.86328113633886	0	0	1.0	1.0
1387	253.30108565552254	0	0	1.0	1.0
1388	189.73889017470623	0	0	1.0	1.0
1389	126.17669469388991	0	0	1.0	1.0
1390	62.61449921307361	0	0	1.0	1.0
1391	0.9476962677426997	0	1	1.0	1.0
1392	64.509891748559	0	1	1.0	1.0
1393	128.0720872293753	0	1	1.0	1.0
1394	191.63428271019163	0	1	1.0	1.0
1395	255.19647819100794	0	1	1.0	1.0
1396	318.7586736718242	0	1	1.0	1.0
1397	382.3208691526405	0	1	1.0	1.0
1398	445.8830646334568	0	1	1.0	1.0
1399	509.4452601142731	0	1	1.0	1.0
1400	573.0074555950894	0	1	1.0	1.0
1401	636.5696510759057	0	1	1.0	1.0
1402	700.1318465567219	0	1	1.0	1.0
1403	763.6940420375382	0	1	1.0	1.0
1404	827.2562375183545	0	1	1.0	1.0
1405	890.8184329991708	0	1	1.0	1.0
1406	954.3806284799871	0	1	1.0	1.0
1407	980.0571760391966	0	0	1.0	1.0
1408	916.4949805583803	0	0	1.0	1.0
1409	852.9327850775641	0	0	1.0	1.0
1410	789.3705895967478	0	0	1.0	1.0
1411	725.8083941159315	0	0	1.0	1.0
1412	662.2461986351152	0	0	1.0	1.0
1413	598.6840031542989	0	0	1.0	1.0
1414	535.1218076734826	0	0	1.0	1.0
1415	471.55961219266635	0	0	1.0	1.0
1416	407.99741671185006	0	0	1.0	1.0
1417	344.4352212310338	0	0	1.0	1.0
1418	280.8730257502175	0	0	1.0	1.0
1419	217.31083026940118	0	0	1.0	1.0
1420	153.74863478858487	0	0	1.0	1.0
1421	90.18643930776855	0	0	1.0	1.0
1422	26.624243826952245	0	0	1.0	1.0
1423	38.93795165386406	0	1	1.0	1.0
1424	102.50014713468036	0	1	1.0	1.0
1425	166.06234261549668	0	1	1.0	1.0
1426	229.624538096313	0	1	1.0	1.0
1427	293.1867335771293	0	1	1.0	1.0
1428	356.7489290579456	0	1	1.0	1.0
1429	420.3111245387619	0	1	1.0	1.0
1430	483.87332001957816	0	1	1.0	1.0
1431	547.4355155003944	0	1	1.0	1.0
1432	610.9977109812107	0	1	1.0	1.0
1433	674.559906462027	0	1	1.0	1.0
1434	738.1221019428433	0	1	1.0	1.0
1435	801.6842974236596	0	1	1.0	1.0
1436	865.2464929044759	0	1	1.0	1.0
1437	928.8086883852922	0	1	1.0	1.0
1438	992.3708838661084	0	1	1.0	1.0
1439	942.0669206530752	0	0	1.0	1.0
1440	878.5047251722589	0	0	1.0	1.0
1441	814.9425296914426	0	0	1.0	1.0
1442	751.3803342106263	0	0	1.0	1.0
1443	687.81813872981	0	0	1.0	1.0
1444	624.2559432489937	0	0	1.0	1.0
1445	560.6937477681774	0	0	1.0	1.0
1446	497.13155228736116	0	0	1.0	1.0
1447	433.5693568065449	0	0	1.0	1.0
1448	370.0071613257286	0	0	1.0	1.0
1449	306.4449658449123	0	0	1.0	1.0
1450	242.882770364096	0	0	1.0	1.0
1451	179.32057488327968	0	0	1.0	1.0
1452	115.75837940246336	0	0	1.0	1.0
1453	52.196183921647055	0	0	1.0	1.0
1454	11.366011559169252	0	1	1.0	1.0
1455	74.92820703998555	0	1	1.0	1.0
1456	138.49040252080187	0	1	1.0	1.0
1457	202.05259800161818	0	1	1.0	1.0
1458	265.6147934824345	0	1	1.0	1.0
1459	329.1769889632508	0	1	1.0	1.0
1460	392.73918444406706	0	1	1.0	1.0
1461	456.30137992488335	0	1	1.0	1.0
1462	519.8635754056996	0	1	1.0	1.0
1463	583.4257708865159	0	1	1.0	1.0
1464	646.9879663673322	0	1	1.0	1.0
1465	623.4498381518515	0	0	1.0	1.0
1466	559.8876426710352	0	0	1.0	1.0
1467	496.32544719021894	0	0	1.0	1.0
1468	432.76325170940265	0	0	1.0	1.0
1469	369.20105622858637	0	0	1.0	1.0
1470	362.3611392522299	0	1	1.0	1.0
1471	425.9233347330462	0	1	1.0	1.0
1472	489.4855302138625	0	1	1.0	1.0
1473	553.0477256946788	0	1	1.0	1.0
1474	616.6099211754951	0	1	1.0	1.0
1475	653.8278833436887	0	0	1.0	1.0
1476	590.2656878628724	0	0	1.0	1.0
1477	526.7034923820561	0	0	1.0	1.0
1478	463.1412969012398	0	0	1.0	1.0
1479	399.5791014204235	0	0	1.0	1.0
1480	336.0169059396072	0	0	1.0	1.0
1481	272.45471045879094	0	0	1.0	1.0
1482	208.89251497797463	0	0	1.0	1.0
1483	145.3303194971583	0	0	1.0	1.0
1484	81.768124016342	0	0	1.0	1.0
1485	18.205928535525693	0	0	1.0	1.0
1486	45.35626694529061	0	1	1.0	1.0
1487	108.91846242610691	0	1	1.0	1.0
1488	172.48065790692323	0	1	1.0	1.0
1489	236.04285338773954	0	1	1.0	1.0
1490	299.60504886855585	0	1	1.0	1.0
1491	363.16724434937214	0	1	1.0	1.0
1492	426.7294398301884	0	1	1.0	1.0
1493	490.2916353110047	0	1	1.0	1.0
1494	553.853830791821	0	1	1.0	1.0
1495	617.4160262726373	0	1	1.0	1.0
1496	680.9782217534536	0	1	1.0	1.0
1497	744.5404172342699	0	1	1.0	1.0
1498	808.1026127150861	0	1	1.0	1.0
1499	871.6648081959024	0	1	1.0	1.0
1500	935.2270036767187	0	1	1.0	1.0
1501	998.789199157535	0	1	1.0	1.0
1502	935.6486053616486	0	0	1.0	1.0
1503	872.0864098808323	0	0	1.0	1.0
1504	808.524214400016	0	0	1.0	1.0
1505	744.9620189191997	0	0	1.0	1.0
1506	681.3998234383835	0	0	1.0	1.0
1507	617.8376279575672	0	0	1.0	1.0
1508	554.2754324767509	0	0	1.0	1.0
1509	490.7132369959346	0	0	1.0	1.0
1510	427.1510415151183	0	0	1.0	1.0
1511	363.58884603430204	0	0	1.0	1.0
1512	300.02665055348575	0	0	1.0	1.0
1513	236.46445507266944	0	0	1.0	1.0
1514	172.90225959185312	0	0	1.0	1.0
1515	109.34006411103681	0	0	1.0	1.0
1516	45.7778686302205	0	0	1.0	1.0
1517	17.784326850595804	0	1	1.0	1.0
1518	81.3465223314121	0	1	1.0	1.0
1519	144.90871781222842	0	1	1.0	1.0
1520	208.47091329304473	0	1	1.0	1.0
1521	272.03310877386104	0	1	1.0	1.0
1522	335.59530425467733	0	1	1.0	1.0
1523	399.1574997354936	0	1	1.0	1.0
1524	462.7196952163099	0	1	1.0	1.0
1525	526.2818906971262	0	1	1.0	1.0
1526	589.8440861779425	0	1	1.0	1.0
1527	653.4062816587588	0	1	1.0	1.0
1528	617.031522860425	0	0	1.0	1.0
1529	553.4693273796087	0	0	1.0	1.0
1530	489.9071318987924	0	0	1.0	1.0
1531	426.3449364179761	0	0	1.0	1.0
1532	362.7827409371598	0	0	1.0	1.0
1533	299.22054545634353	0	0	1.0	1.0
1534	235.65834997552722	0	0	1.0	1.0
1535	172.0961544947109	0	0	1.0	1.0
1536	108.53395901389459	0	0	1.0	1.0
1537	44.97176353307828	0	0	1.0	1.0
1538	18.590431947738026	0	1	1.0	1.0
1539	82.15262742855433	0	1	1.0	1.0
1540	145.71482290937064	0	1	1.0	1.0
1541	209.27701839018695	0	1	1.0	1.0
1542	272.83921387100327	0	1	1.0	1.0
1543	336.40140935181955	0	1	1.0	1.0
1544	399.96360483263584	0	1	1.0	1.0
1545	463.5258003134521	0	1	1.0	1.0
1546	527.0879957942684	0	1	1.0	1.0
1547	590.6501912750847	0	1	1.0	1.0
1548	654.212386755901	0	1	1.0	1.0
1549	717.7745822367173	0	1	1.0	1.0
1550	781.3367777175336	0	1	1.0	1.0
1551	844.8989731983498	0	1	1.0	1.0
1552	908.4611686791661	0	1	1.0	1.0
1553	972.0233641599824	0	1	1.0	1.0
1554	962.4144403592013	0	0	1.0	1.0
1555	898.852244878385	0	0	1.0	1.0
1556	835.2900493975687	0	0	1.0	1.0
1557	771.7278539167525	0	0	1.0	1.0
1558	708.1656584359362	0	0	1.0	1.0
1559	644.6034629551199	0	0	1.0	1.0
1560	581.0412674743036	0	0	1.0	1.0
1561	517.4790719934873	0	0	1.0	1.0
1562	453.916876512671	0	0	1.0	1.0
1563	390.35468103185474	0	0	1.0	1.0
1564	326.79248555103845	0	0	1.0	1.0
1565	263.23029007022217	0	0	1.0	1.0
1566	199.66809458940585	0	0	1.0	1.0
1567	136.10589910858954	0	0	1.0	1.0
1568	72.54370362777323	0	0	1.0	1.0
1569	8.98150814695692	0	0	1.0	1.0
1570	56.58068733385939	0	1	1.0	1.0
1571	120.14288281467569	0	1	1.0	1.0
1572	183.705078295492	0	1	1.0	1.0
1573	247.26727377630831	0	1	1.0	1.0
1574	310.82946925712463	0	1	1.0	1.0
1575	374.3916647379409	0	1	1.0	1.0
1576	437.9538602187572	0	1	1.0	1.0
1577	501.5160556995735	0	1	1.0	1.0
1578	565.0782511803898	0	1	1.0	1.0
1579	628.640446661206	0	1	1.0	1.0
1580	692.2026421420223	0	1	1.0	1.0
1581	755.7648376228386	0	1	1.0	1.0
1582	819.3270331036549	0	1	1.0	1.0
1583	882.8892285844712	0	1	1.0	1.0
1584	946.4514240652875	0	1	1.0	1.0
1585	987.9863804538962	0	0	1.0	1.0
1586	924.42418497308	0	0	1.0	1.0
1587	860.8619894922637	0	0	1.0	1.0
1588	797.2997940114474	0	0	1.0	1.0
1589	733.7375985306311	0	0	1.0	1.0
1590	670.1754030498148	0	0	1.0	1.0
1591	606.6132075689985	0	0	1.0	1.0
1592	543.0510120881822	0	0	1.0	1.0
1593	479.48881660736595	0	0	1.0	1.0
1594	415.92662112654966	0	0	1.0	1.0
1595	352.3644256457334	0	0	1.0	1.0
1596	288.8022301649171	0	0	1.0	1.0
1597	225.24003468410078	0	0	1.0	1.0
1598	161.67783920328446	0	0	1.0	1.0
1599	98.11564372246815	0	0	1.0	1.0
1600	34.55344824165184	0	0	1.0	1.0
1601	29.008747239164464	0	1	1.0	1.0
1602	92.57094271998076	0	1	1.0	1.0
1603	156.13313820079708	0	1	1.0	1.0
1604	219.6953336816134	0	1	1.0	1.0
1605	283.2575291624297	0	1	1.0	1.0
1606	346.819724643246	0	1	1.0	1.0
1607	410.3819201240623	0	1	1.0	1.0
1608	473.94411560487856	0	1	1.0	1.0
1609	537.5063110856948	0	1	1.0	1.0
1610	601.0685065665111	0	1	1.0	1.0
1611	664.6307020473274	0	1	1.0	1.0
1612	728.1928975281437	0	1	1.0	1.0
1613	791.75509300896	0	1	1.0	1.0
1614	855.3172884897763	0	1	1.0	1.0
1615	918.8794839705926	0	1	1.0	1.0
1616	982.4416794514088	0	1	1.0	1.0
1617	951.9961250677748	0	0	1.0	1.0
1618	888.4339295869585	0	0	1.0	1.0
1619	824.8717341061422	0	0	1.0	1.0
1620	761.3095386253259	0	0	1.0	1.0
1621	697.7473431445096	0	0	1.0	1.0
1622	634.1851476636933	0	0	1.0	1.0
1623	570.622952182877	0	0	1.0	1.0
1624	507.06075670206076	0	0	1.0	1.0
1625	443.4985612212445	0	0	1.0	1.0
1626	379.9363657404282	0	0	1.0	1.0
1627	351.6258297403881	0	1	1.0	1.0
1628	415.1880252212044	0	1	1.0	1.0
1629	478.75022070202067	0	1	1.0	1.0
1630	542.312416182837	0	1	1.0	1.0
1631	605.8746116636532	0	1	1.0	1.0
1632	669.4368071444695	0	1	1.0	1.0
1633	732.9990026252858	0	1	1.0	1.0
1634	796.5611981061021	0	1	1.0	1.0
1635	860.1233935869184	0	1	1.0	1.0
1636	923.6855890677347	0	1	1.0	1.0
1637	987.247784548551	0	1	1.0	1.0
1638	947.1900199706326	0	0	1.0	1.0
1639	883.6278244898164	0	0	1.0	1.0
1640	820.0656290090001	0	0	1.0	1.0
1641	756.5034335281838	0	0	1.0	1.0
1642	692.9412380473675	0	0	1.0	1.0
1643	629.3790425665512	0	0	1.0	1.0
1644	565.8168470857349	0	0	1.0	1.0
1645	502.25465160491865	0	0	1.0	1.0
1646	438.69245612410236	0	0	1.0	1.0
1647	375.1302606432861	0	0	1.0	1.0
1648	311.5680651624698	0	0	1.0	1.0
1649	248.00586968165348	0	0	1.0	1.0
1650	184.44367420083717	0	0	1.0	1.0
1651	120.88147872002085	0	0	1.0	1.0
1652	57.319283239204545	0	0	1.0	1.0
1653	6.242912241611762	0	1	1.0	1.0
1654	69.80510772242806	0	1	1.0	1.0
1655	133.36730320324438	0	1	1.0	1.0
1656	196.9294986840607	0	1	1.0	1.0
1657	260.491694164877	0	1	1.0	1.0
1658	324.0538896456933	0	1	1.0	1.0
1659	387.6160851265096	0	1	1.0	1.0
1660	451.17828060732586	0	1	1.0	1.0
1661	514.7404760881421	0	1	1.0	1.0
1662	578.3026715689584	0	1	1.0	1.0
1663	641.8648670497747	0	1	1.0	1.0
1664	705.427062530591	0	1	1.0	1.0
1665	768.9892580114073	0	1	1.0	1.0
1666	832.5514534922236	0	1	1.0	1.0
1667	896.1136489730399	0	1	1.0	1.0
1668	959.6758444538561	0	1	1.0	1.0
1669	974.7619600653276	0	0	1.0	1.0
1670	911.1997645845113	0	0	1.0	1.0
1671	847.637569103695	0	0	1.0	1.0
1672	784.0753736228787	0	0	1.0	1.0
1673	720.5131781420624	0	0	1.0	1.0
1674	656.9509826612461	0	0	1.0	1.0
1675	593.3887871804299	0	0	1.0	1.0
1676	529.8265916996136	0	0	1.0	1.0
1677	466.2643962187973	0	0	1.0	1.0
1678	402.702200737981	0	0	1.0	1.0
1679	339.1400052571647	0	0	1.0	1.0
1680	275.57780977634843	0	0	1.0	1.0
1681	212.01561429553212	0	0	1.0	1.0
1682	148.4534188147158	0	0	1.0	1.0
1683	84.89122333389949	0	0	1.0	1.0
1684	21.329027853083183	0	0	1.0	1.0
1685	42.233167627733124	0	1	1.0	1.0
1686	105.79536310854942	0	1	1.0	1.0
1687	169.35755858936574	0	1	1.0	1.0
1688	232.91975407018205	0	1	1.0	1.0
1689	296.48194955099837	0	1	1.0	1.0
1690	360.04414503181465	0	1	1.0	1.0
1691	423.60634051263094	0	1	1.0	1.0
1692	487.1685359934472	0	1	1.0	1.0
1693	550.7307314742635	0	1	1.0	1.0
1694	614.2929269550798	0	1	1.0	1.0
1695	656.1448775641039	0	0	1.0	1.0
1696	592.5826820832876	0	0	1.0	1.0
1697	529.0204866024714	0	0	1.0	1.0
1698	465.45829112165507	0	0	1.0	1.0
1699	401.8960956408388	0	0	1.0	1.0
1700	338.3339001600225	0	0	1.0	1.0
1701	274.7717046792062	0	0	1.0	1.0
1702	211.2095091983899	0	0	1.0	1.0
1703	147.64731371757358	0	0	1.0	1.0
1704	84.08511823675727	0	0	1.0	1.0
1705	20.52292275594096	0	0	1.0	1.0
1706	43.039272724875346	0	1	1.0	1.0
1707	106.60146820569165	0	1	1.0	1.0
1708	170.16366368650796	0	1	1.0	1.0
1709	233.72585916732427	0	1	1.0	1.0
1710	297.2880546481406	0	1	1.0	1.0
1711	360.8502501289569	0	1	1.0	1.0
1712	424.41244560977316	0	1	1.0	1.0
1713	487.97464109058944	0	1	1.0	1.0
1714	551.5368365714057	0	1	1.0	1.0
1715	615.099032052222	0	1	1.0	1.0
1716	678.6612275330383	0	1	1.0	1.0
1717	742.2234230138546	0	1	1.0	1.0
1718	805.7856184946709	0	1	1.0	1.0
1719	869.3478139754872	0	1	1.0	1.0
1720	932.9100094563034	0	1	1.0	1.0
1721	996.4722049371197	0	1	1.0	1.0
1722	937.965599582064	0	0	1.0	1.0
1723	874.4034041012477	0	0	1.0	1.0
1724	810.8412086204314	0	0	1.0	1.0
1725	747.2790131396151	0	0	1.0	1.0
1726	683.7168176587988	0	0	1.0	1.0
1727	620.1546221779826	0	0	1.0	1.0
1728	556.5924266971663	0	0	1.0	1.0
1729	493.03023121635	0	0	1.0	1.0
1730	429.4680357355337	0	0	1.0	1.0
1731	365.9058402547174	0	0	1.0	1.0
1732	302.34364477390113	0	0	1.0	1.0
1733	238.78144929308482	0	0	1.0	1.0
1734	175.2192538122685	0	0	1.0	1.0
1735	111.65705833145219	0	0	1.0	1.0
1736	48.094862850635884	0	0	1.0	1.0
1737	17.467332630180422	0	1	1.0	1.0
1738	81.02952811099672	0	1	1.0	1.0
1739	144.59172359181304	0	1	1.0	1.0
1740	208.15391907262935	0	1	1.0	1.0
1741	271.71611455344566	0	1	1.0	1.0
1742	335.27831003426195	0	1	1.0	1.0
1743	398.84050551507823	0	1	1.0	1.0
1744	462.4027009958945	0	1	1.0	1.0
1745	525.9648964767108	0	1	1.0	1.0
1746	589.5270919575271	0	1	1.0	1.0
1747	653.0892874383434	0	1	1.0	1.0
1748	716.6514829191597	0	1	1.0	1.0
1749	780.213678399976	0	1	1.0	1.0
1750	843.7758738807922	0	1	1.0	1.0
