Episode_Group	numSteps	Reward	Energy
1	20.0	0.0	723.0
2	16.0	4.0	563.0
3	18.0	0.0	625.0
4	21.0	-1.0	650.0
5	11.0	10.0	379.0
6	10.0	11.0	346.0
7	15.0	6.0	537.0
8	15.0	2.0	560.0
9	21.0	-2.0	750.0
10	17.0	4.0	692.0
11	13.0	9.0	488.0
12	10.0	11.0	361.0
13	11.0	10.0	423.0
14	11.0	10.0	426.0
15	11.0	10.0	431.0
16	13.0	8.0	469.0
17	10.0	11.0	413.0
18	14.0	7.0	462.0
19	11.0	8.0	318.0
20	15.0	6.0	528.0
21	10.0	11.0	316.0
22	7.0	14.0	289.0
23	10.0	11.0	364.0
24	9.0	12.0	380.0
25	14.0	7.0	489.0
26	10.0	11.0	362.0
27	8.0	13.0	343.0
28	7.0	14.0	275.0
29	14.0	6.0	489.0
30	10.0	10.0	365.0
31	9.0	12.0	367.0
32	8.0	13.0	340.0
33	12.0	9.0	477.0
34	7.0	14.0	243.0
35	9.0	12.0	331.0
36	6.0	15.0	296.0
37	6.0	15.0	227.0
38	3.0	18.0	141.0
39	8.0	13.0	352.0
40	8.0	13.0	327.0
41	4.0	17.0	202.0
42	7.0	14.0	263.0
43	3.0	18.0	171.0
44	4.0	16.0	173.0
45	3.0	17.0	165.0
46	5.0	16.0	264.0
47	7.0	14.0	310.0
48	11.0	11.0	407.0
49	7.0	14.0	292.0
50	10.0	11.0	391.0
51	10.0	11.0	450.0
52	8.0	14.0	401.0
53	9.0	11.0	368.0
54	6.0	15.0	203.0
55	5.0	16.0	220.0
56	13.0	7.0	477.0
57	9.0	13.0	408.0
58	5.0	16.0	205.0
59	5.0	16.0	244.0
60	13.0	8.0	443.0
61	7.0	14.0	331.0
62	4.0	17.0	175.0
63	9.0	11.0	334.0
64	10.0	11.0	350.0
65	4.0	17.0	177.0
66	4.0	17.0	196.0
67	7.0	14.0	317.0
68	9.0	11.0	334.0
69	7.0	13.0	318.0
70	4.0	17.0	209.0
71	9.0	11.0	296.0
72	4.0	18.0	193.0
73	7.0	13.0	311.0
74	6.0	14.0	285.0
75	6.0	15.0	255.0
76	7.0	14.0	311.0
77	7.0	13.0	290.0
78	5.0	16.0	233.0
79	5.0	16.0	233.0
80	4.0	17.0	218.0
81	8.0	13.0	359.0
82	7.0	12.0	308.0
83	5.0	16.0	288.0
84	9.0	12.0	355.0
85	7.0	15.0	245.0
86	9.0	12.0	277.0
87	2.0	19.0	127.0
88	2.0	19.0	133.0
89	3.0	18.0	141.0
90	5.0	15.0	186.0
91	3.0	18.0	164.0
92	2.0	19.0	122.0
93	5.0	16.0	177.0
94	11.0	7.0	340.0
95	3.0	18.0	176.0
96	3.0	18.0	160.0
97	3.0	18.0	150.0
98	2.0	19.0	119.0
99	4.0	16.0	195.0
100	2.0	19.0	122.0
101	2.0	19.0	109.0
102	9.0	10.0	379.0
103	3.0	18.0	163.0
104	2.0	19.0	137.0
105	5.0	17.0	221.0
106	7.0	14.0	316.0
107	6.0	15.0	307.0
108	5.0	16.0	215.0
109	6.0	15.0	238.0
110	10.0	9.0	364.0
111	10.0	8.0	340.0
112	8.0	12.0	260.0
113	3.0	18.0	169.0
114	3.0	19.0	156.0
115	3.0	18.0	157.0
116	2.0	19.0	141.0
117	2.0	19.0	116.0
118	2.0	19.0	113.0
119	2.0	20.0	104.0
120	4.0	17.0	155.0
121	4.0	16.0	212.0
122	3.0	18.0	148.0
123	2.0	19.0	104.0
124	8.0	11.0	273.0
125	7.0	13.0	213.0
126	7.0	13.0	212.0
127	2.0	19.0	109.0
128	3.0	18.0	135.0
129	2.0	19.0	130.0
130	9.0	9.0	263.0
131	2.0	19.0	109.0
132	2.0	20.0	104.0
133	2.0	19.0	109.0
134	2.0	19.0	109.0
135	6.0	14.0	217.0
136	12.0	6.0	373.0
137	3.0	18.0	149.0
138	7.0	12.0	214.0
139	3.0	18.0	176.0
140	4.0	17.0	178.0
141	2.0	19.0	135.0
142	2.0	19.0	109.0
143	2.0	19.0	124.0
144	2.0	19.0	119.0
145	12.0	8.0	442.0
146	8.0	9.0	343.0
147	12.0	8.0	408.0
148	6.0	15.0	206.0
149	3.0	18.0	166.0
150	2.0	19.0	135.0
151	2.0	20.0	104.0
152	5.0	15.0	175.0
153	12.0	6.0	403.0
154	9.0	9.0	335.0
155	8.0	10.0	302.0
156	19.0	-2.0	571.0
157	13.0	7.0	372.0
158	2.0	19.0	114.0
159	2.0	19.0	114.0
160	11.0	6.0	377.0
161	15.0	4.0	410.0
162	2.0	19.0	109.0
163	13.0	5.0	338.0
164	25.0	-7.0	621.0
165	7.0	13.0	255.0
166	2.0	19.0	135.0
167	2.0	19.0	110.0
168	2.0	19.0	109.0
169	11.0	10.0	372.0
170	4.0	16.0	212.0
171	4.0	16.0	210.0
172	2.0	19.0	145.0
173	3.0	18.0	178.0
174	2.0	19.0	114.0
175	3.0	17.0	157.0
176	6.0	14.0	276.0
177	7.0	13.0	212.0
178	3.0	19.0	158.0
179	4.0	16.0	199.0
180	9.0	11.0	283.0
181	2.0	19.0	145.0
182	3.0	17.0	158.0
183	4.0	16.0	219.0
184	2.0	19.0	150.0
185	3.0	19.0	158.0
186	3.0	19.0	153.0
187	2.0	19.0	109.0
188	3.0	19.0	147.0
189	4.0	17.0	194.0
190	2.0	19.0	124.0
191	2.0	19.0	110.0
192	5.0	16.0	221.0
193	11.0	7.0	367.0
194	8.0	11.0	303.0
195	2.0	19.0	119.0
196	2.0	19.0	109.0
197	2.0	20.0	104.0
198	2.0	19.0	124.0
199	7.0	13.0	218.0
200	3.0	18.0	166.0
201	2.0	19.0	130.0
202	2.0	20.0	104.0
203	4.0	17.0	191.0
204	6.0	14.0	270.0
205	2.0	19.0	140.0
206	2.0	19.0	140.0
207	2.0	19.0	104.0
208	2.0	20.0	104.0
209	2.0	19.0	114.0
210	2.0	20.0	104.0
211	3.0	18.0	183.0
212	18.0	0.0	625.0
213	12.0	6.0	466.0
214	19.0	-1.0	428.0
215	2.0	19.0	145.0
216	2.0	19.0	126.0
217	6.0	14.0	214.0
218	4.0	17.0	219.0
219	4.0	16.0	166.0
220	7.0	13.0	299.0
221	3.0	17.0	175.0
222	6.0	15.0	250.0
223	2.0	19.0	137.0
224	2.0	19.0	109.0
225	2.0	20.0	104.0
226	2.0	19.0	109.0
227	2.0	20.0	104.0
228	3.0	18.0	159.0
229	3.0	19.0	158.0
230	2.0	19.0	114.0
231	2.0	19.0	119.0
232	2.0	20.0	104.0
233	2.0	19.0	114.0
234	9.0	10.0	251.0
235	3.0	18.0	159.0
236	10.0	10.0	362.0
237	9.0	11.0	343.0
238	3.0	18.0	178.0
239	7.0	15.0	260.0
240	3.0	18.0	168.0
241	2.0	19.0	119.0
242	9.0	9.0	377.0
243	12.0	6.0	345.0
244	2.0	19.0	150.0
245	3.0	19.0	156.0
246	2.0	19.0	124.0
247	2.0	19.0	130.0
248	2.0	19.0	150.0
249	3.0	19.0	156.0
250	2.0	19.0	150.0
251	2.0	19.0	140.0
252	2.0	19.0	119.0
253	2.0	19.0	119.0
254	2.0	20.0	104.0
255	2.0	20.0	104.0
256	4.0	17.0	246.0
257	2.0	19.0	135.0
258	2.0	19.0	114.0
259	2.0	20.0	104.0
260	14.0	5.0	415.0
261	6.0	15.0	235.0
262	3.0	18.0	173.0
263	3.0	19.0	156.0
264	2.0	19.0	124.0
265	2.0	19.0	126.0
266	2.0	19.0	109.0
267	2.0	20.0	104.0
268	2.0	19.0	116.0
269	2.0	19.0	109.0
270	2.0	19.0	109.0
271	5.0	14.0	219.0
272	13.0	5.0	353.0
273	2.0	19.0	109.0
274	2.0	20.0	104.0
275	2.0	19.0	114.0
276	2.0	19.0	109.0
277	2.0	19.0	114.0
278	2.0	19.0	114.0
279	12.0	8.0	510.0
280	2.0	19.0	145.0
281	2.0	19.0	145.0
282	3.0	19.0	156.0
283	2.0	19.0	104.0
284	2.0	19.0	109.0
285	2.0	19.0	109.0
286	13.0	6.0	458.0
287	3.0	18.0	152.0
288	4.0	18.0	178.0
289	2.0	19.0	150.0
290	2.0	19.0	140.0
291	5.0	16.0	246.0
292	2.0	19.0	157.0
293	3.0	18.0	179.0
294	7.0	13.0	301.0
295	2.0	19.0	114.0
296	2.0	19.0	109.0
297	4.0	17.0	223.0
298	8.0	12.0	301.0
299	3.0	18.0	165.0
300	2.0	19.0	140.0
301	2.0	19.0	114.0
302	7.0	13.0	230.0
303	2.0	19.0	150.0
304	3.0	18.0	175.0
305	3.0	19.0	156.0
306	3.0	18.0	165.0
307	3.0	18.0	185.0
308	2.0	19.0	150.0
309	2.0	19.0	145.0
310	2.0	19.0	104.0
311	2.0	20.0	104.0
312	2.0	20.0	104.0
313	2.0	20.0	104.0
314	3.0	18.0	194.0
315	5.0	16.0	307.0
316	3.0	18.0	163.0
317	3.0	19.0	151.0
318	4.0	17.0	215.0
319	3.0	18.0	215.0
320	2.0	19.0	145.0
321	2.0	19.0	150.0
322	3.0	18.0	168.0
323	2.0	19.0	125.0
324	2.0	19.0	145.0
325	3.0	18.0	175.0
326	7.0	13.0	236.0
327	3.0	18.0	190.0
328	10.0	10.0	431.0
329	8.0	12.0	309.0
330	2.0	19.0	109.0
331	2.0	19.0	130.0
332	3.0	18.0	170.0
333	2.0	19.0	146.0
334	3.0	19.0	151.0
335	3.0	18.0	166.0
336	3.0	18.0	177.0
337	6.0	14.0	203.0
338	2.0	19.0	150.0
339	3.0	18.0	165.0
340	3.0	18.0	195.0
341	2.0	19.0	145.0
342	2.0	19.0	144.0
343	7.0	14.0	288.0
344	4.0	17.0	254.0
345	9.0	11.0	351.0
346	9.0	11.0	378.0
347	3.0	18.0	176.0
348	3.0	18.0	192.0
349	2.0	19.0	141.0
350	2.0	20.0	104.0
351	2.0	19.0	114.0
352	2.0	19.0	109.0
353	2.0	19.0	108.0
354	2.0	20.0	104.0
355	5.0	16.0	253.0
356	2.0	19.0	124.0
357	2.0	19.0	124.0
358	3.0	18.0	165.0
359	3.0	19.0	160.0
360	4.0	17.0	191.0
361	4.0	17.0	258.0
362	3.0	18.0	186.0
363	3.0	18.0	163.0
364	7.0	13.0	243.0
365	8.0	13.0	372.0
366	2.0	19.0	119.0
367	7.0	13.0	241.0
368	3.0	19.0	156.0
369	2.0	19.0	130.0
370	2.0	20.0	104.0
371	2.0	19.0	139.0
372	10.0	10.0	342.0
373	3.0	18.0	171.0
374	2.0	19.0	152.0
375	3.0	18.0	156.0
376	2.0	19.0	109.0
377	3.0	19.0	164.0
378	13.0	6.0	450.0
379	13.0	6.0	411.0
380	5.0	16.0	260.0
381	2.0	19.0	119.0
382	2.0	19.0	110.0
383	2.0	20.0	104.0
384	2.0	19.0	111.0
385	4.0	17.0	199.0
386	2.0	19.0	152.0
387	3.0	18.0	157.0
388	2.0	19.0	146.0
389	3.0	19.0	156.0
390	3.0	18.0	175.0
391	4.0	17.0	188.0
392	2.0	19.0	150.0
393	2.0	19.0	149.0
394	7.0	13.0	267.0
395	10.0	12.0	359.0
396	7.0	15.0	349.0
397	5.0	17.0	205.0
398	3.0	18.0	180.0
399	2.0	19.0	109.0
400	2.0	20.0	104.0
401	10.0	10.0	304.0
402	2.0	19.0	150.0
403	3.0	18.0	175.0
404	7.0	13.0	291.0
405	3.0	18.0	172.0
406	10.0	10.0	321.0
407	3.0	18.0	189.0
408	2.0	19.0	130.0
409	2.0	19.0	119.0
410	8.0	12.0	333.0
411	15.0	4.0	495.0
412	7.0	13.0	252.0
413	2.0	19.0	150.0
414	2.0	19.0	147.0
415	7.0	13.0	315.0
416	6.0	15.0	269.0
417	3.0	19.0	156.0
418	3.0	18.0	177.0
419	7.0	14.0	270.0
420	3.0	18.0	172.0
421	2.0	19.0	150.0
422	2.0	19.0	150.0
423	2.0	19.0	130.0
424	4.0	17.0	195.0
425	4.0	17.0	268.0
426	3.0	18.0	152.0
427	3.0	19.0	151.0
428	3.0	18.0	174.0
429	4.0	18.0	229.0
430	4.0	17.0	234.0
431	3.0	18.0	171.0
432	3.0	18.0	161.0
433	3.0	18.0	131.0
434	2.0	19.0	130.0
435	7.0	13.0	267.0
436	11.0	9.0	370.0
437	2.0	19.0	130.0
438	2.0	19.0	104.0
439	2.0	19.0	140.0
440	2.0	20.0	104.0
441	2.0	20.0	104.0
442	7.0	13.0	274.0
443	2.0	19.0	115.0
444	3.0	18.0	169.0
445	2.0	19.0	114.0
446	3.0	18.0	159.0
447	2.0	19.0	109.0
448	2.0	19.0	114.0
449	2.0	19.0	115.0
450	2.0	19.0	119.0
451	2.0	20.0	104.0
452	2.0	19.0	114.0
453	2.0	20.0	104.0
454	3.0	18.0	200.0
455	6.0	14.0	201.0
456	8.0	13.0	352.0
457	13.0	6.0	427.0
458	8.0	12.0	281.0
459	2.0	19.0	109.0
460	2.0	19.0	114.0
461	3.0	18.0	169.0
462	7.0	13.0	200.0
463	3.0	18.0	170.0
464	2.0	19.0	135.0
465	2.0	19.0	120.0
466	2.0	19.0	154.0
467	8.0	12.0	345.0
468	4.0	17.0	176.0
469	2.0	19.0	109.0
470	5.0	16.0	304.0
471	4.0	17.0	288.0
472	5.0	17.0	303.0
473	6.0	15.0	235.0
474	2.0	19.0	150.0
475	4.0	17.0	176.0
476	3.0	18.0	165.0
477	3.0	18.0	193.0
478	3.0	19.0	156.0
479	3.0	18.0	180.0
480	2.0	19.0	139.0
481	4.0	17.0	244.0
482	9.0	11.0	371.0
483	13.0	6.0	471.0
484	9.0	11.0	364.0
485	2.0	19.0	109.0
486	2.0	20.0	104.0
487	6.0	15.0	356.0
488	9.0	12.0	422.0
489	4.0	17.0	171.0
490	2.0	19.0	109.0
491	2.0	19.0	114.0
492	2.0	19.0	114.0
493	18.0	0.0	719.0
494	3.0	17.0	192.0
495	3.0	18.0	156.0
496	2.0	19.0	140.0
497	2.0	19.0	109.0
498	2.0	19.0	109.0
499	9.0	11.0	434.0
500	2.0	19.0	140.0
501	2.0	19.0	119.0
502	2.0	19.0	130.0
503	2.0	19.0	150.0
504	3.0	19.0	156.0
505	3.0	18.0	177.0
506	2.0	19.0	114.0
507	2.0	19.0	121.0
508	2.0	19.0	109.0
509	3.0	18.0	156.0
510	5.0	17.0	217.0
511	5.0	17.0	275.0
512	2.0	19.0	145.0
513	2.0	19.0	150.0
514	2.0	19.0	150.0
515	3.0	18.0	163.0
516	2.0	19.0	140.0
517	3.0	18.0	181.0
518	11.0	8.0	382.0
519	2.0	18.0	119.0
520	6.0	15.0	274.0
521	2.0	19.0	135.0
522	2.0	19.0	119.0
523	7.0	13.0	284.0
524	2.0	19.0	135.0
525	3.0	18.0	173.0
526	2.0	19.0	150.0
527	4.0	17.0	208.0
528	2.0	20.0	104.0
529	2.0	20.0	104.0
530	4.0	17.0	247.0
531	9.0	11.0	475.0
532	8.0	12.0	386.0
533	9.0	11.0	439.0
534	7.0	13.0	285.0
535	2.0	20.0	104.0
536	2.0	19.0	135.0
537	6.0	15.0	230.0
538	4.0	17.0	207.0
539	2.0	20.0	104.0
540	8.0	12.0	324.0
541	2.0	19.0	147.0
542	2.0	19.0	114.0
543	2.0	19.0	109.0
544	2.0	19.0	124.0
545	10.0	10.0	509.0
546	3.0	18.0	172.0
547	3.0	19.0	151.0
548	2.0	19.0	114.0
549	2.0	19.0	122.0
550	2.0	20.0	104.0
551	5.0	16.0	189.0
552	7.0	14.0	254.0
553	3.0	18.0	166.0
554	2.0	19.0	150.0
555	4.0	17.0	165.0
556	4.0	17.0	188.0
557	2.0	19.0	135.0
558	4.0	17.0	201.0
559	2.0	19.0	140.0
560	2.0	19.0	119.0
561	2.0	19.0	119.0
562	5.0	16.0	267.0
563	3.0	18.0	170.0
564	3.0	19.0	158.0
565	4.0	17.0	224.0
566	8.0	13.0	301.0
567	2.0	20.0	125.0
568	20.0	-3.0	566.0
569	5.0	16.0	278.0
570	3.0	18.0	197.0
571	4.0	17.0	241.0
572	5.0	16.0	252.0
573	3.0	19.0	156.0
574	4.0	18.0	186.0
575	7.0	13.0	215.0
576	2.0	19.0	121.0
577	2.0	19.0	116.0
578	11.0	9.0	465.0
579	8.0	13.0	446.0
580	3.0	18.0	215.0
581	3.0	18.0	163.0
582	6.0	15.0	325.0
583	3.0	19.0	156.0
584	3.0	18.0	193.0
585	2.0	19.0	130.0
586	3.0	17.0	190.0
587	2.0	19.0	150.0
588	3.0	18.0	176.0
589	3.0	18.0	165.0
590	3.0	19.0	156.0
591	2.0	19.0	145.0
592	2.0	19.0	150.0
593	3.0	19.0	156.0
594	3.0	18.0	157.0
595	2.0	19.0	147.0
596	2.0	19.0	116.0
597	2.0	19.0	141.0
598	4.0	18.0	208.0
599	3.0	18.0	175.0
600	7.0	14.0	241.0
601	2.0	19.0	135.0
602	2.0	19.0	114.0
603	7.0	13.0	239.0
604	3.0	18.0	185.0
605	10.0	10.0	450.0
606	3.0	18.0	176.0
607	2.0	19.0	139.0
608	5.0	16.0	264.0
609	8.0	12.0	319.0
610	4.0	17.0	207.0
611	3.0	18.0	161.0
612	4.0	18.0	227.0
613	4.0	17.0	202.0
614	4.0	17.0	237.0
615	2.0	19.0	159.0
616	3.0	18.0	204.0
617	2.0	20.0	104.0
618	2.0	19.0	113.0
619	2.0	19.0	119.0
620	7.0	14.0	284.0
621	3.0	19.0	136.0
622	2.0	20.0	104.0
623	2.0	19.0	109.0
624	3.0	18.0	183.0
625	2.0	20.0	104.0
626	6.0	16.0	223.0
627	2.0	19.0	114.0
628	7.0	13.0	213.0
629	2.0	20.0	104.0
630	5.0	16.0	293.0
631	8.0	13.0	255.0
632	2.0	19.0	109.0
633	2.0	19.0	114.0
634	2.0	20.0	104.0
635	8.0	12.0	335.0
636	2.0	19.0	119.0
637	2.0	19.0	120.0
638	2.0	19.0	114.0
639	2.0	20.0	104.0
640	2.0	19.0	109.0
641	3.0	18.0	175.0
642	4.0	17.0	248.0
643	6.0	14.0	192.0
644	2.0	19.0	150.0
645	3.0	18.0	171.0
646	2.0	19.0	140.0
647	2.0	19.0	114.0
648	4.0	17.0	255.0
649	5.0	16.0	289.0
650	2.0	19.0	150.0
651	5.0	16.0	189.0
652	3.0	19.0	143.0
653	2.0	19.0	129.0
654	21.0	-3.0	600.0
655	6.0	15.0	287.0
656	3.0	18.0	209.0
657	3.0	18.0	171.0
658	2.0	19.0	130.0
659	2.0	19.0	120.0
660	2.0	19.0	109.0
661	4.0	17.0	263.0
662	3.0	18.0	175.0
663	6.0	15.0	250.0
664	4.0	17.0	200.0
665	7.0	14.0	312.0
666	7.0	14.0	334.0
667	20.0	-6.0	497.0
668	17.0	-1.0	545.0
669	8.0	13.0	366.0
670	8.0	13.0	339.0
671	4.0	17.0	249.0
672	2.0	19.0	119.0
673	16.0	1.0	438.0
674	4.0	17.0	246.0
675	7.0	13.0	234.0
676	2.0	19.0	150.0
677	5.0	16.0	192.0
678	3.0	18.0	180.0
679	5.0	16.0	206.0
680	2.0	19.0	109.0
681	3.0	18.0	174.0
682	8.0	13.0	391.0
683	7.0	13.0	203.0
684	3.0	18.0	175.0
685	2.0	19.0	140.0
686	4.0	17.0	242.0
687	2.0	19.0	119.0
688	2.0	19.0	159.0
689	2.0	19.0	114.0
690	2.0	20.0	104.0
691	8.0	12.0	244.0
692	2.0	19.0	145.0
693	8.0	12.0	363.0
694	2.0	19.0	119.0
695	5.0	16.0	261.0
696	2.0	19.0	143.0
697	2.0	19.0	149.0
698	2.0	20.0	104.0
699	2.0	19.0	114.0
700	3.0	18.0	185.0
701	5.0	16.0	260.0
702	3.0	19.0	156.0
703	2.0	19.0	149.0
704	7.0	13.0	293.0
705	2.0	19.0	119.0
706	2.0	19.0	134.0
707	7.0	13.0	296.0
708	2.0	20.0	104.0
709	2.0	19.0	127.0
710	3.0	18.0	177.0
711	9.0	11.0	332.0
712	3.0	18.0	156.0
713	2.0	19.0	107.0
714	2.0	20.0	104.0
715	2.0	19.0	109.0
716	2.0	20.0	104.0
717	2.0	19.0	114.0
718	2.0	19.0	109.0
719	4.0	17.0	244.0
720	14.0	5.0	558.0
721	9.0	11.0	406.0
722	4.0	17.0	288.0
723	4.0	17.0	186.0
724	2.0	19.0	109.0
725	2.0	19.0	109.0
726	2.0	19.0	109.0
727	10.0	9.0	366.0
728	9.0	10.0	352.0
729	3.0	18.0	165.0
730	3.0	17.0	171.0
731	2.0	19.0	119.0
732	2.0	20.0	104.0
733	2.0	19.0	159.0
734	9.0	12.0	374.0
735	3.0	18.0	163.0
736	2.0	19.0	109.0
737	2.0	19.0	114.0
738	2.0	19.0	149.0
739	5.0	16.0	280.0
740	7.0	13.0	281.0
741	2.0	19.0	150.0
742	6.0	16.0	227.0
743	2.0	19.0	130.0
744	7.0	13.0	320.0
745	14.0	6.0	392.0
746	12.0	8.0	291.0
747	6.0	16.0	214.0
748	12.0	7.0	325.0
749	14.0	6.0	418.0
750	20.0	-3.0	555.0
751	7.0	14.0	284.0
752	22.0	-3.0	611.0
753	9.0	12.0	340.0
754	9.0	11.0	386.0
755	4.0	17.0	216.0
756	6.0	15.0	308.0
757	4.0	17.0	239.0
758	8.0	14.0	351.0
759	15.0	4.0	441.0
760	11.0	9.0	407.0
761	10.0	11.0	397.0
762	7.0	14.0	298.0
763	2.0	19.0	146.0
764	2.0	19.0	146.0
765	2.0	20.0	125.0
766	2.0	19.0	167.0
767	5.0	17.0	284.0
768	6.0	15.0	366.0
769	7.0	14.0	344.0
770	2.0	19.0	175.0
771	3.0	18.0	188.0
772	2.0	19.0	146.0
773	2.0	19.0	166.0
774	2.0	20.0	125.0
775	2.0	19.0	146.0
776	3.0	18.0	211.0
777	2.0	19.0	141.0
778	5.0	17.0	284.0
779	4.0	17.0	289.0
780	6.0	15.0	275.0
781	4.0	17.0	251.0
782	8.0	12.0	389.0
783	5.0	16.0	333.0
784	2.0	19.0	126.0
785	2.0	19.0	109.0
786	2.0	19.0	139.0
787	3.0	19.0	156.0
788	3.0	18.0	163.0
789	3.0	19.0	160.0
790	2.0	19.0	116.0
791	2.0	19.0	114.0
792	3.0	18.0	162.0
793	6.0	15.0	371.0
794	6.0	15.0	389.0
795	5.0	16.0	302.0
796	4.0	18.0	225.0
797	3.0	19.0	164.0
798	3.0	18.0	165.0
799	3.0	18.0	166.0
800	3.0	19.0	156.0
801	2.0	19.0	124.0
802	2.0	20.0	104.0
803	2.0	20.0	104.0
804	2.0	19.0	109.0
805	2.0	19.0	109.0
806	2.0	19.0	115.0
807	2.0	19.0	110.0
808	2.0	19.0	109.0
809	2.0	19.0	135.0
810	5.0	16.0	345.0
811	3.0	18.0	201.0
812	3.0	19.0	156.0
813	3.0	19.0	151.0
814	3.0	18.0	174.0
815	3.0	18.0	170.0
816	3.0	19.0	156.0
817	3.0	18.0	175.0
818	3.0	18.0	195.0
819	2.0	19.0	130.0
820	2.0	19.0	130.0
821	2.0	19.0	152.0
822	9.0	11.0	423.0
823	4.0	17.0	230.0
824	4.0	17.0	274.0
825	5.0	16.0	256.0
826	13.0	7.0	412.0
827	4.0	17.0	238.0
828	3.0	18.0	166.0
829	3.0	19.0	156.0
830	5.0	16.0	226.0
831	3.0	18.0	168.0
832	2.0	19.0	120.0
833	3.0	18.0	184.0
834	6.0	14.0	207.0
835	2.0	19.0	130.0
836	3.0	19.0	147.0
837	2.0	19.0	150.0
838	2.0	19.0	140.0
839	2.0	19.0	119.0
840	2.0	19.0	124.0
841	2.0	20.0	104.0
842	2.0	20.0	104.0
843	2.0	19.0	109.0
844	5.0	16.0	269.0
845	3.0	19.0	164.0
846	2.0	19.0	109.0
847	2.0	19.0	112.0
848	2.0	20.0	104.0
849	2.0	19.0	137.0
850	2.0	19.0	115.0
851	2.0	19.0	127.0
852	2.0	20.0	104.0
853	2.0	19.0	114.0
854	3.0	18.0	210.0
855	11.0	9.0	618.0
856	3.0	19.0	160.0
857	2.0	19.0	137.0
858	2.0	19.0	109.0
859	4.0	17.0	244.0
860	2.0	19.0	114.0
861	4.0	17.0	254.0
862	2.0	19.0	140.0
863	2.0	20.0	104.0
864	2.0	20.0	104.0
865	2.0	19.0	129.0
866	5.0	16.0	300.0
867	5.0	16.0	310.0
868	5.0	16.0	310.0
869	6.0	15.0	353.0
870	4.0	17.0	258.0
871	5.0	16.0	296.0
872	3.0	18.0	170.0
873	2.0	19.0	124.0
874	2.0	19.0	137.0
875	2.0	19.0	109.0
876	2.0	19.0	110.0
877	2.0	19.0	109.0
878	2.0	19.0	111.0
879	4.0	17.0	250.0
880	4.0	17.0	212.0
881	3.0	19.0	156.0
882	3.0	18.0	169.0
883	3.0	18.0	205.0
884	2.0	19.0	150.0
885	2.0	19.0	144.0
886	2.0	19.0	110.0
887	3.0	18.0	220.0
888	5.0	16.0	303.0
889	3.0	18.0	190.0
890	3.0	18.0	170.0
891	3.0	18.0	181.0
892	2.0	19.0	140.0
893	2.0	19.0	110.0
894	2.0	19.0	146.0
895	3.0	18.0	195.0
896	3.0	18.0	163.0
897	2.0	19.0	150.0
898	3.0	18.0	194.0
899	3.0	18.0	167.0
900	2.0	19.0	109.0
901	7.0	13.0	268.0
902	2.0	19.0	109.0
903	2.0	19.0	114.0
904	6.0	15.0	366.0
905	5.0	16.0	337.0
906	2.0	19.0	114.0
907	4.0	17.0	238.0
908	2.0	19.0	145.0
909	3.0	18.0	180.0
910	3.0	18.0	167.0
911	11.0	9.0	389.0
912	2.0	19.0	140.0
913	2.0	19.0	145.0
914	7.0	13.0	252.0
915	2.0	19.0	136.0
916	4.0	17.0	277.0
917	5.0	16.0	304.0
918	4.0	17.0	223.0
919	2.0	19.0	124.0
920	3.0	18.0	175.0
921	3.0	19.0	158.0
922	2.0	19.0	150.0
923	3.0	18.0	175.0
924	3.0	19.0	160.0
925	2.0	20.0	104.0
926	2.0	20.0	104.0
927	2.0	20.0	104.0
928	2.0	19.0	114.0
929	3.0	18.0	189.0
930	3.0	18.0	175.0
931	3.0	19.0	164.0
932	2.0	19.0	104.0
933	3.0	18.0	200.0
934	2.0	20.0	104.0
935	2.0	19.0	104.0
936	2.0	19.0	104.0
937	2.0	19.0	110.0
938	2.0	19.0	119.0
939	2.0	19.0	109.0
940	4.0	17.0	274.0
941	3.0	18.0	207.0
942	2.0	19.0	150.0
943	2.0	19.0	135.0
944	2.0	19.0	119.0
945	9.0	11.0	347.0
946	11.0	9.0	441.0
947	5.0	16.0	346.0
948	2.0	19.0	110.0
949	2.0	20.0	104.0
950	7.0	13.0	329.0
951	7.0	14.0	317.0
952	3.0	18.0	156.0
953	3.0	18.0	170.0
954	2.0	19.0	150.0
955	2.0	19.0	150.0
956	2.0	19.0	140.0
957	3.0	18.0	170.0
958	7.0	14.0	305.0
959	13.0	8.0	540.0
960	17.0	1.0	524.0
961	10.0	11.0	334.0
962	2.0	19.0	109.0
963	2.0	20.0	104.0
964	10.0	10.0	375.0
965	4.0	17.0	286.0
966	3.0	18.0	180.0
967	2.0	19.0	114.0
968	2.0	20.0	104.0
969	4.0	17.0	262.0
970	3.0	18.0	165.0
971	2.0	19.0	109.0
972	2.0	19.0	114.0
973	4.0	17.0	170.0
974	3.0	18.0	202.0
975	5.0	16.0	326.0
976	3.0	18.0	169.0
977	2.0	19.0	134.0
978	2.0	19.0	109.0
979	4.0	17.0	229.0
980	5.0	16.0	246.0
981	2.0	19.0	119.0
982	12.0	7.0	353.0
983	6.0	15.0	339.0
984	7.0	14.0	403.0
985	4.0	17.0	195.0
986	2.0	19.0	145.0
987	3.0	18.0	180.0
988	4.0	18.0	197.0
989	2.0	19.0	150.0
990	3.0	18.0	165.0
991	3.0	19.0	156.0
992	2.0	19.0	114.0
993	7.0	15.0	305.0
994	7.0	13.0	212.0
995	2.0	19.0	145.0
996	3.0	19.0	168.0
997	3.0	19.0	156.0
998	3.0	18.0	170.0
999	6.0	14.0	207.0
1000	3.0	18.0	175.0
1001	4.0	17.0	253.0
1002	8.0	12.0	334.0
1003	2.0	19.0	150.0
1004	3.0	18.0	170.0
1005	7.0	13.0	188.0
1006	3.0	18.0	175.0
1007	3.0	18.0	165.0
1008	3.0	18.0	165.0
1009	2.0	19.0	145.0
1010	2.0	19.0	135.0
1011	2.0	19.0	114.0
1012	2.0	19.0	132.0
1013	14.0	3.0	425.0
1014	2.0	19.0	146.0
1015	8.0	12.0	275.0
1016	9.0	11.0	331.0
1017	11.0	9.0	392.0
1018	7.0	14.0	365.0
1019	9.0	11.0	360.0
1020	5.0	15.0	303.0
1021	9.0	11.0	355.0
1022	6.0	15.0	332.0
1023	3.0	18.0	203.0
1024	5.0	15.0	310.0
1025	5.0	16.0	276.0
1026	3.0	18.0	211.0
1027	2.0	19.0	138.0
1028	3.0	18.0	188.0
1029	2.0	19.0	139.0
1030	4.0	16.0	255.0
1031	5.0	16.0	318.0
1032	5.0	16.0	306.0
1033	2.0	19.0	111.0
1034	5.0	16.0	339.0
1035	3.0	18.0	188.0
1036	2.0	19.0	135.0
1037	4.0	17.0	252.0
1038	3.0	18.0	174.0
1039	2.0	19.0	104.0
1040	4.0	17.0	232.0
1041	8.0	12.0	263.0
1042	3.0	18.0	153.0
1043	10.0	10.0	403.0
1044	4.0	18.0	208.0
1045	3.0	18.0	169.0
1046	2.0	19.0	145.0
1047	2.0	19.0	114.0
1048	3.0	18.0	174.0
1049	4.0	17.0	284.0
1050	3.0	19.0	168.0
1051	9.0	11.0	371.0
1052	3.0	18.0	163.0
1053	3.0	18.0	190.0
1054	2.0	19.0	135.0
1055	2.0	20.0	104.0
1056	2.0	20.0	104.0
1057	2.0	19.0	119.0
1058	6.0	14.0	167.0
1059	4.0	17.0	168.0
1060	3.0	18.0	200.0
1061	2.0	19.0	130.0
1062	2.0	19.0	109.0
1063	5.0	17.0	264.0
1064	3.0	18.0	212.0
1065	3.0	18.0	185.0
1066	3.0	19.0	168.0
1067	5.0	16.0	342.0
1068	9.0	11.0	358.0
1069	3.0	17.0	201.0
1070	3.0	18.0	161.0
1071	3.0	18.0	161.0
1072	2.0	19.0	130.0
1073	2.0	19.0	114.0
1074	2.0	19.0	109.0
1075	2.0	19.0	109.0
1076	3.0	18.0	189.0
1077	8.0	13.0	322.0
1078	8.0	12.0	364.0
1079	3.0	19.0	153.0
1080	8.0	12.0	328.0
1081	7.0	13.0	276.0
1082	3.0	18.0	171.0
1083	8.0	13.0	280.0
1084	2.0	19.0	139.0
1085	6.0	16.0	265.0
1086	3.0	18.0	180.0
1087	3.0	18.0	178.0
1088	3.0	19.0	156.0
1089	2.0	19.0	124.0
1090	8.0	12.0	374.0
1091	2.0	19.0	142.0
1092	2.0	19.0	150.0
1093	2.0	19.0	145.0
1094	3.0	18.0	175.0
1095	3.0	18.0	185.0
1096	2.0	19.0	140.0
1097	9.0	12.0	302.0
1098	2.0	20.0	104.0
1099	2.0	19.0	123.0
1100	10.0	11.0	364.0
1101	7.0	13.0	273.0
1102	4.0	17.0	222.0
1103	4.0	17.0	163.0
1104	2.0	19.0	109.0
1105	2.0	19.0	129.0
1106	13.0	7.0	429.0
1107	8.0	12.0	332.0
1108	2.0	19.0	109.0
1109	2.0	20.0	104.0
1110	8.0	12.0	322.0
1111	5.0	17.0	298.0
1112	5.0	16.0	251.0
1113	2.0	19.0	140.0
1114	2.0	19.0	119.0
1115	2.0	19.0	109.0
1116	2.0	19.0	115.0
1117	2.0	19.0	140.0
1118	3.0	18.0	197.0
1119	4.0	17.0	258.0
1120	3.0	18.0	180.0
1121	3.0	18.0	181.0
1122	3.0	18.0	163.0
1123	2.0	19.0	109.0
1124	2.0	19.0	119.0
1125	2.0	20.0	104.0
1126	4.0	17.0	269.0
1127	5.0	17.0	290.0
1128	2.0	19.0	114.0
1129	4.0	17.0	252.0
1130	2.0	19.0	109.0
1131	4.0	17.0	284.0
1132	3.0	18.0	175.0
1133	3.0	18.0	215.0
1134	2.0	19.0	140.0
1135	2.0	19.0	130.0
1136	2.0	20.0	104.0
1137	2.0	19.0	118.0
1138	5.0	16.0	326.0
1139	3.0	18.0	161.0
1140	2.0	19.0	135.0
1141	2.0	19.0	109.0
1142	5.0	16.0	310.0
1143	4.0	17.0	245.0
1144	2.0	19.0	150.0
1145	3.0	18.0	165.0
1146	2.0	19.0	130.0
1147	3.0	18.0	201.0
1148	5.0	16.0	335.0
1149	3.0	18.0	168.0
1150	2.0	19.0	109.0
1151	2.0	19.0	109.0
1152	2.0	19.0	128.0
1153	2.0	20.0	104.0
1154	2.0	19.0	144.0
1155	3.0	18.0	200.0
1156	7.0	13.0	255.0
1157	3.0	18.0	173.0
1158	3.0	18.0	181.0
1159	2.0	19.0	119.0
1160	2.0	19.0	109.0
1161	3.0	18.0	159.0
1162	2.0	19.0	134.0
1163	3.0	18.0	178.0
1164	4.0	17.0	239.0
1165	5.0	17.0	294.0
1166	9.0	11.0	364.0
1167	3.0	19.0	158.0
1168	2.0	19.0	135.0
1169	2.0	19.0	113.0
1170	2.0	20.0	104.0
1171	3.0	18.0	179.0
1172	6.0	15.0	329.0
1173	3.0	18.0	165.0
1174	3.0	18.0	169.0
1175	3.0	18.0	184.0
1176	4.0	17.0	238.0
1177	2.0	19.0	109.0
1178	2.0	19.0	114.0
1179	2.0	19.0	114.0
1180	2.0	20.0	104.0
1181	2.0	20.0	104.0
1182	2.0	19.0	155.0
1183	2.0	19.0	113.0
1184	2.0	20.0	104.0
1185	2.0	19.0	109.0
1186	2.0	19.0	109.0
1187	3.0	18.0	175.0
1188	3.0	18.0	174.0
1189	2.0	19.0	114.0
1190	2.0	19.0	142.0
1191	4.0	17.0	274.0
1192	3.0	18.0	214.0
1193	3.0	19.0	156.0
1194	2.0	19.0	132.0
1195	2.0	19.0	114.0
1196	2.0	19.0	109.0
1197	4.0	17.0	278.0
1198	5.0	16.0	334.0
1199	2.0	19.0	124.0
1200	2.0	19.0	109.0
1201	2.0	19.0	118.0
1202	5.0	16.0	320.0
1203	3.0	18.0	175.0
1204	2.0	19.0	119.0
1205	4.0	17.0	235.0
1206	3.0	18.0	154.0
1207	3.0	18.0	170.0
1208	5.0	16.0	309.0
1209	5.0	16.0	339.0
1210	4.0	17.0	264.0
1211	2.0	20.0	104.0
1212	3.0	18.0	186.0
1213	5.0	17.0	296.0
1214	5.0	16.0	307.0
1215	4.0	17.0	269.0
1216	5.0	16.0	307.0
1217	4.0	17.0	267.0
1218	3.0	18.0	222.0
1219	3.0	18.0	170.0
1220	2.0	19.0	153.0
1221	4.0	18.0	233.0
1222	4.0	17.0	227.0
1223	2.0	19.0	109.0
1224	4.0	17.0	263.0
1225	3.0	18.0	190.0
1226	3.0	19.0	153.0
1227	2.0	19.0	155.0
1228	4.0	17.0	231.0
1229	2.0	19.0	130.0
1230	4.0	17.0	269.0
1231	3.0	18.0	204.0
1232	2.0	20.0	104.0
1233	4.0	17.0	259.0
1234	4.0	17.0	271.0
1235	3.0	18.0	198.0
1236	2.0	19.0	150.0
1237	2.0	19.0	140.0
1238	3.0	18.0	165.0
1239	3.0	18.0	170.0
1240	3.0	18.0	175.0
1241	3.0	18.0	175.0
1242	2.0	19.0	148.0
1243	2.0	19.0	124.0
1244	2.0	19.0	149.0
1245	3.0	18.0	175.0
1246	3.0	18.0	154.0
1247	3.0	18.0	170.0
1248	3.0	18.0	165.0
1249	3.0	18.0	164.0
1250	4.0	17.0	196.0
1251	2.0	19.0	145.0
1252	2.0	19.0	109.0
1253	2.0	19.0	127.0
1254	2.0	19.0	146.0
1255	2.0	20.0	104.0
1256	2.0	20.0	104.0
1257	2.0	20.0	104.0
1258	2.0	19.0	154.0
1259	4.0	17.0	276.0
1260	3.0	18.0	170.0
1261	3.0	18.0	170.0
1262	3.0	18.0	185.0
1263	2.0	19.0	109.0
1264	4.0	17.0	246.0
1265	2.0	19.0	132.0
1266	4.0	17.0	269.0
1267	5.0	16.0	336.0
1268	5.0	16.0	339.0
1269	2.0	19.0	109.0
1270	2.0	19.0	134.0
1271	5.0	16.0	318.0
1272	3.0	18.0	168.0
1273	3.0	18.0	165.0
1274	2.0	19.0	119.0
1275	2.0	19.0	114.0
1276	9.0	11.0	414.0
1277	5.0	16.0	319.0
1278	6.0	15.0	361.0
1279	5.0	17.0	298.0
1280	4.0	17.0	166.0
1281	3.0	18.0	220.0
1282	4.0	17.0	269.0
1283	6.0	16.0	352.0
1284	5.0	16.0	315.0
1285	5.0	16.0	323.0
1286	3.0	18.0	170.0
1287	2.0	19.0	119.0
1288	2.0	19.0	129.0
1289	6.0	15.0	356.0
1290	3.0	18.0	186.0
1291	2.0	19.0	150.0
1292	2.0	19.0	109.0
1293	2.0	19.0	117.0
1294	2.0	19.0	145.0
1295	4.0	18.0	233.0
1296	5.0	16.0	319.0
1297	4.0	17.0	249.0
1298	3.0	18.0	167.0
1299	3.0	18.0	180.0
1300	2.0	19.0	116.0
1301	2.0	20.0	104.0
1302	2.0	20.0	104.0
1303	2.0	19.0	116.0
1304	2.0	19.0	109.0
1305	3.0	18.0	194.0
1306	4.0	17.0	284.0
1307	5.0	16.0	293.0
1308	2.0	19.0	130.0
1309	4.0	17.0	239.0
1310	5.0	16.0	323.0
1311	5.0	16.0	309.0
1312	7.0	13.0	273.0
1313	7.0	13.0	262.0
1314	3.0	19.0	156.0
1315	3.0	18.0	179.0
1316	3.0	18.0	190.0
1317	2.0	19.0	145.0
1318	3.0	19.0	156.0
1319	3.0	18.0	194.0
1320	2.0	19.0	109.0
1321	2.0	19.0	109.0
1322	4.0	17.0	249.0
1323	4.0	17.0	278.0
1324	3.0	19.0	160.0
1325	3.0	18.0	205.0
1326	3.0	19.0	160.0
1327	2.0	19.0	114.0
1328	3.0	18.0	201.0
1329	2.0	19.0	130.0
1330	2.0	19.0	119.0
1331	5.0	16.0	343.0
1332	4.0	17.0	270.0
1333	2.0	19.0	159.0
1334	2.0	19.0	150.0
1335	3.0	19.0	156.0
1336	4.0	18.0	201.0
1337	3.0	19.0	156.0
1338	3.0	18.0	171.0
1339	2.0	19.0	150.0
1340	5.0	16.0	333.0
1341	4.0	17.0	281.0
1342	2.0	19.0	140.0
1343	3.0	18.0	175.0
1344	2.0	19.0	104.0
1345	2.0	19.0	119.0
1346	4.0	17.0	259.0
1347	3.0	18.0	181.0
1348	3.0	18.0	170.0
1349	2.0	19.0	110.0
1350	4.0	18.0	229.0
1351	2.0	19.0	135.0
1352	2.0	19.0	119.0
1353	4.0	17.0	241.0
1354	2.0	19.0	145.0
1355	3.0	18.0	194.0
1356	3.0	18.0	200.0
1357	2.0	19.0	140.0
1358	2.0	19.0	109.0
1359	4.0	17.0	273.0
1360	3.0	18.0	208.0
1361	3.0	18.0	179.0
1362	5.0	16.0	328.0
1363	2.0	19.0	114.0
1364	4.0	17.0	228.0
1365	3.0	19.0	156.0
1366	2.0	19.0	114.0
1367	2.0	20.0	104.0
1368	2.0	19.0	110.0
1369	2.0	19.0	109.0
1370	6.0	16.0	312.0
1371	4.0	17.0	269.0
1372	3.0	18.0	195.0
1373	2.0	19.0	124.0
1374	3.0	18.0	170.0
1375	3.0	19.0	156.0
1376	3.0	18.0	175.0
1377	3.0	19.0	156.0
1378	3.0	18.0	170.0
1379	2.0	19.0	131.0
1380	3.0	18.0	203.0
1381	3.0	18.0	178.0
1382	3.0	19.0	156.0
1383	2.0	19.0	142.0
1384	2.0	19.0	109.0
1385	2.0	20.0	104.0
1386	2.0	20.0	104.0
1387	3.0	18.0	177.0
1388	4.0	17.0	219.0
1389	2.0	19.0	109.0
1390	3.0	18.0	146.0
1391	2.0	19.0	130.0
1392	3.0	19.0	156.0
1393	2.0	19.0	149.0
1394	4.0	17.0	181.0
1395	2.0	19.0	109.0
1396	2.0	19.0	114.0
1397	2.0	20.0	104.0
1398	2.0	19.0	116.0
1399	2.0	19.0	109.0
1400	2.0	19.0	114.0
1401	3.0	18.0	209.0
1402	5.0	16.0	315.0
1403	3.0	19.0	156.0
1404	2.0	19.0	150.0
1405	3.0	18.0	180.0
1406	3.0	18.0	178.0
1407	3.0	18.0	161.0
1408	2.0	19.0	140.0
1409	3.0	18.0	167.0
1410	2.0	19.0	124.0
1411	2.0	19.0	114.0
1412	2.0	19.0	149.0
1413	5.0	16.0	329.0
1414	3.0	18.0	215.0
1415	3.0	18.0	212.0
1416	3.0	18.0	170.0
1417	3.0	18.0	165.0
1418	3.0	19.0	156.0
1419	2.0	19.0	140.0
1420	3.0	18.0	163.0
1421	3.0	18.0	154.0
1422	3.0	18.0	175.0
1423	2.0	19.0	150.0
1424	3.0	18.0	168.0
1425	3.0	18.0	182.0
1426	2.0	19.0	150.0
1427	2.0	20.0	104.0
1428	3.0	18.0	161.0
1429	2.0	19.0	109.0
1430	2.0	19.0	110.0
1431	2.0	20.0	104.0
1432	2.0	20.0	104.0
1433	2.0	20.0	104.0
1434	4.0	17.0	279.0
1435	3.0	18.0	187.0
1436	2.0	19.0	114.0
1437	2.0	19.0	155.0
1438	3.0	18.0	163.0
1439	2.0	19.0	120.0
1440	3.0	18.0	194.0
1441	2.0	19.0	135.0
1442	2.0	19.0	109.0
1443	2.0	19.0	116.0
1444	2.0	19.0	139.0
1445	3.0	18.0	175.0
1446	2.0	19.0	150.0
1447	3.0	18.0	177.0
1448	3.0	18.0	195.0
1449	3.0	19.0	151.0
1450	2.0	19.0	135.0
1451	2.0	19.0	109.0
1452	2.0	19.0	149.0
1453	4.0	17.0	284.0
1454	4.0	18.0	225.0
1455	3.0	18.0	204.0
1456	2.0	19.0	135.0
1457	4.0	17.0	282.0
1458	3.0	18.0	196.0
1459	2.0	19.0	114.0
1460	3.0	18.0	183.0
1461	2.0	19.0	150.0
1462	3.0	18.0	165.0
1463	2.0	19.0	150.0
1464	2.0	19.0	150.0
1465	2.0	19.0	124.0
1466	2.0	19.0	130.0
1467	2.0	19.0	150.0
1468	2.0	19.0	114.0
1469	2.0	19.0	137.0
1470	2.0	19.0	114.0
1471	2.0	20.0	104.0
1472	2.0	19.0	115.0
1473	5.0	17.0	273.0
1474	2.0	19.0	150.0
1475	3.0	18.0	165.0
1476	2.0	19.0	145.0
1477	2.0	20.0	104.0
1478	3.0	18.0	179.0
1479	5.0	16.0	283.0
1480	2.0	19.0	145.0
1481	3.0	18.0	179.0
1482	3.0	19.0	156.0
1483	2.0	19.0	119.0
1484	2.0	19.0	139.0
1485	6.0	15.0	341.0
1486	3.0	18.0	170.0
1487	3.0	19.0	151.0
1488	3.0	19.0	128.0
1489	2.0	19.0	114.0
1490	2.0	19.0	139.0
1491	6.0	15.0	378.0
1492	3.0	19.0	162.0
1493	2.0	19.0	135.0
1494	2.0	19.0	104.0
1495	4.0	17.0	254.0
1496	5.0	16.0	330.0
1497	5.0	16.0	339.0
1498	2.0	19.0	150.0
1499	3.0	18.0	165.0
1500	3.0	19.0	156.0
1501	3.0	19.0	160.0
1502	3.0	18.0	161.0
1503	2.0	19.0	109.0
1504	6.0	13.0	172.0
1505	2.0	19.0	104.0
1506	2.0	19.0	130.0
1507	5.0	17.0	298.0
1508	3.0	18.0	165.0
1509	2.0	19.0	145.0
1510	3.0	18.0	170.0
1511	2.0	19.0	140.0
1512	2.0	19.0	134.0
1513	2.0	19.0	114.0
1514	2.0	19.0	110.0
1515	5.0	16.0	324.0
1516	5.0	16.0	315.0
1517	3.0	19.0	151.0
1518	3.0	19.0	156.0
1519	2.0	19.0	145.0
1520	2.0	19.0	149.0
1521	2.0	19.0	109.0
1522	2.0	19.0	119.0
1523	2.0	19.0	114.0
1524	3.0	18.0	165.0
1525	2.0	19.0	140.0
1526	3.0	18.0	164.0
1527	4.0	17.0	257.0
1528	3.0	18.0	175.0
1529	3.0	18.0	167.0
1530	3.0	18.0	176.0
1531	2.0	19.0	145.0
1532	3.0	18.0	171.0
1533	3.0	18.0	175.0
1534	5.0	16.0	171.0
1535	3.0	18.0	188.0
1536	3.0	18.0	210.0
1537	4.0	17.0	239.0
1538	2.0	19.0	114.0
1539	2.0	19.0	114.0
1540	2.0	19.0	104.0
1541	2.0	19.0	114.0
1542	3.0	19.0	158.0
1543	2.0	19.0	109.0
1544	3.0	18.0	175.0
1545	2.0	19.0	145.0
1546	3.0	18.0	185.0
1547	2.0	19.0	142.0
1548	4.0	17.0	254.0
1549	2.0	19.0	145.0
1550	2.0	19.0	152.0
1551	3.0	18.0	160.0
1552	2.0	19.0	124.0
1553	2.0	20.0	104.0
1554	2.0	20.0	104.0
1555	2.0	19.0	114.0
1556	2.0	19.0	114.0
1557	2.0	19.0	114.0
1558	4.0	17.0	216.0
1559	2.0	19.0	135.0
1560	3.0	18.0	185.0
1561	2.0	19.0	146.0
1562	2.0	19.0	145.0
1563	2.0	20.0	104.0
1564	2.0	19.0	137.0
1565	2.0	20.0	104.0
1566	2.0	19.0	104.0
1567	2.0	20.0	104.0
1568	5.0	16.0	295.0
1569	6.0	15.0	349.0
1570	3.0	18.0	201.0
1571	3.0	18.0	166.0
1572	2.0	19.0	144.0
1573	2.0	19.0	105.0
1574	2.0	19.0	114.0
1575	4.0	17.0	254.0
1576	5.0	17.0	294.0
1577	3.0	18.0	175.0
1578	3.0	19.0	149.0
1579	4.0	17.0	260.0
1580	2.0	19.0	109.0
1581	2.0	20.0	104.0
1582	3.0	18.0	188.0
1583	3.0	18.0	170.0
1584	2.0	19.0	115.0
1585	2.0	19.0	109.0
1586	3.0	18.0	214.0
1587	4.0	17.0	284.0
1588	2.0	19.0	150.0
1589	2.0	19.0	110.0
1590	2.0	19.0	114.0
1591	5.0	17.0	279.0
1592	3.0	18.0	156.0
1593	2.0	19.0	145.0
1594	2.0	19.0	119.0
1595	7.0	14.0	310.0
1596	3.0	19.0	151.0
1597	3.0	19.0	160.0
1598	2.0	19.0	109.0
1599	2.0	19.0	154.0
1600	6.0	15.0	367.0
1601	5.0	16.0	341.0
1602	2.0	19.0	150.0
1603	3.0	19.0	156.0
1604	3.0	19.0	151.0
1605	3.0	18.0	170.0
1606	3.0	18.0	194.0
1607	4.0	17.0	239.0
1608	2.0	19.0	150.0
1609	3.0	18.0	165.0
1610	2.0	19.0	109.0
1611	3.0	18.0	184.0
1612	4.0	17.0	263.0
1613	5.0	16.0	325.0
1614	3.0	18.0	197.0
1615	3.0	19.0	177.0
1616	3.0	18.0	183.0
1617	2.0	19.0	140.0
1618	4.0	17.0	232.0
1619	2.0	19.0	150.0
1620	2.0	19.0	145.0
1621	3.0	18.0	208.0
1622	2.0	19.0	141.0
1623	4.0	17.0	230.0
1624	5.0	16.0	334.0
1625	2.0	19.0	150.0
1626	2.0	20.0	104.0
1627	2.0	19.0	114.0
1628	2.0	19.0	124.0
1629	2.0	19.0	109.0
1630	2.0	19.0	119.0
1631	2.0	20.0	104.0
1632	2.0	20.0	104.0
1633	3.0	18.0	185.0
1634	2.0	19.0	150.0
1635	2.0	19.0	142.0
1636	2.0	19.0	110.0
1637	5.0	16.0	312.0
1638	2.0	19.0	135.0
1639	2.0	20.0	104.0
1640	2.0	20.0	104.0
1641	2.0	19.0	149.0
1642	2.0	19.0	131.0
1643	2.0	19.0	114.0
1644	2.0	20.0	104.0
1645	2.0	19.0	109.0
1646	2.0	19.0	109.0
1647	2.0	19.0	110.0
1648	2.0	19.0	130.0
1649	2.0	19.0	135.0
1650	2.0	19.0	145.0
1651	2.0	19.0	141.0
1652	4.0	17.0	254.0
1653	4.0	17.0	276.0
1654	5.0	17.0	294.0
1655	6.0	15.0	375.0
1656	2.0	19.0	147.0
1657	3.0	18.0	170.0
1658	2.0	19.0	149.0
1659	2.0	19.0	140.0
1660	7.0	13.0	286.0
1661	3.0	19.0	156.0
1662	2.0	19.0	130.0
1663	2.0	19.0	109.0
1664	2.0	19.0	155.0
1665	2.0	19.0	132.0
1666	2.0	19.0	129.0
1667	4.0	17.0	265.0
1668	2.0	19.0	145.0
1669	4.0	17.0	199.0
1670	3.0	18.0	200.0
1671	3.0	18.0	210.0
1672	2.0	19.0	144.0
1673	2.0	19.0	124.0
1674	5.0	16.0	299.0
1675	3.0	18.0	195.0
1676	3.0	18.0	173.0
1677	3.0	18.0	167.0
1678	2.0	19.0	109.0
1679	3.0	18.0	199.0
1680	5.0	17.0	294.0
1681	4.0	17.0	284.0
1682	2.0	19.0	130.0
1683	2.0	19.0	114.0
1684	5.0	16.0	309.0
1685	4.0	17.0	258.0
1686	5.0	16.0	302.0
1687	4.0	17.0	270.0
1688	2.0	19.0	110.0
1689	2.0	19.0	109.0
1690	2.0	19.0	114.0
1691	2.0	19.0	144.0
1692	2.0	19.0	104.0
1693	2.0	19.0	110.0
1694	2.0	19.0	109.0
1695	2.0	19.0	149.0
1696	3.0	18.0	169.0
1697	5.0	16.0	300.0
1698	2.0	19.0	124.0
1699	2.0	19.0	114.0
1700	3.0	18.0	187.0
1701	3.0	18.0	161.0
1702	2.0	19.0	125.0
1703	2.0	19.0	109.0
1704	2.0	19.0	115.0
1705	2.0	19.0	135.0
1706	2.0	19.0	150.0
1707	2.0	19.0	150.0
1708	3.0	18.0	170.0
1709	3.0	18.0	200.0
1710	2.0	19.0	140.0
1711	3.0	18.0	213.0
1712	4.0	17.0	239.0
1713	4.0	17.0	217.0
1714	4.0	17.0	254.0
1715	2.0	19.0	130.0
1716	2.0	19.0	120.0
1717	2.0	19.0	154.0
1718	5.0	16.0	310.0
1719	5.0	16.0	321.0
1720	3.0	18.0	214.0
1721	3.0	18.0	148.0
1722	3.0	18.0	163.0
1723	2.0	19.0	119.0
1724	2.0	19.0	154.0
1725	3.0	18.0	175.0
1726	2.0	19.0	115.0
1727	2.0	19.0	114.0
1728	2.0	20.0	104.0
1729	2.0	19.0	109.0
1730	3.0	18.0	180.0
1731	2.0	19.0	114.0
1732	6.0	14.0	226.0
1733	3.0	18.0	198.0
1734	3.0	18.0	198.0
1735	2.0	19.0	136.0
1736	4.0	17.0	254.0
1737	9.0	10.0	419.0
1738	2.0	19.0	149.0
1739	3.0	18.0	170.0
1740	3.0	18.0	170.0
1741	2.0	19.0	140.0
1742	2.0	19.0	150.0
1743	2.0	19.0	116.0
1744	2.0	19.0	114.0
1745	3.0	18.0	210.0
1746	3.0	18.0	190.0
1747	3.0	18.0	164.0
1748	4.0	17.0	242.0
1749	4.0	17.0	269.0
1750	4.0	17.0	273.0
1751	4.0	17.0	244.0
1752	2.0	19.0	127.0
1753	2.0	20.0	104.0
1754	2.0	19.0	140.0
1755	3.0	18.0	204.0
1756	3.0	18.0	182.0
1757	3.0	18.0	196.0
1758	5.0	16.0	330.0
1759	5.0	16.0	244.0
1760	3.0	18.0	176.0
1761	3.0	19.0	156.0
1762	2.0	19.0	145.0
1763	3.0	18.0	175.0
1764	2.0	19.0	145.0
1765	3.0	18.0	191.0
1766	2.0	19.0	145.0
1767	3.0	18.0	166.0
1768	2.0	19.0	131.0
1769	2.0	20.0	104.0
1770	2.0	19.0	109.0
1771	2.0	19.0	135.0
1772	2.0	18.0	153.0
1773	3.0	18.0	194.0
1774	2.0	19.0	161.0
1775	2.0	19.0	127.0
1776	3.0	18.0	156.0
1777	3.0	18.0	178.0
1778	3.0	18.0	167.0
1779	4.0	17.0	232.0
1780	2.0	19.0	133.0
1781	3.0	18.0	198.0
1782	3.0	18.0	172.0
1783	3.0	19.0	160.0
1784	2.0	19.0	152.0
1785	5.0	16.0	319.0
1786	3.0	18.0	206.0
1787	2.0	19.0	132.0
1788	2.0	19.0	119.0
1789	2.0	19.0	109.0
1790	2.0	19.0	109.0
1791	2.0	19.0	114.0
1792	2.0	19.0	109.0
1793	2.0	20.0	104.0
1794	2.0	19.0	119.0
1795	2.0	19.0	134.0
1796	4.0	17.0	257.0
1797	2.0	19.0	120.0
1798	4.0	17.0	254.0
1799	3.0	18.0	166.0
1800	3.0	18.0	176.0
1801	3.0	18.0	203.0
1802	3.0	18.0	178.0
1803	2.0	19.0	140.0
1804	2.0	19.0	145.0
1805	2.0	19.0	150.0
1806	2.0	19.0	145.0
1807	3.0	18.0	190.0
1808	3.0	18.0	210.0
1809	2.0	19.0	144.0
1810	2.0	19.0	123.0
1811	4.0	17.0	238.0
1812	3.0	18.0	196.0
1813	3.0	18.0	175.0
1814	2.0	19.0	136.0
1815	3.0	18.0	180.0
1816	3.0	18.0	170.0
1817	3.0	19.0	158.0
1818	3.0	18.0	178.0
1819	3.0	18.0	170.0
1820	3.0	18.0	186.0
1821	2.0	19.0	146.0
1822	2.0	19.0	104.0
1823	3.0	18.0	174.0
1824	4.0	18.0	225.0
1825	3.0	18.0	191.0
1826	2.0	19.0	150.0
1827	3.0	18.0	166.0
1828	3.0	18.0	210.0
1829	3.0	18.0	190.0
1830	3.0	18.0	165.0
1831	10.0	10.0	416.0
1832	9.0	11.0	385.0
1833	5.0	16.0	347.0
1834	6.0	16.0	344.0
1835	3.0	18.0	215.0
1836	4.0	17.0	277.0
1837	5.0	17.0	288.0
1838	9.0	12.0	395.0
1839	4.0	17.0	268.0
1840	2.0	19.0	130.0
1841	5.0	16.0	278.0
1842	3.0	18.0	165.0
1843	2.0	19.0	142.0
1844	2.0	19.0	114.0
1845	3.0	18.0	199.0
1846	4.0	17.0	239.0
1847	4.0	17.0	274.0
1848	3.0	19.0	156.0
1849	2.0	19.0	124.0
1850	2.0	19.0	120.0
1851	2.0	19.0	109.0
1852	3.0	18.0	195.0
1853	2.0	19.0	150.0
1854	2.0	19.0	145.0
1855	2.0	19.0	124.0
1856	4.0	17.0	253.0
1857	3.0	18.0	170.0
1858	3.0	19.0	151.0
1859	3.0	18.0	165.0
1860	4.0	17.0	234.0
1861	8.0	12.0	321.0
1862	2.0	19.0	134.0
1863	2.0	19.0	132.0
1864	2.0	19.0	119.0
1865	3.0	18.0	191.0
1866	2.0	19.0	145.0
1867	3.0	18.0	176.0
1868	7.0	13.0	202.0
1869	3.0	19.0	151.0
1870	3.0	18.0	205.0
1871	2.0	19.0	119.0
1872	2.0	19.0	109.0
1873	2.0	19.0	109.0
1874	2.0	19.0	109.0
1875	3.0	18.0	175.0
1876	7.0	14.0	211.0
1877	2.0	19.0	150.0
1878	2.0	19.0	137.0
1879	4.0	17.0	254.0
1880	7.0	13.0	251.0
1881	4.0	17.0	238.0
1882	3.0	18.0	201.0
1883	2.0	19.0	140.0
1884	2.0	19.0	149.0
1885	4.0	17.0	243.0
1886	3.0	18.0	168.0
1887	2.0	19.0	146.0
1888	2.0	19.0	144.0
1889	2.0	19.0	110.0
1890	3.0	19.0	168.0
1891	5.0	15.0	297.0
1892	3.0	18.0	167.0
1893	2.0	19.0	150.0
1894	3.0	19.0	158.0
1895	2.0	20.0	104.0
1896	2.0	19.0	109.0
1897	5.0	16.0	263.0
1898	5.0	16.0	320.0
1899	3.0	18.0	189.0
1900	3.0	19.0	151.0
1901	2.0	19.0	119.0
1902	2.0	19.0	109.0
1903	2.0	20.0	104.0
1904	2.0	19.0	109.0
1905	2.0	19.0	109.0
1906	2.0	19.0	109.0
1907	4.0	17.0	242.0
1908	3.0	18.0	163.0
1909	7.0	13.0	201.0
1910	3.0	18.0	170.0
1911	2.0	19.0	115.0
1912	2.0	19.0	109.0
1913	2.0	20.0	104.0
1914	3.0	18.0	207.0
1915	3.0	18.0	175.0
1916	2.0	19.0	119.0
1917	2.0	19.0	109.0
1918	2.0	20.0	104.0
1919	2.0	19.0	114.0
1920	2.0	19.0	109.0
1921	5.0	15.0	321.0
1922	2.0	19.0	130.0
1923	3.0	18.0	161.0
1924	3.0	18.0	220.0
1925	2.0	19.0	135.0
1926	3.0	18.0	199.0
1927	3.0	18.0	191.0
1928	3.0	18.0	207.0
1929	10.0	10.0	413.0
1930	3.0	18.0	200.0
1931	3.0	18.0	213.0
1932	3.0	18.0	176.0
1933	2.0	19.0	119.0
1934	2.0	20.0	104.0
1935	3.0	18.0	194.0
1936	4.0	17.0	226.0
1937	2.0	19.0	150.0
1938	2.0	19.0	142.0
1939	3.0	18.0	174.0
1940	4.0	17.0	269.0
1941	4.0	17.0	269.0
1942	3.0	19.0	162.0
1943	3.0	18.0	183.0
1944	2.0	19.0	145.0
1945	2.0	19.0	140.0
1946	2.0	19.0	145.0
1947	3.0	18.0	154.0
1948	2.0	19.0	119.0
1949	2.0	20.0	104.0
1950	2.0	19.0	114.0
1951	2.0	19.0	104.0
1952	2.0	19.0	109.0
1953	2.0	19.0	109.0
1954	3.0	18.0	208.0
1955	3.0	18.0	190.0
1956	2.0	19.0	109.0
1957	2.0	19.0	109.0
1958	2.0	20.0	104.0
1959	3.0	18.0	189.0
1960	3.0	18.0	195.0
1961	2.0	20.0	104.0
1962	2.0	19.0	114.0
1963	4.0	17.0	234.0
1964	2.0	19.0	155.0
1965	3.0	18.0	195.0
1966	3.0	18.0	164.0
1967	3.0	18.0	179.0
1968	5.0	17.0	294.0
1969	5.0	16.0	321.0
1970	4.0	17.0	275.0
1971	3.0	19.0	156.0
1972	2.0	19.0	145.0
1973	3.0	19.0	158.0
1974	2.0	19.0	114.0
1975	2.0	19.0	130.0
1976	3.0	18.0	165.0
1977	2.0	19.0	140.0
1978	2.0	20.0	104.0
1979	3.0	18.0	165.0
1980	2.0	19.0	135.0
1981	2.0	19.0	129.0
1982	4.0	17.0	235.0
1983	3.0	19.0	156.0
1984	3.0	18.0	185.0
1985	2.0	19.0	155.0
1986	2.0	19.0	109.0
1987	2.0	19.0	109.0
1988	2.0	19.0	109.0
1989	3.0	18.0	176.0
1990	2.0	19.0	150.0
1991	2.0	19.0	145.0
1992	2.0	20.0	104.0
1993	4.0	17.0	255.0
1994	2.0	19.0	145.0
1995	2.0	19.0	146.0
1996	2.0	19.0	152.0
1997	2.0	19.0	134.0
1998	2.0	19.0	120.0
1999	2.0	19.0	109.0
2000	6.0	13.0	159.0
2001	2.0	19.0	109.0
2002	2.0	19.0	119.0
2003	3.0	18.0	205.0
2004	4.0	18.0	193.0
2005	3.0	18.0	156.0
2006	3.0	18.0	170.0
2007	3.0	18.0	195.0
2008	2.0	19.0	114.0
2009	3.0	18.0	209.0
2010	3.0	18.0	190.0
2011	3.0	18.0	165.0
2012	3.0	18.0	152.0
2013	2.0	20.0	104.0
2014	2.0	19.0	114.0
2015	2.0	19.0	114.0
2016	2.0	19.0	120.0
2017	4.0	17.0	224.0
2018	3.0	18.0	167.0
2019	3.0	18.0	183.0
2020	3.0	18.0	217.0
2021	5.0	16.0	287.0
2022	2.0	19.0	124.0
2023	2.0	19.0	119.0
2024	2.0	20.0	104.0
2025	2.0	19.0	114.0
2026	2.0	19.0	104.0
2027	2.0	19.0	109.0
2028	3.0	18.0	175.0
2029	3.0	18.0	152.0
2030	3.0	18.0	170.0
2031	3.0	18.0	170.0
2032	3.0	18.0	170.0
2033	3.0	19.0	156.0
2034	5.0	17.0	273.0
2035	4.0	17.0	245.0
2036	2.0	19.0	129.0
2037	9.0	11.0	365.0
2038	3.0	18.0	214.0
2039	3.0	18.0	163.0
2040	3.0	19.0	158.0
2041	2.0	19.0	145.0
2042	4.0	17.0	230.0
2043	4.0	17.0	265.0
2044	2.0	19.0	155.0
2045	3.0	18.0	161.0
2046	3.0	18.0	170.0
2047	3.0	19.0	160.0
2048	2.0	19.0	141.0
2049	2.0	19.0	111.0
2050	2.0	20.0	104.0
2051	2.0	19.0	109.0
2052	4.0	17.0	254.0
2053	5.0	16.0	319.0
2054	4.0	17.0	240.0
2055	3.0	18.0	156.0
2056	3.0	18.0	170.0
2057	2.0	19.0	114.0
2058	2.0	19.0	116.0
2059	3.0	18.0	191.0
2060	3.0	18.0	175.0
2061	2.0	19.0	155.0
2062	2.0	19.0	141.0
2063	4.0	17.0	257.0
2064	2.0	19.0	147.0
2065	2.0	19.0	110.0
2066	2.0	20.0	104.0
2067	2.0	19.0	114.0
2068	3.0	19.0	160.0
2069	9.0	11.0	437.0
2070	2.0	19.0	109.0
2071	5.0	16.0	315.0
2072	4.0	17.0	235.0
2073	5.0	16.0	307.0
2074	3.0	18.0	183.0
2075	2.0	19.0	136.0
2076	2.0	19.0	152.0
2077	3.0	18.0	170.0
2078	3.0	19.0	156.0
2079	2.0	19.0	145.0
2080	3.0	18.0	175.0
2081	4.0	17.0	224.0
2082	3.0	18.0	162.0
2083	3.0	18.0	162.0
2084	3.0	19.0	151.0
2085	2.0	19.0	124.0
2086	2.0	19.0	109.0
2087	2.0	19.0	134.0
2088	7.0	13.0	271.0
2089	4.0	17.0	279.0
2090	3.0	18.0	172.0
2091	3.0	18.0	195.0
2092	3.0	18.0	210.0
2093	2.0	19.0	150.0
2094	2.0	19.0	145.0
2095	3.0	18.0	170.0
2096	3.0	18.0	195.0
2097	3.0	19.0	156.0
2098	2.0	19.0	142.0
2099	2.0	20.0	104.0
2100	2.0	19.0	109.0
2101	2.0	19.0	144.0
2102	2.0	20.0	104.0
2103	2.0	19.0	109.0
2104	2.0	19.0	114.0
2105	2.0	19.0	110.0
2106	2.0	19.0	110.0
2107	2.0	19.0	134.0
2108	3.0	18.0	200.0
2109	2.0	19.0	125.0
2110	2.0	19.0	105.0
2111	3.0	17.0	193.0
2112	3.0	18.0	200.0
2113	3.0	19.0	160.0
2114	3.0	18.0	161.0
2115	2.0	19.0	143.0
2116	5.0	16.0	334.0
2117	6.0	15.0	378.0
2118	9.0	11.0	390.0
2119	3.0	18.0	186.0
2120	2.0	19.0	134.0
2121	2.0	19.0	124.0
2122	3.0	18.0	181.0
2123	3.0	19.0	156.0
2124	3.0	18.0	165.0
2125	3.0	18.0	193.0
2126	3.0	19.0	151.0
2127	3.0	18.0	177.0
2128	3.0	18.0	169.0
2129	3.0	18.0	190.0
2130	2.0	19.0	139.0
2131	2.0	19.0	155.0
2132	3.0	18.0	174.0
2133	2.0	19.0	109.0
2134	2.0	19.0	109.0
2135	3.0	18.0	166.0
2136	2.0	19.0	124.0
2137	5.0	17.0	288.0
2138	3.0	18.0	187.0
2139	3.0	18.0	190.0
2140	2.0	19.0	114.0
2141	4.0	17.0	236.0
2142	2.0	19.0	132.0
2143	5.0	17.0	292.0
2144	5.0	16.0	306.0
2145	3.0	18.0	156.0
2146	3.0	18.0	179.0
2147	3.0	18.0	195.0
2148	3.0	18.0	170.0
2149	2.0	19.0	140.0
2150	2.0	19.0	109.0
2151	2.0	19.0	114.0
2152	2.0	19.0	129.0
2153	2.0	19.0	143.0
2154	2.0	19.0	114.0
2155	2.0	20.0	104.0
2156	2.0	19.0	109.0
2157	2.0	19.0	114.0
2158	2.0	19.0	110.0
2159	3.0	18.0	205.0
2160	3.0	18.0	175.0
2161	3.0	18.0	172.0
2162	2.0	19.0	140.0
2163	2.0	20.0	104.0
2164	2.0	19.0	157.0
2165	4.0	17.0	293.0
2166	3.0	18.0	170.0
2167	3.0	18.0	199.0
2168	4.0	17.0	214.0
2169	2.0	19.0	129.0
2170	4.0	17.0	288.0
2171	4.0	17.0	235.0
2172	2.0	19.0	147.0
2173	2.0	19.0	129.0
2174	2.0	19.0	114.0
2175	4.0	17.0	244.0
2176	7.0	13.0	273.0
2177	2.0	19.0	146.0
2178	3.0	19.0	156.0
2179	2.0	19.0	125.0
2180	6.0	15.0	306.0
2181	6.0	16.0	355.0
2182	5.0	16.0	320.0
2183	3.0	18.0	171.0
2184	2.0	19.0	125.0
2185	2.0	19.0	114.0
2186	2.0	19.0	121.0
2187	4.0	17.0	269.0
2188	4.0	17.0	273.0
2189	3.0	18.0	167.0
2190	2.0	19.0	140.0
2191	3.0	18.0	195.0
2192	5.0	16.0	235.0
2193	2.0	19.0	150.0
2194	3.0	19.0	151.0
2195	3.0	18.0	179.0
2196	2.0	19.0	110.0
2197	7.0	13.0	255.0
2198	2.0	19.0	145.0
2199	2.0	19.0	124.0
2200	2.0	19.0	119.0
2201	2.0	19.0	155.0
2202	2.0	19.0	150.0
2203	2.0	19.0	129.0
2204	4.0	17.0	231.0
2205	2.0	19.0	136.0
2206	2.0	19.0	110.0
2207	2.0	19.0	114.0
2208	2.0	19.0	109.0
2209	2.0	20.0	104.0
2210	2.0	20.0	104.0
2211	4.0	17.0	249.0
2212	3.0	19.0	156.0
2213	3.0	18.0	166.0
2214	3.0	18.0	176.0
2215	4.0	17.0	273.0
2216	3.0	18.0	215.0
2217	2.0	19.0	146.0
2218	2.0	19.0	114.0
2219	5.0	16.0	344.0
2220	4.0	16.0	256.0
2221	2.0	19.0	150.0
2222	2.0	19.0	145.0
2223	3.0	18.0	209.0
2224	3.0	18.0	166.0
2225	2.0	19.0	109.0
2226	2.0	19.0	129.0
2227	3.0	19.0	156.0
2228	3.0	18.0	220.0
2229	3.0	18.0	206.0
2230	2.0	19.0	140.0
2231	2.0	19.0	145.0
2232	3.0	18.0	165.0
2233	7.0	13.0	251.0
2234	5.0	16.0	323.0
2235	3.0	18.0	173.0
2236	2.0	19.0	145.0
2237	3.0	19.0	156.0
2238	2.0	19.0	161.0
2239	5.0	16.0	298.0
2240	4.0	17.0	273.0
2241	5.0	16.0	310.0
2242	3.0	18.0	195.0
2243	3.0	18.0	175.0
2244	5.0	16.0	227.0
2245	3.0	18.0	169.0
2246	3.0	18.0	175.0
2247	3.0	18.0	203.0
2248	4.0	17.0	244.0
2249	3.0	18.0	177.0
2250	9.0	11.0	343.0
2251	12.0	8.0	441.0
2252	8.0	14.0	386.0
2253	6.0	15.0	343.0
2254	6.0	15.0	254.0
2255	3.0	17.0	166.0
2256	8.0	12.0	248.0
2257	2.0	20.0	104.0
2258	3.0	17.0	174.0
2259	15.0	5.0	536.0
2260	12.0	8.0	416.0
2261	32.0	-22.0	731.0
2262	11.0	10.0	447.0
2263	8.0	13.0	364.0
2264	15.0	4.0	591.0
2265	19.0	-3.0	666.0
2266	24.0	-8.0	514.0
2267	7.0	13.0	244.0
2268	4.0	17.0	184.0
2269	2.0	19.0	130.0
2270	2.0	19.0	122.0
2271	4.0	16.0	188.0
2272	9.0	11.0	260.0
2273	2.0	19.0	130.0
2274	2.0	19.0	114.0
2275	7.0	12.0	266.0
2276	5.0	17.0	196.0
2277	5.0	16.0	221.0
2278	3.0	18.0	191.0
2279	4.0	17.0	234.0
2280	10.0	11.0	536.0
2281	9.0	12.0	518.0
2282	5.0	15.0	271.0
2283	9.0	11.0	402.0
2284	9.0	11.0	384.0
2285	9.0	11.0	389.0
2286	5.0	16.0	303.0
2287	10.0	10.0	384.0
2288	13.0	6.0	468.0
2289	3.0	18.0	138.0
2290	4.0	17.0	183.0
2291	3.0	19.0	156.0
2292	3.0	18.0	195.0
2293	2.0	19.0	150.0
2294	3.0	18.0	152.0
2295	2.0	19.0	145.0
2296	2.0	20.0	104.0
2297	2.0	19.0	124.0
2298	3.0	19.0	126.0
2299	2.0	19.0	119.0
2300	3.0	18.0	170.0
2301	3.0	18.0	194.0
2302	7.0	13.0	235.0
2303	2.0	19.0	150.0
2304	3.0	18.0	188.0
2305	4.0	17.0	288.0
2306	3.0	18.0	181.0
2307	2.0	20.0	104.0
2308	4.0	17.0	265.0
2309	3.0	19.0	156.0
2310	3.0	18.0	163.0
2311	3.0	18.0	196.0
2312	2.0	19.0	135.0
2313	2.0	19.0	109.0
2314	2.0	19.0	119.0
2315	2.0	19.0	115.0
2316	2.0	20.0	104.0
2317	2.0	19.0	145.0
2318	3.0	18.0	199.0
2319	4.0	17.0	210.0
2320	2.0	19.0	145.0
2321	2.0	19.0	114.0
2322	2.0	19.0	114.0
2323	3.0	18.0	185.0
2324	2.0	19.0	150.0
2325	3.0	18.0	203.0
2326	3.0	19.0	156.0
2327	3.0	18.0	200.0
2328	4.0	17.0	258.0
2329	8.0	12.0	338.0
2330	4.0	17.0	236.0
2331	3.0	18.0	156.0
2332	2.0	19.0	152.0
2333	2.0	19.0	146.0
2334	2.0	19.0	144.0
2335	2.0	19.0	114.0
2336	2.0	19.0	109.0
2337	3.0	18.0	194.0
2338	3.0	18.0	171.0
2339	3.0	18.0	170.0
2340	3.0	18.0	164.0
2341	3.0	18.0	170.0
2342	3.0	18.0	197.0
2343	2.0	20.0	104.0
2344	3.0	18.0	191.0
2345	6.0	15.0	369.0
2346	5.0	17.0	294.0
2347	5.0	17.0	298.0
2348	5.0	16.0	309.0
2349	3.0	19.0	156.0
2350	2.0	19.0	155.0
2351	3.0	18.0	210.0
2352	2.0	19.0	145.0
2353	2.0	19.0	122.0
2354	9.0	12.0	362.0
2355	5.0	16.0	299.0
2356	5.0	17.0	298.0
2357	5.0	16.0	293.0
2358	9.0	11.0	287.0
2359	16.0	2.0	417.0
2360	2.0	19.0	150.0
2361	2.0	19.0	145.0
2362	2.0	19.0	139.0
2363	7.0	13.0	219.0
2364	5.0	16.0	257.0
2365	11.0	9.0	419.0
2366	5.0	16.0	260.0
2367	6.0	15.0	316.0
2368	8.0	14.0	408.0
2369	7.0	14.0	367.0
2370	4.0	17.0	190.0
2371	4.0	17.0	210.0
2372	2.0	19.0	153.0
2373	2.0	19.0	132.0
2374	7.0	13.0	217.0
2375	2.0	19.0	134.0
2376	7.0	13.0	299.0
2377	13.0	6.0	461.0
2378	4.0	17.0	304.0
2379	4.0	17.0	254.0
2380	8.0	12.0	294.0
2381	13.0	6.0	409.0
2382	3.0	18.0	231.0
2383	3.0	18.0	220.0
2384	2.0	19.0	132.0
2385	7.0	13.0	275.0
2386	4.0	17.0	299.0
2387	2.0	19.0	185.0
2388	7.0	13.0	243.0
