EpNum	EpSteps	Reward	ener	dist	NumCovTargets
1	36	51.0	1536.8692629208113	0.0	10
2	31	73	1572.9910524340091	0.0	10
3	19	76.0	820.4346314604059	0.0	10
4	55	41.0	1931.269262920809	0.0	10
5	23	80	624.6173157302031	0.0	10
6	64	39	2144.8692629208094	0.0	10
7	96	10	3580.0776310850206	0.0	10
8	68	27.0	3140.999420598221	0.0	10
9	19	68.0	500.739105243401	0.0	10
10	52	1.0	2391.7647891378156	0.0	10
11	37	68	1630.5910524340088	0.0	10
12	101	-15.0	3947.7731573020264	0.0	10
13	53	8.0	2019.0865786510128	0.0	10
14	49	55	2576.9994205982207	0.0	10
15	107	-2	4940.207788762433	0.0	10
16	26	51.0	1227.512841947207	0.0	10
17	68	12.0	3013.1212101114193	0.0	10
18	126	-76.0	4612.451367788833	0.0	8
19	77	27	3034.903894381215	0.0	10
20	78	-9.0	3046.5385258416213	0.0	10
21	20	68.0	809.1737367038068	0.0	10
22	36	68	1323.5128419472078	0.0	10
23	23	73.0	879.6955262170048	0.0	10
24	94	1.0	3519.1558415718223	0.0	10
25	46	57	2206.2865786510133	0.0	10
26	62	24.0	2316.80836816421	0.0	10
27	126	-40.0	4994.729578275632	0.0	9
28	126	-42	4889.068683519032	0.0	8
29	126	-42	4611.773157302028	0.0	8
30	126	-54	5334.607788762431	0.0	7
31	66	21.0	1802.6519471906072	0.0	10
32	77	28	3695.1558415718255	0.0	10
33	103	-7.0	3795.33852584162	0.0	10
34	126	-75.0	4908.573157302029	0.0	8
35	69	34	2384.686578651012	0.0	10
36	126	-50.0	3781.2429996246146	0.0	9
37	22	74.0	933.3564209736039	0.0	10
38	126	-62.0	4141.982104868016	0.0	7
39	73	23.0	2740.069262920811	0.0	10
40	126	-54	4825.129578275633	0.0	7
41	99	5	3436.5647891378135	0.0	10
42	126	-41.0	4804.268683519031	0.0	9
43	19	84	627.939105243401	0.0	10
44	46	42.0	1824.0083681642116	0.0	10
45	36	33.0	1003.8173157302032	0.0	10
46	85	2.0	2281.1737367038036	0.0	10
47	116	-36.0	4238.477631085022	0.0	10
48	126	-32	4843.955841571827	0.0	9
49	35	61.0	1547.4519471906083	0.0	10
50	35	68	1122.7737367038064	0.0	10
51	90	14	2863.582104868015	0.0	10
52	44	25.0	1995.2692629208104	0.0	10
53	86	10.0	1802.8346314604025	0.0	10
54	27	77	1215.5737367038068	0.0	10
55	126	-40.0	4145.373157302027	0.0	9
56	14	89	773.1128419472078	0.0	10
57	116	-11	5346.98152546624	0.0	10
58	56	49	2407.269262920812	0.0	10
59	17	79.0	396.739105243401	0.0	10
60	68	36	2564.8692629208103	0.0	10
61	28	76	565.6	0.0	10
62	33	37.0	1443.4519471906076	0.0	10
63	126	-33	4502.721210111424	0.0	9
64	126	-51.0	3123.0256838944088	0.0	9
65	56	47	1407.817315730203	0.0	10
66	46	58	1865.0519471906082	0.0	10
67	43	61	2006.5301576774095	0.0	10
68	102	-6.0	3102.591052434008	0.0	10
69	49	37.0	1574.8346314604055	0.0	10
70	20	84	872.4346314604057	0.0	10
71	45	59	1707.3910524340085	0.0	10
72	15	80.0	696.556420973604	0.0	10
73	22	55.0	806.1564209736039	0.0	10
74	53	53	1997.5474734076113	0.0	10
75	37	60.0	1586.8346314604053	0.0	10
76	16	79.0	684.6173157302029	0.0	10
77	59	45	2032.9301576774085	0.0	10
78	12	83.0	455.75642097360384	0.0	10
79	126	-43	3291.2692629208077	0.0	8
80	12	74.0	434.21731573020287	0.0	10
81	126	-32	2931.886578651009	0.0	9
82	15	89	632.6173157302029	0.0	10
83	20	76.0	723.695526217005	0.0	10
84	126	-32	4269.1821048680185	0.0	9
85	85	11.0	2538.286578651011	0.0	10
86	17	78.0	460.6782104868021	0.0	10
87	8	95	331.8782104868019	0.0	10
88	15	89	590.2173157302028	0.0	10
89	9	86.0	341.4782104868019	0.0	10
90	13	90	464.6782104868019	0.0	10
91	92	4.0	3605.6167363284235	0.0	10
92	13	82.0	464.6782104868019	0.0	10
93	11	92	403.0782104868019	0.0	10
94	38	57.0	1492.1301576774094	0.0	10
95	80	24	2937.182104868018	0.0	10
96	12	91	433.53910524340097	0.0	10
97	24	71.0	633.5391052434012	0.0	10
98	27	33.0	599.0782104868023	0.0	10
99	43	34.0	1859.8256838944144	0.0	10
100	73	14.0	1975.5128419472055	0.0	10
101	7	89.0	343.139105243401	0.0	10
102	64	39	2211.521210111418	0.0	10
103	23	64.0	837.2955262170049	0.0	10
104	15	54.0	462.33910524340104	0.0	10
105	126	-54	2653.2346314603988	0.0	7
106	9	95	383.8782104868019	0.0	10
107	9	86.0	383.8782104868019	0.0	10
108	29	57.0	1234.773736703807	0.0	10
109	29	76	661.3564209736043	0.0	10
110	32	72	1137.051947190609	0.0	10
111	22	55.0	615.0173157302031	0.0	10
112	118	-32.0	3299.9474734076102	0.0	10
113	8	96	502.1564209736038	0.0	10
114	126	-33	3187.6429996246115	0.0	9
115	31	73	1465.2955262170046	0.0	10
116	8	95	395.8173157302029	0.0	10
117	11	92	403.0782104868019	0.0	10
118	42	62	1231.017315730203	0.0	10
119	11	93	508.73910524340096	0.0	10
120	8	96	352.73910524340096	0.0	10
121	126	-51.0	2888.808368164207	0.0	9
122	126	-33	3100.130157677405	0.0	9
123	19	51.0	649.478210486802	0.0	10
124	44	35.0	847.0782104868025	0.0	10
125	8	95	416.67821048680196	0.0	10
126	126	-31	2952.7474734076122	0.0	9
127	8	95	331.8782104868019	0.0	10
128	13	63.0	400.739105243401	0.0	10
129	9	95	383.8782104868019	0.0	10
130	38	66	1471.2692629208113	0.0	10
131	65	30.0	1708.2519471906087	0.0	10
132	15	88	441.4782104868019	0.0	10
133	19	86	543.139105243401	0.0	10
134	17	78.0	418.278210486802	0.0	10
135	32	63.0	689.4782104868023	0.0	10
136	27	59.0	641.4782104868021	0.0	10
137	36	41.0	748.7391052434014	0.0	10
138	14	89	431.8782104868019	0.0	10
139	17	70.0	566.339105243401	0.0	10
140	93	3.0	2464.991052434006	0.0	10
141	30	74	776.6173157302034	0.0	10
142	9	94	404.73910524340096	0.0	10
143	8	87.0	395.139105243401	0.0	10
144	6	98	333.53910524340097	0.0	10
145	96	8	3070.5994205982197	0.0	10
146	6	97	333.53910524340097	0.0	10
147	6	97	333.53910524340097	0.0	10
148	92	13	2455.3910524340063	0.0	10
149	60	45	1276.6173157302037	0.0	10
150	112	-25.0	3331.2167363284225	0.0	10
151	6	98	333.53910524340097	0.0	10
152	9	86.0	404.739105243401	0.0	10
153	6	98	333.53910524340097	0.0	10
154	55	50	1505.2346314604058	0.0	10
155	8	96	459.07821048680194	0.0	10
156	35	70	1143.6346314604061	0.0	10
157	7	96	385.53910524340097	0.0	10
158	7	97	385.53910524340097	0.0	10
159	8	88.0	395.139105243401	0.0	10
160	6	97	333.53910524340097	0.0	10
161	7	97	385.53910524340097	0.0	10
162	19	58.0	585.5391052434012	0.0	10
163	126	-59.0	3271.0865786510117	0.0	9
164	37	68	1014.0955262170054	0.0	10
165	126	-33	2844.373736703804	0.0	9
166	8	96	459.07821048680194	0.0	10
167	9	94	489.53910524340097	0.0	10
168	6	98	333.53910524340097	0.0	10
169	10	94	499.139105243401	0.0	10
170	11	93	530.278210486802	0.0	10
171	6	97	333.53910524340097	0.0	10
172	74	30	3411.955841571825	0.0	10
173	126	-33	4057.860315354816	0.0	9
174	5	98	303.07821048680194	0.0	10
175	5	98	303.07821048680194	0.0	10
176	6	97	355.07821048680194	0.0	10
177	6	97	355.07821048680194	0.0	10
178	126	-42	3590.7821048680153	0.0	8
179	8	97	395.139105243401	0.0	10
180	6	98	333.53910524340097	0.0	10
181	7	96	385.53910524340097	0.0	10
182	7	96	407.07821048680194	0.0	10
183	7	96	407.07821048680194	0.0	10
184	46	60	1377.112841947206	0.0	10
185	7	97	385.53910524340097	0.0	10
186	36	32.0	1025.3564209736041	0.0	10
187	6	97	333.53910524340097	0.0	10
188	36	68	833.5391052434015	0.0	10
189	6	97	333.53910524340097	0.0	10
190	6	97	333.53910524340097	0.0	10
191	8	87.0	395.139105243401	0.0	10
192	84	-6.0	1805.1737367038038	0.0	10
193	6	98	333.53910524340097	0.0	10
194	6	97	333.53910524340097	0.0	10
195	6	98	333.53910524340097	0.0	10
196	17	88	715.078210486802	0.0	10
197	50	56	1881.912841947207	0.0	10
198	9	87.0	404.739105243401	0.0	10
199	52	44.0	1454.2173157302027	0.0	10
200	7	98	385.53910524340097	0.0	10
201	6	97	333.53910524340097	0.0	10
202	7	88.0	343.139105243401	0.0	10
203	6	98	333.53910524340097	0.0	10
204	52	52	1030.2173157302036	0.0	10
205	8	88.0	395.139105243401	0.0	10
206	6	97	333.53910524340097	0.0	10
207	10	85.0	329.53910524340097	0.0	10
208	8	87.0	395.139105243401	0.0	10
209	8	96	459.07821048680194	0.0	10
210	98	-11.0	2385.7910524340055	0.0	10
211	13	91	486.21731573020304	0.0	10
212	47	58	1003.0782104868027	0.0	10
213	7	97	385.53910524340097	0.0	10
214	5	98	303.07821048680194	0.0	10
215	7	98	385.53910524340097	0.0	10
216	6	97	355.07821048680194	0.0	10
217	126	-32	3374.0346314604008	0.0	9
218	9	86.0	468.67821048680196	0.0	10
219	10	95	563.0782104868019	0.0	10
220	40	48.0	1106.8346314604062	0.0	10
221	5	98	303.07821048680194	0.0	10
222	6	97	355.07821048680194	0.0	10
223	6	98	333.53910524340097	0.0	10
224	5	98	303.07821048680194	0.0	10
225	10	75.0	414.3391052434009	0.0	10
226	5	98	303.07821048680194	0.0	10
227	6	97	355.07821048680194	0.0	10
228	25	79	771.0173157302032	0.0	10
229	28	61.0	735.8782104868023	0.0	10
230	7	96	385.53910524340097	0.0	10
231	7	96	385.53910524340097	0.0	10
232	6	97	312.6782104868019	0.0	10
233	10	93	563.0782104868019	0.0	10
234	11	85.0	551.139105243401	0.0	10
235	19	86	734.956420973604	0.0	10
236	7	88.0	343.139105243401	0.0	10
237	5	98	303.07821048680194	0.0	10
238	5	98	303.07821048680194	0.0	10
239	126	-39.0	3141.851947190603	0.0	9
240	5	98	303.07821048680194	0.0	10
241	6	97	376.61731573020285	0.0	10
242	5	99	303.07821048680194	0.0	10
243	90	8.0	2266.5910524340075	0.0	10
244	27	78	1214.2173157302032	0.0	10
245	6	98	355.07821048680194	0.0	10
246	5	98	303.07821048680194	0.0	10
247	58	46	2044.1910524340076	0.0	10
248	9	95	532.6173157302029	0.0	10
249	5	99	303.07821048680194	0.0	10
250	6	98	355.07821048680194	0.0	10
251	5	98	303.07821048680194	0.0	10
252	6	98	355.07821048680194	0.0	10
253	5	98	303.07821048680194	0.0	10
254	14	82.0	431.8782104868021	0.0	10
255	5	99	303.07821048680194	0.0	10
256	7	98	450.1564209736038	0.0	10
257	6	98	355.07821048680194	0.0	10
258	5	98	303.07821048680194	0.0	10
259	9	95	554.1564209736039	0.0	10
260	5	98	303.07821048680194	0.0	10
261	7	89.0	364.67821048680196	0.0	10
262	126	-41.0	2570.4692629208043	0.0	9
263	7	89.0	364.67821048680196	0.0	10
264	25	79	1236.739105243401	0.0	10
265	9	95	532.6173157302029	0.0	10
266	7	97	385.53910524340097	0.0	10
267	7	88.0	364.67821048680196	0.0	10
268	126	-42	3036.191052434005	0.0	8
269	5	98	303.07821048680194	0.0	10
270	126	-32	2738.712841947204	0.0	9
271	5	98	303.07821048680194	0.0	10
272	21	83	966.156420973604	0.0	10
273	5	98	303.07821048680194	0.0	10
274	10	86.0	478.278210486802	0.0	10
275	6	98	355.07821048680194	0.0	10
276	9	95	489.53910524340097	0.0	10
277	24	81	634.2173157302033	0.0	10
278	29	76	1022.0955262170052	0.0	10
279	5	98	303.07821048680194	0.0	10
280	5	98	303.07821048680194	0.0	10
281	7	88.0	364.67821048680196	0.0	10
282	5	98	303.07821048680194	0.0	10
283	6	99	355.07821048680194	0.0	10
284	6	98	355.07821048680194	0.0	10
285	6	97	355.07821048680194	0.0	10
286	12	84.0	539.878210486802	0.0	10
287	65	23.0	1580.373736703805	0.0	10
288	6	98	355.07821048680194	0.0	10
289	6	98	355.07821048680194	0.0	10
290	41	63	1116.4346314604063	0.0	10
291	34	71	1154.2173157302032	0.0	10
292	5	98	303.07821048680194	0.0	10
293	5	98	303.07821048680194	0.0	10
294	5	98	303.07821048680194	0.0	10
295	23	65.0	687.8782104868022	0.0	10
296	5	98	303.07821048680194	0.0	10
297	54	50	1219.6955262170047	0.0	10
298	5	98	303.07821048680194	0.0	10
299	33	64.0	1209.234631460406	0.0	10
300	58	37.0	1024.5564209736049	0.0	10
301	80	25	2383.947473407611	0.0	10
302	12	83.0	412.6782104868021	0.0	10
303	126	-32	3101.4865786510086	0.0	9
304	7	88.0	343.139105243401	0.0	10
305	31	47.0	595.0782104868025	0.0	10
306	14	81.0	431.8782104868021	0.0	10
307	6	97	312.6782104868019	0.0	10
308	5	99	303.07821048680194	0.0	10
309	21	83	732.6173157302031	0.0	10
310	57	39.0	1439.6346314604052	0.0	10
311	7	89.0	364.67821048680196	0.0	10
312	56	48	1069.2955262170058	0.0	10
313	5	98	303.07821048680194	0.0	10
314	6	97	355.07821048680194	0.0	10
315	126	-32	2933.2429996246115	0.0	9
316	5	98	346.1564209736038	0.0	10
317	40	64	1468.2519471906082	0.0	10
318	5	98	303.07821048680194	0.0	10
319	126	-33	4333.79942059822	0.0	9
320	6	97	355.07821048680194	0.0	10
321	6	98	355.07821048680194	0.0	10
322	126	-33	3742.2340520586217	0.0	9
323	33	63.0	1209.9128419472079	0.0	10
324	5	98	303.07821048680194	0.0	10
325	121	-17	2181.912841947202	0.0	10
326	47	32.0	1110.0955262170055	0.0	10
327	7	96	385.53910524340097	0.0	10
328	5	98	303.07821048680194	0.0	10
329	5	98	303.07821048680194	0.0	10
330	5	98	303.07821048680194	0.0	10
331	74	30	2219.3301576774093	0.0	10
332	5	98	303.07821048680194	0.0	10
333	99	5	2883.3301576774056	0.0	10
334	126	-50.0	3461.5474734076097	0.0	9
335	126	-33	2653.912841947203	0.0	9
336	5	98	303.07821048680194	0.0	10
337	5	98	303.07821048680194	0.0	10
338	5	98	303.07821048680194	0.0	10
339	126	-33	2505.1737367038036	0.0	9
340	126	-33	3418.4692629208075	0.0	9
341	6	97	333.53910524340097	0.0	10
342	36	68	834.8955262170055	0.0	10
343	5	98	303.07821048680194	0.0	10
344	5	98	303.07821048680194	0.0	10
345	53	51	1210.7737367038062	0.0	10
346	5	99	303.07821048680194	0.0	10
347	5	98	303.07821048680194	0.0	10
348	5	99	303.07821048680194	0.0	10
349	10	94	499.81731573020295	0.0	10
350	7	90.0	364.67821048680196	0.0	10
351	5	98	303.07821048680194	0.0	10
352	40	48.0	787.1391052434017	0.0	10
353	103	-17.0	1816.6173157301992	0.0	10
354	126	-49.0	2612.1910524340037	0.0	9
355	56	40.0	1515.5128419472076	0.0	10
356	5	98	303.07821048680194	0.0	10
357	126	-33	4140.625683894412	0.0	9
358	5	99	303.07821048680194	0.0	10
359	126	-32	2207.6955262169977	0.0	9
360	5	98	303.07821048680194	0.0	10
361	88	19	2012.4955262170022	0.0	10
362	5	98	303.07821048680194	0.0	10
363	6	89.0	312.67821048680196	0.0	10
364	6	98	355.07821048680194	0.0	10
365	6	97	355.07821048680194	0.0	10
366	80	25	2509.791052434009	0.0	10
367	57	31.0	2161.1128419472075	0.0	10
368	6	97	355.07821048680194	0.0	10
369	20	76.0	531.8782104868022	0.0	10
370	126	-33	2826.2256838944086	0.0	9
371	126	-31	2569.1128419472006	0.0	9
372	7	89.0	364.67821048680196	0.0	10
373	49	56	1341.2955262170044	0.0	10
374	18	86	1001.9737367038068	0.0	10
375	126	-33	2759.573736703801	0.0	9
376	15	90	505.4173157302031	0.0	10
377	126	-41.0	2676.130157677404	0.0	9
378	8	77.0	395.139105243401	0.0	10
379	5	99	303.07821048680194	0.0	10
380	126	-43	1888.6782104867993	0.0	8
381	6	97	355.07821048680194	0.0	10
382	6	98	355.07821048680194	0.0	10
383	7	96	385.53910524340097	0.0	10
384	108	-20.0	2505.364789137812	0.0	10
385	40	64	1466.8955262170045	0.0	10
386	80	25	2022.5301576774054	0.0	10
387	89	15	3275.2692629208077	0.0	10
388	6	97	355.07821048680194	0.0	10
389	6	98	355.07821048680194	0.0	10
390	5	99	303.07821048680194	0.0	10
391	17	88	886.0346314604059	0.0	10
392	8	96	480.6173157302029	0.0	10
393	5	98	303.07821048680194	0.0	10
394	126	-41.0	2674.0955262170037	0.0	9
395	66	31.0	1633.0519471906073	0.0	10
396	74	21.0	1964.2519471906041	0.0	10
397	6	98	355.07821048680194	0.0	10
398	5	98	303.07821048680194	0.0	10
399	82	22	2615.825683894413	0.0	10
400	5	98	303.07821048680194	0.0	10
401	9	96	575.6955262170048	0.0	10
402	5	99	303.07821048680194	0.0	10
403	62	42	1935.2083681642116	0.0	10
404	7	96	385.53910524340097	0.0	10
405	5	98	303.07821048680194	0.0	10
406	53	51	1252.4955262170054	0.0	10
407	5	99	303.07821048680194	0.0	10
408	6	89.0	312.67821048680196	0.0	10
409	5	98	303.07821048680194	0.0	10
410	6	89.0	312.67821048680196	0.0	10
411	5	98	303.07821048680194	0.0	10
412	126	-41.0	2759.573736703803	0.0	9
413	5	98	303.07821048680194	0.0	10
414	86	19	1973.7910524340036	0.0	10
415	126	-43	3927.2692629208054	0.0	8
416	83	12.0	3136.938525841622	0.0	10
417	6	97	355.07821048680194	0.0	10
418	126	-40.0	3376.7474734076086	0.0	9
419	5	98	303.07821048680194	0.0	10
420	5	98	303.07821048680194	0.0	10
421	5	99	303.07821048680194	0.0	10
422	7	88.0	364.67821048680196	0.0	10
423	5	98	303.07821048680194	0.0	10
424	126	-63	2696.3128419472023	0.0	6
425	96	0.0	2005.1737367038043	0.0	10
426	6	98	333.53910524340097	0.0	10
427	7	90.0	364.67821048680196	0.0	10
428	7	88.0	364.67821048680196	0.0	10
429	5	98	303.07821048680194	0.0	10
430	126	-32	2822.1564209736	0.0	9
431	5	98	303.07821048680194	0.0	10
432	5	98	303.07821048680194	0.0	10
433	5	99	303.07821048680194	0.0	10
434	8	79.0	374.278210486802	0.0	10
435	6	98	333.53910524340097	0.0	10
436	12	83.0	412.6782104868021	0.0	10
437	5	98	303.07821048680194	0.0	10
438	7	88.0	364.67821048680196	0.0	10
439	5	98	303.07821048680194	0.0	10
440	93	-24.0	2400.373736703803	0.0	10
441	6	97	355.07821048680194	0.0	10
442	6	97	355.07821048680194	0.0	10
443	5	98	303.07821048680194	0.0	10
444	5	98	303.07821048680194	0.0	10
445	6	98	333.53910524340097	0.0	10
446	7	96	364.6782104868019	0.0	10
447	8	97	502.1564209736038	0.0	10
448	6	97	333.53910524340097	0.0	10
449	6	97	355.07821048680194	0.0	10
450	5	99	303.07821048680194	0.0	10
451	6	97	355.07821048680194	0.0	10
452	5	98	303.07821048680194	0.0	10
453	5	98	303.07821048680194	0.0	10
454	6	97	355.07821048680194	0.0	10
455	126	-40.0	3291.947473407609	0.0	9
456	5	98	303.07821048680194	0.0	10
457	73	32	2102.712841947207	0.0	10
458	69	35	1767.5128419472055	0.0	10
459	7	88.0	364.67821048680196	0.0	10
460	9	79.0	511.75642097360384	0.0	10
461	6	98	355.07821048680194	0.0	10
462	15	89	802.2173157302029	0.0	10
463	6	98	355.07821048680194	0.0	10
464	17	88	503.07821048680216	0.0	10
465	5	99	303.07821048680194	0.0	10
466	5	99	303.07821048680194	0.0	10
467	6	98	333.53910524340097	0.0	10
468	33	72	890.2173157302034	0.0	10
469	5	98	303.07821048680194	0.0	10
470	8	96	480.6173157302029	0.0	10
471	7	97	407.07821048680194	0.0	10
472	126	-32	3310.7737367038017	0.0	9
473	6	98	333.53910524340097	0.0	10
474	67	37	2170.278210486802	0.0	10
475	7	97	385.53910524340097	0.0	10
476	8	95	459.75642097360384	0.0	10
477	5	98	303.07821048680194	0.0	10
478	6	97	355.07821048680194	0.0	10
479	5	98	303.07821048680194	0.0	10
480	6	99	355.07821048680194	0.0	10
481	6	98	355.07821048680194	0.0	10
482	7	97	385.53910524340097	0.0	10
483	5	99	303.07821048680194	0.0	10
484	7	97	385.53910524340097	0.0	10
485	6	97	355.07821048680194	0.0	10
486	126	-41	2676.130157677407	0.0	8
487	15	91	845.2955262170047	0.0	10
488	12	85.0	561.417315730203	0.0	10
489	5	99	303.07821048680194	0.0	10
490	126	-33	3799.391052434005	0.0	9
491	26	78	866.0955262170052	0.0	10
492	5	98	303.07821048680194	0.0	10
493	5	98	303.07821048680194	0.0	10
494	5	98	303.07821048680194	0.0	10
495	5	98	303.07821048680194	0.0	10
496	40	55.0	1170.0955262170044	0.0	10
497	7	97	407.07821048680194	0.0	10
498	6	90.0	312.67821048680196	0.0	10
499	6	98	355.07821048680194	0.0	10
500	16	89	684.6173157302029	0.0	10
501	5	98	303.07821048680194	0.0	10
502	5	99	303.07821048680194	0.0	10
503	8	96	416.67821048680196	0.0	10
504	18	86	789.295526217005	0.0	10
505	5	98	303.07821048680194	0.0	10
506	7	89.0	343.139105243401	0.0	10
507	6	97	312.6782104868019	0.0	10
508	92	13	2092.617315730202	0.0	10
509	5	99	303.07821048680194	0.0	10
510	6	98	355.07821048680194	0.0	10
511	6	90.0	312.67821048680196	0.0	10
512	6	98	355.07821048680194	0.0	10
513	22	75.0	806.1564209736041	0.0	10
514	6	98	355.07821048680194	0.0	10
515	5	98	303.07821048680194	0.0	10
516	6	98	333.53910524340097	0.0	10
517	5	98	303.07821048680194	0.0	10
518	8	78.0	395.139105243401	0.0	10
519	7	97	385.53910524340097	0.0	10
520	6	97	312.6782104868019	0.0	10
521	7	97	364.6782104868019	0.0	10
522	16	80.0	620.6782104868021	0.0	10
523	5	98	303.07821048680194	0.0	10
524	5	98	303.07821048680194	0.0	10
525	85	11.0	2325.60836816421	0.0	10
526	63	23.0	2329.121210111418	0.0	10
527	6	98	355.07821048680194	0.0	10
528	9	95	426.278210486802	0.0	10
529	126	-32	2719.8865786510096	0.0	9
530	5	98	303.07821048680194	0.0	10
531	5	98	303.07821048680194	0.0	10
532	5	99	303.07821048680194	0.0	10
533	5	98	303.07821048680194	0.0	10
534	5	99	303.07821048680194	0.0	10
535	57	47	1418.0955262170032	0.0	10
536	5	98	303.07821048680194	0.0	10
537	126	-33	2505.173736703798	0.0	9
538	126	-39.0	2759.5737367037987	0.0	9
539	5	98	303.07821048680194	0.0	10
540	6	97	355.07821048680194	0.0	10
541	5	98	303.07821048680194	0.0	10
542	11	84.0	509.417315730203	0.0	10
543	7	90.0	364.67821048680196	0.0	10
544	6	98	355.07821048680194	0.0	10
545	6	98	355.07821048680194	0.0	10
546	5	98	303.07821048680194	0.0	10
547	16	90	726.339105243401	0.0	10
548	5	98	303.07821048680194	0.0	10
549	5	98	303.07821048680194	0.0	10
550	5	98	303.07821048680194	0.0	10
551	7	97	407.07821048680194	0.0	10
552	8	97	395.139105243401	0.0	10
553	5	98	303.07821048680194	0.0	10
554	5	99	303.07821048680194	0.0	10
555	6	97	355.07821048680194	0.0	10
556	5	98	303.07821048680194	0.0	10
557	5	98	303.07821048680194	0.0	10
558	55	41.0	2119.695526217004	0.0	10
559	8	97	480.61731573020285	0.0	10
560	6	98	355.07821048680194	0.0	10
561	5	98	303.07821048680194	0.0	10
562	48	39.0	1267.0782104868003	0.0	10
563	126	-33	2802.6519471906026	0.0	9
564	5	98	303.07821048680194	0.0	10
565	6	97	398.1564209736038	0.0	10
566	5	98	303.07821048680194	0.0	10
567	16	79.0	684.617315730203	0.0	10
568	126	-32	2760.251947190603	0.0	9
569	6	97	333.53910524340097	0.0	10
570	84	3.0	2230.530157677406	0.0	10
571	126	-33	4335.155841571825	0.0	9
572	5	98	303.07821048680194	0.0	10
573	5	98	303.07821048680194	0.0	10
574	46	58	1355.5737367038048	0.0	10
575	126	-32	3460.869262920806	0.0	9
576	7	96	364.6782104868019	0.0	10
577	53	43.0	1508.2519471906078	0.0	10
578	9	95	447.139105243401	0.0	10
579	102	-6.0	2487.4519471906024	0.0	10
580	5	98	303.07821048680194	0.0	10
581	5	98	303.07821048680194	0.0	10
582	46	50.0	1461.2346314604038	0.0	10
583	6	97	355.07821048680194	0.0	10
584	50	38.0	1309.173736703805	0.0	10
585	6	97	355.07821048680194	0.0	10
586	95	1.0	2929.730157677407	0.0	10
587	6	97	333.53910524340097	0.0	10
588	6	89.0	312.6782104868019	0.0	10
589	7	89.0	364.67821048680196	0.0	10
590	6	89.0	312.6782104868019	0.0	10
591	11	95	637.2955262170047	0.0	10
592	5	99	303.07821048680194	0.0	10
593	45	52.0	1729.608368164212	0.0	10
594	5	98	303.07821048680194	0.0	10
595	10	94	606.1564209736039	0.0	10
596	97	-1.0	2098.895526217001	0.0	10
597	42	62	1423.5128419472076	0.0	10
598	54	41.0	1688.130157677409	0.0	10
599	5	98	303.07821048680194	0.0	10
600	8	96	480.6173157302029	0.0	10
601	126	-32	3080.6256838944105	0.0	9
602	61	34.0	1266.0346314604046	0.0	10
603	5	98	303.07821048680194	0.0	10
604	7	96	385.53910524340097	0.0	10
605	5	99	303.07821048680194	0.0	10
606	5	98	303.07821048680194	0.0	10
607	38	49.0	1193.9737367038053	0.0	10
608	6	98	333.53910524340097	0.0	10
609	9	95	532.6173157302029	0.0	10
610	25	79	1048.9910524340098	0.0	10
611	80	24	2128.869262920809	0.0	10
612	32	73	1285.1128419472072	0.0	10
613	6	98	355.07821048680194	0.0	10
614	8	78.0	395.139105243401	0.0	10
615	100	-13.0	2658.7128419472024	0.0	10
616	77	19.0	1931.1474734076087	0.0	10
617	5	98	303.07821048680194	0.0	10
618	5	98	303.07821048680194	0.0	10
619	9	95	575.6955262170048	0.0	10
620	100	4	3596.938525841623	0.0	10
621	6	97	355.07821048680194	0.0	10
622	14	92	793.2955262170049	0.0	10
623	5	98	303.07821048680194	0.0	10
624	7	97	385.53910524340097	0.0	10
625	20	75.0	638.8955262170051	0.0	10
626	5	99	303.07821048680194	0.0	10
627	6	98	355.07821048680194	0.0	10
628	24	80	910.8346314604061	0.0	10
629	81	6.0	2028.7391052433984	0.0	10
630	51	46.0	1636.4346314604043	0.0	10
631	7	97	407.07821048680194	0.0	10
632	10	95	563.0782104868019	0.0	10
633	5	98	346.1564209736038	0.0	10
634	14	91	857.2346314604058	0.0	10
635	76	28	2728.503894381216	0.0	10
636	53	42.0	1465.8519471906072	0.0	10
637	5	99	303.07821048680194	0.0	10
638	7	98	450.1564209736038	0.0	10
639	101	4	2179.017315730202	0.0	10
640	8	97	480.6173157302029	0.0	10
641	6	97	355.07821048680194	0.0	10
642	6	97	333.53910524340097	0.0	10
643	126	-33	4271.894946815221	0.0	9
644	4	81.0	165.6	0.0	10
645	46	41.0	1248.5564209736033	0.0	10
646	64	42	2441.669262920809	0.0	10
647	7	98	450.1564209736038	0.0	10
648	7	88.0	364.67821048680196	0.0	10
649	87	17	3216.382104868015	0.0	10
650	6	89.0	312.6782104868019	0.0	10
651	6	98	355.07821048680194	0.0	10
652	5	99	303.07821048680194	0.0	10
653	66	40	1824.1910524340078	0.0	10
654	6	97	312.6782104868019	0.0	10
655	7	98	364.6782104868019	0.0	10
656	9	86.0	447.8173157302029	0.0	10
657	43	62	1028.6173157302037	0.0	10
658	70	26.0	1564.4346314604045	0.0	10
659	6	97	355.07821048680194	0.0	10
660	126	-33	2952.7474734076063	0.0	9
661	6	98	355.07821048680194	0.0	10
662	73	23.0	1783.695526217004	0.0	10
663	6	98	355.07821048680194	0.0	10
664	126	-33	3716.6256838944105	0.0	9
665	6	98	355.07821048680194	0.0	10
666	81	15.0	2903.7038943812136	0.0	10
667	8	87.0	374.278210486802	0.0	10
668	6	90.0	312.67821048680196	0.0	10
669	6	90.0	312.67821048680196	0.0	10
670	11	86.0	530.278210486802	0.0	10
671	8	97	480.6173157302029	0.0	10
672	36	68	1067.7564209736042	0.0	10
673	5	99	303.07821048680194	0.0	10
674	5	99	303.07821048680194	0.0	10
675	6	89.0	312.6782104868019	0.0	10
676	6	89.0	312.6782104868019	0.0	10
677	6	98	355.07821048680194	0.0	10
678	6	98	355.07821048680194	0.0	10
679	5	98	303.07821048680194	0.0	10
680	6	97	355.07821048680194	0.0	10
681	6	97	355.07821048680194	0.0	10
682	8	96	459.07821048680194	0.0	10
683	100	5	3425.303894381216	0.0	10
684	126	-42	4271.894946815222	0.0	8
685	6	99	355.07821048680194	0.0	10
686	5	98	303.07821048680194	0.0	10
687	30	65.0	798.1564209736043	0.0	10
688	123	-18	3773.303894381211	0.0	10
689	74	21.0	2475.0865786510117	0.0	10
690	5	98	303.07821048680194	0.0	10
691	5	98	303.07821048680194	0.0	10
692	5	98	303.07821048680194	0.0	10
693	10	94	563.0782104868019	0.0	10
694	5	98	303.07821048680194	0.0	10
695	9	95	511.75642097360384	0.0	10
696	111	-7	3571.9474734076084	0.0	10
697	126	-32	3057.051947190606	0.0	9
698	9	97	511.75642097360384	0.0	10
699	49	56	1872.9910524340075	0.0	10
700	4	81.0	165.6	0.0	10
701	5	98	303.07821048680194	0.0	10
702	6	98	355.07821048680194	0.0	10
703	6	89.0	312.6782104868019	0.0	10
704	58	37.0	2678.156420973604	0.0	10
705	46	58	1291.6346314604057	0.0	10
706	6	89.0	312.6782104868019	0.0	10
707	6	99	355.07821048680194	0.0	10
708	5	98	303.07821048680194	0.0	10
709	7	88.0	364.6782104868019	0.0	10
710	5	98	303.07821048680194	0.0	10
711	19	77.0	649.4782104868021	0.0	10
712	5	99	303.07821048680194	0.0	10
713	6	89.0	312.6782104868019	0.0	10
714	6	89.0	312.6782104868019	0.0	10
715	6	98	312.6782104868019	0.0	10
716	5	98	303.07821048680194	0.0	10
717	6	89.0	312.67821048680196	0.0	10
718	11	68.0	530.278210486802	0.0	10
719	5	98	303.07821048680194	0.0	10
720	13	75.0	422.2782104868021	0.0	10
721	5	98	303.07821048680194	0.0	10
722	6	97	333.53910524340097	0.0	10
723	11	85.0	551.8173157302028	0.0	10
724	7	78.0	343.139105243401	0.0	10
725	6	90.0	312.67821048680196	0.0	10
726	5	98	303.07821048680194	0.0	10
727	126	-33	3549.060315354817	0.0	9
728	8	96	416.67821048680196	0.0	10
729	26	70.0	886.9564209736042	0.0	10
730	7	97	407.07821048680194	0.0	10
731	5	98	303.07821048680194	0.0	10
732	6	97	355.07821048680194	0.0	10
733	8	79.0	374.278210486802	0.0	10
734	6	89.0	312.67821048680196	0.0	10
735	5	98	303.07821048680194	0.0	10
736	5	98	303.07821048680194	0.0	10
737	33	63.0	1039.6346314604061	0.0	10
738	7	89.0	364.6782104868019	0.0	10
739	5	98	303.07821048680194	0.0	10
740	6	98	355.07821048680194	0.0	10
741	11	93	551.817315730203	0.0	10
742	20	84	743.8782104868021	0.0	10
743	6	97	355.07821048680194	0.0	10
744	5	98	303.07821048680194	0.0	10
745	5	98	303.07821048680194	0.0	10
746	24	63.0	867.0782104868022	0.0	10
747	6	98	355.07821048680194	0.0	10
748	13	73.0	507.078210486802	0.0	10
749	21	74.0	583.2000000000003	0.0	10
750	20	76.0	489.47821048680225	0.0	10
751	6	98	355.07821048680194	0.0	10
752	6	98	355.07821048680194	0.0	10
753	5	98	303.07821048680194	0.0	10
754	5	99	303.07821048680194	0.0	10
755	5	98	303.07821048680194	0.0	10
756	96	0.0	2281.791052434006	0.0	10
757	5	98	303.07821048680194	0.0	10
758	8	77.0	352.73910524340096	0.0	10
759	7	89.0	322.278210486802	0.0	10
760	9	95	426.2782104868019	0.0	10
761	6	97	333.53910524340097	0.0	10
762	5	98	303.07821048680194	0.0	10
763	7	79.0	236.79999999999998	0.0	10
764	17	87	715.756420973604	0.0	10
765	6	98	355.07821048680194	0.0	10
766	6	97	355.07821048680194	0.0	10
767	5	98	303.07821048680194	0.0	10
768	126	-31	1952.6173157301964	0.0	9
769	6	89.0	312.67821048680196	0.0	10
770	5	98	303.07821048680194	0.0	10
771	5	99	303.07821048680194	0.0	10
772	37	68	1056.4955262170054	0.0	10
773	6	97	355.07821048680194	0.0	10
774	9	96	511.07821048680194	0.0	10
775	126	-53	3079.269262920804	0.0	7
776	28	67.0	1032.678210486802	0.0	10
777	5	98	303.07821048680194	0.0	10
778	51	53	1529.417315730202	0.0	10
779	21	66.0	647.8173157302031	0.0	10
780	6	97	312.6782104868019	0.0	10
781	6	97	355.07821048680194	0.0	10
782	5	98	303.07821048680194	0.0	10
783	37	67	801.4173157302034	0.0	10
784	6	98	355.07821048680194	0.0	10
785	126	-33	2610.8346314603996	0.0	9
786	5	98	303.07821048680194	0.0	10
787	5	99	303.07821048680194	0.0	10
788	9	96	426.278210486802	0.0	10
789	46	58	1270.0955262170048	0.0	10
790	5	98	303.07821048680194	0.0	10
791	7	89.0	364.67821048680196	0.0	10
792	50	54	1648.3737367038063	0.0	10
793	5	98	303.07821048680194	0.0	10
794	7	89.0	364.67821048680196	0.0	10
795	7	98	450.1564209736038	0.0	10
796	126	-33	2164.6173157301973	0.0	9
797	11	93	508.73910524340096	0.0	10
798	126	-31	2399.512841947203	0.0	9
799	6	98	355.07821048680194	0.0	10
800	6	89.0	312.67821048680196	0.0	10
801	10	96	542.2173157302029	0.0	10
802	126	-33	2781.7910524340014	0.0	9
803	5	99	303.07821048680194	0.0	10
804	5	98	303.07821048680194	0.0	10
805	7	97	407.07821048680194	0.0	10
806	6	89.0	312.67821048680196	0.0	10
807	126	-33	2780.4346314604004	0.0	9
808	6	89.0	312.67821048680196	0.0	10
809	5	98	303.07821048680194	0.0	10
810	87	9.0	2999.634631460406	0.0	10
811	8	96	416.67821048680196	0.0	10
812	11	93	615.0782104868019	0.0	10
813	8	70.0	374.2782104868019	0.0	10
814	5	98	303.07821048680194	0.0	10
815	5	99	303.07821048680194	0.0	10
816	5	98	303.07821048680194	0.0	10
817	59	37.0	1670.8346314604044	0.0	10
818	10	95	563.7564209736038	0.0	10
819	6	90.0	312.67821048680196	0.0	10
820	7	98	407.07821048680194	0.0	10
821	9	95	511.07821048680194	0.0	10
822	13	82.0	570.339105243401	0.0	10
823	49	56	1510.895526217005	0.0	10
824	8	96	416.67821048680196	0.0	10
825	13	92	570.339105243401	0.0	10
826	10	85.0	435.878210486802	0.0	10
827	79	9.0	2329.9128419472054	0.0	10
828	5	98	303.07821048680194	0.0	10
829	5	98	303.07821048680194	0.0	10
830	5	98	303.07821048680194	0.0	10
831	99	-4.0	2394.034631460401	0.0	10
832	6	97	355.07821048680194	0.0	10
833	5	98	303.07821048680194	0.0	10
834	7	88.0	343.139105243401	0.0	10
835	10	86.0	435.878210486802	0.0	10
836	5	98	303.07821048680194	0.0	10
837	5	98	303.07821048680194	0.0	10
838	5	99	303.07821048680194	0.0	10
839	8	96	416.67821048680196	0.0	10
840	5	98	303.07821048680194	0.0	10
841	118	-13	3536.199420598216	0.0	10
842	5	98	303.07821048680194	0.0	10
843	64	32.0	1463.7564209736017	0.0	10
844	6	89.0	312.67821048680196	0.0	10
845	39	57.0	1118.0955262170048	0.0	10
846	6	98	355.07821048680194	0.0	10
847	5	98	303.07821048680194	0.0	10
848	34	61.0	623.8782104868026	0.0	10
849	5	98	303.07821048680194	0.0	10
850	6	90.0	312.6782104868019	0.0	10
851	8	71.0	374.2782104868019	0.0	10
852	6	98	355.07821048680194	0.0	10
853	49	46.0	1618.5910524340088	0.0	10
854	5	98	303.07821048680194	0.0	10
855	8	98	416.67821048680196	0.0	10
856	7	96	343.139105243401	0.0	10
857	106	-27.0	3840.2519471906057	0.0	10
858	7	89.0	322.278210486802	0.0	10
859	6	97	355.07821048680194	0.0	10
860	23	55.0	518.2782104868022	0.0	10
861	126	-41.0	2398.1564209735966	0.0	9
862	12	92	688.6173157302029	0.0	10
863	6	89.0	312.6782104868019	0.0	10
864	9	96	511.75642097360384	0.0	10
865	6	98	355.07821048680194	0.0	10
866	35	61.0	718.2782104868025	0.0	10
867	5	98	303.07821048680194	0.0	10
868	8	96	416.6782104868019	0.0	10
869	22	84	1082.7737367038067	0.0	10
870	66	21.0	2206.4692629208103	0.0	10
871	8	78.0	374.278210486802	0.0	10
872	5	98	303.07821048680194	0.0	10
873	6	97	355.07821048680194	0.0	10
874	5	99	303.07821048680194	0.0	10
875	7	97	364.6782104868019	0.0	10
876	5	99	303.07821048680194	0.0	10
877	5	98	303.07821048680194	0.0	10
878	5	98	303.07821048680194	0.0	10
879	5	98	303.07821048680194	0.0	10
880	6	89.0	312.67821048680196	0.0	10
881	8	87.0	331.8782104868019	0.0	10
882	88	9.0	1375.8173157302024	0.0	10
883	9	70.0	383.87821048680195	0.0	10
884	5	98	303.07821048680194	0.0	10
885	12	92	475.93910524340106	0.0	10
886	44	35.0	826.2173157302037	0.0	10
887	5	98	303.07821048680194	0.0	10
888	126	-33	1910.2173157301993	0.0	9
889	6	89.0	312.6782104868019	0.0	10
890	38	66	1193.2955262170053	0.0	10
891	6	97	333.53910524340097	0.0	10
892	5	98	303.07821048680194	0.0	10
893	6	98	355.07821048680194	0.0	10
894	7	97	407.07821048680194	0.0	10
895	6	97	355.07821048680194	0.0	10
896	6	97	355.07821048680194	0.0	10
897	5	98	303.07821048680194	0.0	10
898	7	97	407.07821048680194	0.0	10
899	6	89.0	312.67821048680196	0.0	10
900	5	99	303.07821048680194	0.0	10
901	7	89.0	364.67821048680196	0.0	10
902	11	76.0	637.2955262170047	0.0	10
903	6	98	355.07821048680194	0.0	10
904	5	98	303.07821048680194	0.0	10
905	5	99	303.07821048680194	0.0	10
906	6	89.0	312.67821048680196	0.0	10
907	7	89.0	364.67821048680196	0.0	10
908	16	80.0	451.07821048680216	0.0	10
909	8	87.0	395.139105243401	0.0	10
910	126	-42.0	1633.5999999999976	0.0	9
911	6	98	355.07821048680194	0.0	10
912	126	-31	2143.7564209735965	0.0	9
913	7	97	407.07821048680194	0.0	10
914	7	97	385.53910524340097	0.0	10
915	5	98	303.07821048680194	0.0	10
916	10	95	541.539105243401	0.0	10
917	8	96	459.07821048680194	0.0	10
918	8	97	480.6173157302029	0.0	10
919	25	70.0	664.6782104868023	0.0	10
920	5	98	303.07821048680194	0.0	10
921	11	93	445.478210486802	0.0	10
922	47	57	748.6782104868029	0.0	10
923	6	97	355.07821048680194	0.0	10
924	24	71.0	760.7391052434012	0.0	10
925	8	97	502.1564209736038	0.0	10
926	5	98	303.07821048680194	0.0	10
927	5	98	303.07821048680194	0.0	10
928	9	95	489.53910524340097	0.0	10
929	6	89.0	312.67821048680196	0.0	10
930	6	99	355.07821048680194	0.0	10
931	11	94	572.678210486802	0.0	10
932	5	98	303.07821048680194	0.0	10
933	120	-15	2234.8955262169998	0.0	10
934	5	98	303.07821048680194	0.0	10
935	26	69.0	1013.4782104868021	0.0	10
936	6	97	355.07821048680194	0.0	10
937	6	97	333.53910524340097	0.0	10
938	6	89.0	312.67821048680196	0.0	10
939	6	89.0	312.6782104868019	0.0	10
940	7	88.0	364.6782104868019	0.0	10
941	6	97	376.6173157302029	0.0	10
942	5	98	303.07821048680194	0.0	10
943	7	89.0	322.278210486802	0.0	10
944	6	97	333.53910524340097	0.0	10
945	8	80.0	374.2782104868019	0.0	10
946	8	96	416.6782104868019	0.0	10
947	12	84.0	455.07821048680205	0.0	10
948	5	98	303.07821048680194	0.0	10
949	126	-32	2588.617315730199	0.0	9
950	5	98	303.07821048680194	0.0	10
951	5	99	303.07821048680194	0.0	10
952	8	96	416.67821048680196	0.0	10
953	5	99	303.07821048680194	0.0	10
954	6	97	333.53910524340097	0.0	10
955	5	98	303.07821048680194	0.0	10
956	10	87.0	542.2173157302029	0.0	10
957	5	98	303.07821048680194	0.0	10
958	10	86.0	520.678210486802	0.0	10
959	11	93	572.678210486802	0.0	10
960	6	89.0	312.6782104868019	0.0	10
961	7	89.0	322.2782104868019	0.0	10
962	5	98	303.07821048680194	0.0	10
963	7	88.0	364.6782104868019	0.0	10
964	7	88.0	364.67821048680196	0.0	10
965	7	89.0	364.6782104868019	0.0	10
966	6	98	355.07821048680194	0.0	10
967	7	89.0	364.67821048680196	0.0	10
968	5	98	303.07821048680194	0.0	10
969	6	89.0	312.67821048680196	0.0	10
970	6	97	312.6782104868019	0.0	10
971	40	64	914.3391052434016	0.0	10
972	9	95	426.278210486802	0.0	10
973	8	96	416.67821048680196	0.0	10
974	5	99	303.07821048680194	0.0	10
975	6	89.0	312.67821048680196	0.0	10
976	6	89.0	312.6782104868019	0.0	10
977	27	61.0	811.0782104868022	0.0	10
978	6	98	376.61731573020285	0.0	10
979	5	98	303.07821048680194	0.0	10
980	8	88.0	374.278210486802	0.0	10
981	126	-51.0	1507.0782104867988	0.0	8
982	5	98	303.07821048680194	0.0	10
983	6	98	355.07821048680194	0.0	10
984	7	97	450.1564209736038	0.0	10
985	77	27	1163.8782104868023	0.0	10
986	126	-40.0	2017.2346314603978	0.0	9
987	8	97	459.07821048680194	0.0	10
988	5	99	303.07821048680194	0.0	10
989	6	98	355.07821048680194	0.0	10
990	82	-3.0	1719.9999999999955	0.0	10
991	126	-41.0	1889.3564209735969	0.0	9
992	9	86.0	425.6	0.0	10
993	5	98	260.0	0.0	10
994	5	98	260.0	0.0	10
995	6	90.0	269.6	0.0	10
996	5	98	260.0	0.0	10
997	6	98	312.0	0.0	10
998	5	98	260.0	0.0	10
999	7	98	321.6	0.0	10
1000	45	59	1111.0782104868024	0.0	10
1001	126	-59.0	2250.0955262170014	0.0	8
1002	9	95	468.0	0.0	10
1003	8	96	416.0	0.0	10
1004	9	97	468.0	0.0	10
1005	6	98	312.0	0.0	10
1006	8	88.0	331.20000000000005	0.0	10
1007	8	96	416.0	0.0	10
1008	5	98	260.0	0.0	10
1009	19	70.0	436.8000000000003	0.0	10
1010	126	-98.0	1422.2782104868	0.0	6
1011	126	-98.0	1507.078210486799	0.0	5
1012	126	-81.0	1761.4782104867982	0.0	5
1013	126	-104	1675.999999999998	0.0	2
1014	123	-52.0	1988.4346314604006	0.0	10
1015	126	-105	1570.3391052433994	0.0	2
1016	7	88.0	364.67821048680196	0.0	10
1017	8	96	416.67821048680196	0.0	10
1018	126	-32	1570.3391052433972	0.0	9
1019	6	97	355.07821048680194	0.0	10
1020	5	98	303.07821048680194	0.0	10
1021	6	89.0	312.67821048680196	0.0	10
1022	6	97	355.07821048680194	0.0	10
1023	7	90.0	364.67821048680196	0.0	10
1024	10	77.0	499.139105243401	0.0	10
1025	64	15.0	1548.556420973601	0.0	10
1026	37	60.0	652.6782104868026	0.0	10
1027	6	97	355.07821048680194	0.0	10
1028	69	1.0	1257.3564209736023	0.0	10
1029	5	98	303.07821048680194	0.0	10
1030	7	97	450.1564209736038	0.0	10
1031	5	98	303.07821048680194	0.0	10
1032	126	-33	1591.8782104867978	0.0	9
1033	71	16.0	1043.017315730204	0.0	10
1034	21	83	796.5564209736041	0.0	10
1035	6	97	355.07821048680194	0.0	10
1036	6	89.0	312.67821048680196	0.0	10
1037	5	98	303.07821048680194	0.0	10
1038	5	98	303.07821048680194	0.0	10
1039	7	89.0	343.139105243401	0.0	10
1040	5	98	303.07821048680194	0.0	10
1041	6	99	355.07821048680194	0.0	10
1042	6	89.0	312.67821048680196	0.0	10
1043	126	-43	1740.617315730197	0.0	8
1044	8	95	459.07821048680194	0.0	10
1045	5	99	303.07821048680194	0.0	10
1046	5	98	303.07821048680194	0.0	10
1047	15	73.0	675.0173157302029	0.0	10
1048	6	97	355.07821048680194	0.0	10
1049	6	99	355.07821048680194	0.0	10
1050	5	98	303.07821048680194	0.0	10
1051	8	96	459.07821048680194	0.0	10
1052	6	89.0	312.67821048680196	0.0	10
1053	55	42.0	1079.8782104868023	0.0	10
1054	5	98	303.07821048680194	0.0	10
1055	27	69.0	726.2782104868022	0.0	10
1056	126	-31	2314.7128419471987	0.0	9
1057	5	98	303.07821048680194	0.0	10
1058	56	39.0	1004.678210486803	0.0	10
1059	8	96	480.6173157302029	0.0	10
1060	7	98	428.6173157302029	0.0	10
1061	5	99	303.07821048680194	0.0	10
1062	13	82.0	591.878210486802	0.0	10
1063	126	-32	1804.5564209735971	0.0	9
1064	6	99	355.07821048680194	0.0	10
1065	5	99	303.07821048680194	0.0	10
1066	5	99	303.07821048680194	0.0	10
1067	8	88.0	416.6782104868019	0.0	10
1068	126	-48.0	1761.4782104867963	0.0	9
1069	6	90.0	312.67821048680196	0.0	10
1070	5	98	303.07821048680194	0.0	10
1071	5	98	303.07821048680194	0.0	10
1072	7	97	407.07821048680194	0.0	10
1073	5	98	303.07821048680194	0.0	10
1074	6	89.0	312.6782104868019	0.0	10
1075	5	98	303.07821048680194	0.0	10
1076	7	89.0	364.67821048680196	0.0	10
1077	7	97	364.67821048680196	0.0	10
1078	126	-41.0	1507.078210486799	0.0	9
1079	5	98	303.07821048680194	0.0	10
1080	5	98	303.07821048680194	0.0	10
1081	126	-63	1783.6955262169984	0.0	6
1082	7	88.0	343.139105243401	0.0	10
1083	25	71.0	813.4173157302032	0.0	10
1084	6	89.0	312.6782104868019	0.0	10
1085	12	92	603.139105243401	0.0	10
1086	126	-40.0	1591.8782104867978	0.0	9
1087	126	-32	1676.6782104867968	0.0	9
1088	5	99	303.07821048680194	0.0	10
1089	5	99	303.07821048680194	0.0	10
1090	12	93	710.1564209736039	0.0	10
1091	67	28.0	1025.4782104868032	0.0	10
1092	5	98	303.07821048680194	0.0	10
1093	56	40.0	1259.0782104868001	0.0	10
1094	5	98	303.07821048680194	0.0	10
1095	126	-32	1507.078210486799	0.0	9
1096	6	97	355.07821048680194	0.0	10
1097	6	98	355.07821048680194	0.0	10
1098	5	98	303.07821048680194	0.0	10
1099	5	98	303.07821048680194	0.0	10
1100	5	98	303.07821048680194	0.0	10
1101	5	98	303.07821048680194	0.0	10
1102	8	95	395.13910524340093	0.0	10
1103	6	89.0	312.67821048680196	0.0	10
1104	126	-32	1931.0782104867938	0.0	9
1105	5	98	303.07821048680194	0.0	10
1106	6	97	355.07821048680194	0.0	10
1107	8	96	459.07821048680194	0.0	10
1108	7	79.0	364.67821048680196	0.0	10
1109	5	98	303.07821048680194	0.0	10
1110	6	98	312.6782104868019	0.0	10
1111	10	95	520.0	0.0	10
1112	5	98	303.07821048680194	0.0	10
1113	39	56.0	926.2782104868025	0.0	10
1114	13	83.0	549.478210486802	0.0	10
1115	6	89.0	312.67821048680196	0.0	10
1116	15	91	930.7737367038068	0.0	10
1117	7	97	450.1564209736038	0.0	10
1118	16	79.0	451.07821048680216	0.0	10
1119	5	98	303.07821048680194	0.0	10
1120	12	92	646.2173157302029	0.0	10
1121	126	-98.0	1697.539105243398	0.0	6
1122	45	26.0	729.4782104868027	0.0	10
1123	126	-33	1719.756420973598	0.0	9
1124	6	98	355.07821048680194	0.0	10
1125	6	98	355.07821048680194	0.0	10
1126	5	98	303.07821048680194	0.0	10
1127	6	98	355.07821048680194	0.0	10
1128	6	98	355.07821048680194	0.0	10
1129	5	98	303.07821048680194	0.0	10
1130	12	83.0	539.878210486802	0.0	10
1131	5	98	303.07821048680194	0.0	10
1132	6	98	355.07821048680194	0.0	10
1133	126	-42.0	2144.4346314603963	0.0	9
1134	5	98	303.07821048680194	0.0	10
1135	6	98	355.07821048680194	0.0	10
1136	23	72.0	730.9564209736042	0.0	10
1137	5	98	303.07821048680194	0.0	10
1138	67	29.0	1748.3128419472034	0.0	10
1139	13	93	741.2955262170047	0.0	10
1140	5	98	303.07821048680194	0.0	10
1141	6	97	312.6782104868019	0.0	10
1142	9	95	532.6173157302029	0.0	10
1143	6	89.0	312.67821048680196	0.0	10
1144	8	96	374.278210486802	0.0	10
1145	5	98	303.07821048680194	0.0	10
1146	5	98	303.07821048680194	0.0	10
1147	11	85.0	594.2173157302029	0.0	10
1148	6	97	312.6782104868019	0.0	10
1149	5	98	303.07821048680194	0.0	10
1150	51	45.0	1253.4782104868	0.0	10
1151	126	-33	3903.0173157301974	0.0	9
1152	5	98	303.07821048680194	0.0	10
1153	6	98	355.07821048680194	0.0	10
1154	10	94	584.6173157302029	0.0	10
1155	8	97	416.67821048680196	0.0	10
1156	78	17.0	1450.0955262170012	0.0	10
1157	126	-41	2421.730157677401	0.0	8
1158	8	96	416.67821048680196	0.0	10
1159	6	97	312.6782104868019	0.0	10
1160	126	-53	2167.3301576774006	0.0	7
1161	7	79.0	364.67821048680196	0.0	10
1162	5	98	303.07821048680194	0.0	10
1163	5	98	303.07821048680194	0.0	10
1164	32	54.0	1264.2519471906082	0.0	10
1165	5	99	303.07821048680194	0.0	10
1166	11	94	679.6955262170047	0.0	10
1167	6	98	355.07821048680194	0.0	10
1168	126	-40.0	1740.617315730197	0.0	9
1169	11	84.0	403.07821048680205	0.0	10
1170	15	82.0	483.87821048680206	0.0	10
1171	6	98	355.07821048680194	0.0	10
1172	5	98	303.07821048680194	0.0	10
1173	28	68.0	566.2782104868024	0.0	10
1174	7	89.0	364.67821048680196	0.0	10
1175	93	3.0	1318.1564209736027	0.0	10
1176	8	96	502.1564209736038	0.0	10
1177	75	12.0	1017.4782104868035	0.0	10
1178	7	96	428.6173157302029	0.0	10
1179	7	96	450.1564209736038	0.0	10
1180	8	87.0	416.67821048680196	0.0	10
1181	7	88.0	322.278210486802	0.0	10
1182	20	75.0	447.0782104868023	0.0	10
1183	11	85.0	466.33910524340104	0.0	10
1184	5	98	303.07821048680194	0.0	10
1185	37	58.0	1056.495526217005	0.0	10
1186	8	97	374.278210486802	0.0	10
1187	16	89	620.6782104868021	0.0	10
1188	12	84.0	412.6782104868021	0.0	10
1189	126	-32	1677.3564209735987	0.0	9
1190	5	98	303.07821048680194	0.0	10
1191	5	98	303.07821048680194	0.0	10
1192	126	-53	1634.9564209735993	0.0	7
1193	72	25.0	1179.8173157302024	0.0	10
1194	11	94	658.1564209736039	0.0	10
1195	19	59.0	863.5128419472078	0.0	10
1196	6	98	355.07821048680194	0.0	10
1197	51	45.0	871.8782104868029	0.0	10
1198	5	98	346.1564209736038	0.0	10
1199	7	88.0	364.67821048680196	0.0	10
1200	6	89.0	312.6782104868019	0.0	10
1201	7	96	385.53910524340097	0.0	10
1202	5	98	303.07821048680194	0.0	10
1203	6	98	355.07821048680194	0.0	10
1204	6	98	355.07821048680194	0.0	10
1205	5	98	303.07821048680194	0.0	10
1206	7	97	407.07821048680194	0.0	10
1207	126	-43	1507.078210486799	0.0	8
1208	70	25.0	1054.278210486803	0.0	10
1209	5	98	303.07821048680194	0.0	10
1210	126	-33	1676.6782104867968	0.0	9
1211	6	97	355.07821048680194	0.0	10
1212	126	-32	2293.851947190599	0.0	9
1213	7	88.0	322.2782104868019	0.0	10
1214	57	40.0	1396.556420973601	0.0	10
1215	126	-33	1889.356420973598	0.0	9
1216	18	77.0	597.4782104868021	0.0	10
1217	5	98	303.07821048680194	0.0	10
1218	6	97	355.07821048680194	0.0	10
1219	6	89.0	312.67821048680196	0.0	10
1220	5	98	303.07821048680194	0.0	10
1221	5	98	303.07821048680194	0.0	10
1222	6	97	355.07821048680194	0.0	10
1223	91	5.0	1171.078210486802	0.0	10
1224	72	15.0	1031.0782104868033	0.0	10
1225	5	99	303.07821048680194	0.0	10
1226	122	-44.0	1745.2955262169987	0.0	10
1227	126	-33	1613.4173157302	0.0	9
1228	6	98	355.07821048680194	0.0	10
1229	126	-53	2186.834631460396	0.0	7
1230	7	96	407.07821048680194	0.0	10
1231	5	98	303.07821048680194	0.0	10
1232	5	98	303.07821048680194	0.0	10
1233	7	88.0	364.67821048680196	0.0	10
1234	5	99	303.07821048680194	0.0	10
1235	126	-53	1911.573736703801	0.0	7
1236	12	92	625.3564209736039	0.0	10
1237	7	88.0	343.139105243401	0.0	10
1238	8	97	459.07821048680194	0.0	10
1239	6	97	333.53910524340097	0.0	10
1240	7	98	450.1564209736038	0.0	10
1241	10	94	649.2346314604058	0.0	10
1242	6	98	355.07821048680194	0.0	10
1243	10	95	649.2346314604058	0.0	10
1244	126	-33	2143.756420973595	0.0	9
1245	6	97	376.61731573020285	0.0	10
1246	7	97	407.07821048680194	0.0	10
1247	6	98	355.07821048680194	0.0	10
1248	6	97	333.53910524340097	0.0	10
1249	5	98	303.07821048680194	0.0	10
1250	16	80.0	620.6782104868021	0.0	10
1251	6	97	312.6782104868019	0.0	10
1252	12	93	645.539105243401	0.0	10
1253	7	88.0	364.6782104868019	0.0	10
1254	7	89.0	322.278210486802	0.0	10
1255	12	85.0	539.878210486802	0.0	10
1256	11	76.0	445.47821048680197	0.0	10
1257	7	88.0	364.67821048680196	0.0	10
1258	89	7.0	1406.2782104867993	0.0	10
1259	5	98	303.07821048680194	0.0	10
1260	23	56.0	794.8955262170051	0.0	10
1261	6	98	355.07821048680194	0.0	10
1262	5	98	303.07821048680194	0.0	10
1263	7	98	450.1564209736038	0.0	10
1264	8	96	459.07821048680194	0.0	10
1265	11	93	594.2173157302029	0.0	10
1266	7	89.0	364.67821048680196	0.0	10
1267	7	88.0	322.278210486802	0.0	10
1268	6	97	333.53910524340097	0.0	10
1269	10	94	520.6782104868018	0.0	10
1270	5	98	303.07821048680194	0.0	10
1271	10	86.0	521.3564209736038	0.0	10
1272	83	-5.0	1413.9737367038038	0.0	10
1273	6	98	355.07821048680194	0.0	10
1274	10	94	563.0782104868019	0.0	10
1275	22	66.0	847.8782104868021	0.0	10
1276	5	99	303.07821048680194	0.0	10
1277	126	-53	1507.078210486799	0.0	7
1278	7	96	407.07821048680194	0.0	10
1279	5	98	303.07821048680194	0.0	10
1280	6	89.0	269.6	0.0	10
1281	6	89.0	312.6782104868019	0.0	10
1282	126	-41.0	1549.4782104867988	0.0	9
1283	6	97	355.07821048680194	0.0	10
1284	6	89.0	312.67821048680196	0.0	10
1285	5	98	303.07821048680194	0.0	10
1286	5	98	303.07821048680194	0.0	10
1287	122	-26.0	1617.4173157301984	0.0	10
1288	14	72.0	431.8782104868021	0.0	10
1289	9	95	490.21731573020287	0.0	10
1290	6	98	355.07821048680194	0.0	10
1291	5	99	303.07821048680194	0.0	10
1292	6	89.0	312.6782104868019	0.0	10
1293	5	98	303.07821048680194	0.0	10
1294	5	98	303.07821048680194	0.0	10
1295	7	98	450.1564209736038	0.0	10
1296	7	98	450.1564209736038	0.0	10
1297	126	-33	1973.4782104867932	0.0	9
1298	5	98	303.07821048680194	0.0	10
1299	5	98	303.07821048680194	0.0	10
1300	126	-33	2313.356420973595	0.0	9
1301	87	1.0	1599.0782104867974	0.0	10
1302	6	98	355.07821048680194	0.0	10
1303	5	98	303.07821048680194	0.0	10
1304	41	55.0	648.6782104868028	0.0	10
1305	12	75.0	497.47821048680197	0.0	10
1306	30	65.0	543.0782104868025	0.0	10
1307	6	90.0	312.67821048680196	0.0	10
1308	5	98	303.07821048680194	0.0	10
1309	6	89.0	312.67821048680196	0.0	10
1310	6	89.0	312.6782104868019	0.0	10
1311	7	97	407.07821048680194	0.0	10
1312	5	98	303.07821048680194	0.0	10
1313	5	98	303.07821048680194	0.0	10
1314	14	82.0	431.8782104868021	0.0	10
1315	6	97	355.07821048680194	0.0	10
1316	6	98	355.07821048680194	0.0	10
1317	5	98	303.07821048680194	0.0	10
1318	98	-20.0	1323.0782104868003	0.0	10
1319	126	-33	2439.8782104867933	0.0	9
1320	126	-53	1634.9564209735993	0.0	7
1321	6	90.0	312.67821048680196	0.0	10
1322	7	96	364.6782104868019	0.0	10
1323	126	-32	1803.8782104867953	0.0	9
1324	5	98	303.07821048680194	0.0	10
1325	6	98	355.07821048680194	0.0	10
1326	5	99	303.07821048680194	0.0	10
1327	5	98	303.07821048680194	0.0	10
1328	9	96	489.53910524340097	0.0	10
1329	5	98	303.07821048680194	0.0	10
1330	11	84.0	572.678210486802	0.0	10
1331	126	-41.0	1782.3391052433947	0.0	9
1332	5	98	303.07821048680194	0.0	10
1333	5	98	303.07821048680194	0.0	10
1334	5	98	303.07821048680194	0.0	10
1335	9	95	532.6173157302029	0.0	10
1336	5	98	303.07821048680194	0.0	10
1337	5	98	303.07821048680194	0.0	10
1338	6	98	355.07821048680194	0.0	10
1339	5	98	303.07821048680194	0.0	10
1340	7	97	407.07821048680194	0.0	10
1341	61	34.0	1137.4782104868018	0.0	10
1342	5	98	303.07821048680194	0.0	10
1343	8	96	374.278210486802	0.0	10
1344	7	97	407.07821048680194	0.0	10
1345	6	97	312.6782104868019	0.0	10
1346	95	-7.0	1336.6782104868003	0.0	10
1347	9	95	511.07821048680194	0.0	10
1348	10	95	563.7564209736038	0.0	10
1349	5	98	303.07821048680194	0.0	10
1350	5	98	303.07821048680194	0.0	10
1351	10	87.0	520.678210486802	0.0	10
1352	8	88.0	395.139105243401	0.0	10
1353	40	64	999.8173157302035	0.0	10
1354	5	98	303.07821048680194	0.0	10
1355	126	-52	1655.817315730198	0.0	7
1356	6	97	312.6782104868019	0.0	10
1357	63	23.0	1114.956420973604	0.0	10
1358	5	98	303.07821048680194	0.0	10
1359	5	98	303.07821048680194	0.0	10
1360	5	99	303.07821048680194	0.0	10
1361	5	98	303.07821048680194	0.0	10
1362	5	98	303.07821048680194	0.0	10
1363	5	98	303.07821048680194	0.0	10
1364	6	98	355.07821048680194	0.0	10
1365	33	63.0	635.8173157302035	0.0	10
1366	5	98	303.07821048680194	0.0	10
1367	5	98	303.07821048680194	0.0	10
1368	10	93	649.2346314604058	0.0	10
1369	8	96	374.278210486802	0.0	10
1370	6	90.0	312.67821048680196	0.0	10
1371	6	97	355.07821048680194	0.0	10
1372	7	80.0	322.2782104868019	0.0	10
1373	6	98	333.53910524340097	0.0	10
1374	35	62.0	972.6782104868024	0.0	10
1375	39	49.0	841.4782104868026	0.0	10
1376	7	80.0	322.2782104868019	0.0	10
1377	14	74.0	516.6782104868021	0.0	10
1378	6	90.0	312.67821048680196	0.0	10
1379	5	98	303.07821048680194	0.0	10
1380	5	98	303.07821048680194	0.0	10
1381	6	89.0	312.6782104868019	0.0	10
1382	5	98	303.07821048680194	0.0	10
1383	16	79.0	535.8782104868021	0.0	10
1384	6	89.0	312.67821048680196	0.0	10
1385	6	89.0	312.67821048680196	0.0	10
1386	7	97	343.139105243401	0.0	10
1387	5	99	303.07821048680194	0.0	10
1388	41	47.0	775.8782104868026	0.0	10
1389	5	98	303.07821048680194	0.0	10
1390	9	96	532.6173157302028	0.0	10
1391	7	88.0	364.6782104868019	0.0	10
1392	126	-49.0	1719.7564209735988	0.0	9
1393	126	-33	1612.7391052433966	0.0	9
1394	8	88.0	374.278210486802	0.0	10
1395	8	96	459.07821048680194	0.0	10
1396	5	98	303.07821048680194	0.0	10
1397	8	96	459.07821048680194	0.0	10
1398	8	96	459.07821048680194	0.0	10
1399	23	73.0	730.2782104868022	0.0	10
1400	8	96	480.6173157302029	0.0	10
1401	5	99	303.07821048680194	0.0	10
1402	5	98	303.07821048680194	0.0	10
1403	126	-32	1634.2782104867986	0.0	9
1404	6	99	355.07821048680194	0.0	10
1405	126	-41	2334.895526216996	0.0	8
1406	19	77.0	607.0782104868022	0.0	10
1407	5	98	303.07821048680194	0.0	10
1408	5	98	346.1564209736038	0.0	10
1409	6	98	355.07821048680194	0.0	10
1410	5	98	303.07821048680194	0.0	10
1411	21	74.0	689.5391052434012	0.0	10
1412	10	95	584.6173157302029	0.0	10
1413	126	-39.0	1676.678210486797	0.0	9
1414	7	89.0	364.67821048680196	0.0	10
1415	8	96	395.139105243401	0.0	10
1416	71	-1.0	1191.0782104868013	0.0	10
1417	5	98	303.07821048680194	0.0	10
1418	8	79.0	374.278210486802	0.0	10
1419	7	79.0	364.67821048680196	0.0	10
1420	6	97	333.53910524340097	0.0	10
1421	5	98	303.07821048680194	0.0	10
1422	18	77.0	555.0782104868022	0.0	10
1423	126	-32	2058.2782104867943	0.0	9
1424	7	96	364.6782104868019	0.0	10
1425	5	98	303.07821048680194	0.0	10
1426	5	98	303.07821048680194	0.0	10
1427	5	98	303.07821048680194	0.0	10
1428	37	41.0	950.8346314604064	0.0	10
1429	7	79.0	364.67821048680196	0.0	10
1430	126	-41	1847.6346314603989	0.0	8
1431	10	77.0	521.3564209736038	0.0	10
1432	7	96	450.1564209736038	0.0	10
1433	10	85.0	351.078210486802	0.0	10
1434	5	98	303.07821048680194	0.0	10
1435	7	96	385.53910524340097	0.0	10
1436	5	98	303.07821048680194	0.0	10
1437	7	97	407.07821048680194	0.0	10
1438	6	97	355.07821048680194	0.0	10
1439	126	-32	2016.5564209735967	0.0	9
1440	5	98	303.07821048680194	0.0	10
1441	5	98	303.07821048680194	0.0	10
1442	6	98	355.07821048680194	0.0	10
1443	6	98	355.07821048680194	0.0	10
1444	6	98	355.07821048680194	0.0	10
1445	8	88.0	416.6782104868019	0.0	10
1446	126	-62.0	1676.6782104867968	0.0	7
1447	9	95	532.6173157302029	0.0	10
1448	126	-40.0	1888.6782104867962	0.0	9
1449	6	89.0	312.6782104868019	0.0	10
1450	5	98	303.07821048680194	0.0	10
1451	6	98	355.07821048680194	0.0	10
1452	5	98	303.07821048680194	0.0	10
1453	5	99	303.07821048680194	0.0	10
1454	6	98	355.07821048680194	0.0	10
1455	7	97	407.07821048680194	0.0	10
1456	8	96	437.53910524340097	0.0	10
1457	7	98	364.67821048680196	0.0	10
1458	7	97	385.53910524340097	0.0	10
1459	6	99	355.07821048680194	0.0	10
1460	87	-7.0	2044.6173157301973	0.0	10
1461	5	98	303.07821048680194	0.0	10
1462	7	90.0	364.6782104868019	0.0	10
1463	5	98	303.07821048680194	0.0	10
1464	7	97	343.139105243401	0.0	10
1465	7	98	407.07821048680194	0.0	10
1466	5	98	303.07821048680194	0.0	10
1467	6	90.0	312.6782104868019	0.0	10
1468	5	98	260.0	0.0	10
1469	5	98	303.07821048680194	0.0	10
1470	7	97	407.07821048680194	0.0	10
1471	8	89.0	416.6782104868019	0.0	10
1472	7	88.0	364.67821048680196	0.0	10
1473	9	95	532.6173157302029	0.0	10
1474	10	86.0	478.278210486802	0.0	10
1475	5	98	303.07821048680194	0.0	10
1476	126	-51.0	1867.8173157301972	0.0	8
1477	5	99	303.07821048680194	0.0	10
1478	7	88.0	364.6782104868019	0.0	10
1479	7	97	343.139105243401	0.0	10
1480	8	88.0	374.278210486802	0.0	10
1481	6	97	355.07821048680194	0.0	10
1482	5	99	303.07821048680194	0.0	10
1483	5	99	303.07821048680194	0.0	10
1484	7	89.0	364.67821048680196	0.0	10
1485	5	98	303.07821048680194	0.0	10
1486	5	98	303.07821048680194	0.0	10
1487	5	98	303.07821048680194	0.0	10
1488	6	97	355.07821048680194	0.0	10
1489	5	99	303.07821048680194	0.0	10
1490	7	97	407.07821048680194	0.0	10
1491	126	-50.0	2312.6782104867943	0.0	9
1492	5	98	303.07821048680194	0.0	10
1493	5	98	303.07821048680194	0.0	10
1494	9	95	489.53910524340097	0.0	10
1495	5	98	303.07821048680194	0.0	10
1496	6	97	312.6782104868019	0.0	10
1497	8	96	459.07821048680194	0.0	10
1498	7	98	407.75642097360384	0.0	10
1499	126	-49.0	1783.0173157301972	0.0	9
1500	10	85.0	478.278210486802	0.0	10
1501	88	7.0	1270.1564209736036	0.0	10
1502	7	97	343.139105243401	0.0	10
1503	5	98	303.07821048680194	0.0	10
1504	6	97	312.6782104868019	0.0	10
1505	8	96	416.6782104868019	0.0	10
1506	8	96	437.53910524340097	0.0	10
1507	126	-43	1676.6782104867968	0.0	8
1508	5	99	303.07821048680194	0.0	10
1509	5	98	303.07821048680194	0.0	10
1510	43	52.0	837.4782104868027	0.0	10
1511	5	98	303.07821048680194	0.0	10
1512	6	89.0	312.6782104868019	0.0	10
1513	5	98	303.07821048680194	0.0	10
1514	36	68	855.0782104868025	0.0	10
1515	126	-33	2121.539105243392	0.0	9
1516	7	99	407.07821048680194	0.0	10
1517	5	98	303.07821048680194	0.0	10
1518	13	82.0	591.878210486802	0.0	10
1519	126	-42	2058.9564209735963	0.0	8
1520	126	-40.0	2270.278210486793	0.0	9
1521	7	97	385.53910524340097	0.0	10
1522	126	-32	1761.478210486796	0.0	9
1523	5	98	303.07821048680194	0.0	10
1524	6	97	333.53910524340097	0.0	10
1525	15	73.0	441.47821048680214	0.0	10
1526	17	79.0	503.07821048680216	0.0	10
1527	6	98	355.07821048680194	0.0	10
1528	11	92	445.47821048680197	0.0	10
1529	7	97	407.07821048680194	0.0	10
1530	6	98	333.53910524340097	0.0	10
1531	6	97	333.53910524340097	0.0	10
1532	120	-34.0	1810.2173157301975	0.0	10
1533	9	95	468.67821048680196	0.0	10
1534	7	96	450.1564209736038	0.0	10
1535	126	-40.0	1804.5564209735971	0.0	9
1536	6	98	355.07821048680194	0.0	10
1537	4	81.0	165.6	0.0	10
1538	9	86.0	468.67821048680196	0.0	10
1539	7	97	407.07821048680194	0.0	10
1540	10	95	542.2173157302029	0.0	10
1541	5	99	303.07821048680194	0.0	10
1542	126	-41.0	1613.4173157302	0.0	9
1543	5	98	303.07821048680194	0.0	10
1544	8	96	459.07821048680194	0.0	10
1545	6	89.0	312.67821048680196	0.0	10
1546	5	98	303.07821048680194	0.0	10
1547	5	98	303.07821048680194	0.0	10
1548	10	85.0	499.139105243401	0.0	10
1549	126	-33	1591.8782104867985	0.0	9
1550	7	96	385.53910524340097	0.0	10
1551	5	98	303.07821048680194	0.0	10
1552	7	96	364.6782104868019	0.0	10
1553	8	87.0	374.278210486802	0.0	10
1554	7	88.0	364.6782104868019	0.0	10
1555	60	36.0	1127.8782104868023	0.0	10
1556	33	62.0	1207.878210486801	0.0	10
1557	8	87.0	374.278210486802	0.0	10
1558	5	98	303.07821048680194	0.0	10
1559	126	-32	1634.9564209735993	0.0	9
1560	6	98	355.07821048680194	0.0	10
1561	5	98	303.07821048680194	0.0	10
1562	6	97	355.07821048680194	0.0	10
1563	126	-32	1719.7564209735988	0.0	9
1564	5	98	303.07821048680194	0.0	10
1565	47	49.0	748.6782104868029	0.0	10
1566	7	88.0	364.67821048680196	0.0	10
1567	6	97	312.6782104868019	0.0	10
1568	12	83.0	412.6782104868021	0.0	10
1569	6	98	355.07821048680194	0.0	10
1570	5	98	303.07821048680194	0.0	10
1571	5	98	303.07821048680194	0.0	10
1572	23	73.0	899.8782104868021	0.0	10
1573	7	97	343.139105243401	0.0	10
1574	5	99	303.07821048680194	0.0	10
1575	82	14.0	1360.6173157302005	0.0	10
1576	126	-33	1549.4782104867984	0.0	9
1577	6	90.0	312.6782104868019	0.0	10
1578	10	87.0	414.33910524340104	0.0	10
1579	5	98	303.07821048680194	0.0	10
1580	11	76.0	403.078210486802	0.0	10
1581	5	98	303.07821048680194	0.0	10
1582	6	97	355.07821048680194	0.0	10
1583	126	-43	1676.6782104867968	0.0	8
1584	6	97	333.53910524340097	0.0	10
1585	5	98	303.07821048680194	0.0	10
1586	8	95	437.53910524340097	0.0	10
1587	6	97	355.07821048680194	0.0	10
1588	126	-43	1782.3391052433947	0.0	8
1589	126	-42	1825.4173157301984	0.0	8
1590	9	95	468.67821048680196	0.0	10
1591	6	89.0	312.6782104868019	0.0	10
1592	7	96	364.6782104868019	0.0	10
1593	12	93	603.817315730203	0.0	10
1594	6	97	355.07821048680194	0.0	10
1595	5	98	303.07821048680194	0.0	10
1596	6	97	355.07821048680194	0.0	10
1597	6	90.0	312.6782104868019	0.0	10
1598	5	98	303.07821048680194	0.0	10
1599	126	-41.0	2015.8782104867935	0.0	9
1600	126	-33	1698.2173157301982	0.0	9
1601	126	-53	1867.1391052433949	0.0	7
1602	126	-33	1782.3391052433947	0.0	9
1603	9	87.0	426.2782104868019	0.0	10
1604	6	79.0	312.6782104868019	0.0	10
1605	6	89.0	312.67821048680196	0.0	10
1606	7	89.0	364.67821048680196	0.0	10
1607	6	89.0	312.67821048680196	0.0	10
1608	6	98	355.07821048680194	0.0	10
1609	8	97	459.07821048680194	0.0	10
1610	6	89.0	312.6782104868019	0.0	10
1611	5	98	303.07821048680194	0.0	10
1612	126	-51.0	1846.2782104867972	0.0	8
1613	8	87.0	374.2782104868019	0.0	10
1614	6	97	355.07821048680194	0.0	10
1615	5	99	303.07821048680194	0.0	10
1616	6	89.0	312.67821048680196	0.0	10
1617	6	89.0	312.6782104868019	0.0	10
1618	5	98	303.07821048680194	0.0	10
1619	7	97	364.67821048680196	0.0	10
1620	5	98	303.07821048680194	0.0	10
1621	38	57.0	916.6782104868025	0.0	10
1622	126	-32	1761.478210486796	0.0	9
1623	126	-41.0	2101.356420973595	0.0	9
1624	6	98	355.07821048680194	0.0	10
1625	126	-43	1804.5564209735971	0.0	8
1626	5	99	303.07821048680194	0.0	10
1627	6	89.0	312.6782104868019	0.0	10
1628	9	94	447.139105243401	0.0	10
1629	7	97	343.139105243401	0.0	10
1630	6	89.0	312.6782104868019	0.0	10
1631	126	-33	1846.2782104867947	0.0	9
1632	8	96	374.278210486802	0.0	10
1633	6	98	355.07821048680194	0.0	10
1634	12	84.0	497.478210486802	0.0	10
1635	9	95	532.6173157302029	0.0	10
1636	126	-64	1952.6173157301944	0.0	6
1637	5	99	303.07821048680194	0.0	10
1638	14	91	622.339105243401	0.0	10
1639	6	98	355.07821048680194	0.0	10
1640	8	96	416.6782104868019	0.0	10
1641	10	94	499.139105243401	0.0	10
1642	7	80.0	279.87821048680195	0.0	10
1643	6	99	355.07821048680194	0.0	10
1644	5	98	303.07821048680194	0.0	10
1645	10	86.0	520.678210486802	0.0	10
1646	55	24.0	1250.156420973602	0.0	10
1647	6	98	355.07821048680194	0.0	10
1648	126	-33	1910.2173157301957	0.0	9
1649	5	98	303.07821048680194	0.0	10
1650	126	-32	2250.7737367038	0.0	9
1651	98	-11.0	1407.8782104867994	0.0	10
1652	126	-50.0	1676.6782104867968	0.0	9
1653	5	98	303.07821048680194	0.0	10
1654	6	89.0	312.6782104868019	0.0	10
1655	7	89.0	364.67821048680196	0.0	10
1656	86	-9.0	1611.0173157301995	0.0	10
1657	5	98	303.07821048680194	0.0	10
1658	9	86.0	341.478210486802	0.0	10
1659	7	90.0	364.6782104868019	0.0	10
1660	5	98	303.07821048680194	0.0	10
1661	5	98	303.07821048680194	0.0	10
1662	7	89.0	364.6782104868019	0.0	10
1663	5	98	303.07821048680194	0.0	10
1664	7	98	364.67821048680196	0.0	10
1665	6	89.0	312.6782104868019	0.0	10
1666	126	-33	2037.417315730196	0.0	9
1667	8	95	502.1564209736038	0.0	10
1668	126	-62.0	1910.2173157301968	0.0	7
1669	10	76.0	499.8173157302029	0.0	10
1670	126	-52	2079.817315730195	0.0	7
1671	6	97	355.07821048680194	0.0	10
1672	47	57	982.2173157302037	0.0	10
1673	5	99	303.07821048680194	0.0	10
1674	106	-10.0	1527.078210486798	0.0	10
1675	6	90.0	312.67821048680196	0.0	10
1676	5	98	303.07821048680194	0.0	10
1677	7	89.0	364.67821048680196	0.0	10
1678	6	97	312.6782104868019	0.0	10
1679	41	37.0	1030.2782104868024	0.0	10
1680	126	-43	1676.6782104867968	0.0	8
1681	5	98	303.07821048680194	0.0	10
1682	126	-41.0	1888.6782104867948	0.0	9
1683	5	98	303.07821048680194	0.0	10
1684	6	89.0	312.67821048680196	0.0	10
1685	5	99	303.07821048680194	0.0	10
1686	5	98	303.07821048680194	0.0	10
1687	6	89.0	312.6782104868019	0.0	10
1688	105	-18.0	1432.6782104867993	0.0	10
1689	126	-31	2164.617315730196	0.0	9
1690	11	93	615.7564209736039	0.0	10
1691	5	98	303.07821048680194	0.0	10
1692	6	98	355.07821048680194	0.0	10
1693	44	45.0	1017.3564209736045	0.0	10
1694	6	98	355.07821048680194	0.0	10
1695	13	83.0	549.478210486802	0.0	10
1696	126	-54	1932.4346314603988	0.0	7
1697	6	89.0	312.6782104868019	0.0	10
1698	9	87.0	426.278210486802	0.0	10
1699	116	-28.0	1856.6173157301967	0.0	10
1700	98	-3.0	1578.1564209735993	0.0	10
1701	5	98	303.07821048680194	0.0	10
1702	7	88.0	322.2782104868019	0.0	10
1703	6	98	355.07821048680194	0.0	10
1704	7	96	407.07821048680194	0.0	10
1705	7	89.0	364.6782104868019	0.0	10
1706	5	98	303.07821048680194	0.0	10
1707	6	90.0	312.6782104868019	0.0	10
1708	6	90.0	312.67821048680196	0.0	10
1709	5	98	303.07821048680194	0.0	10
1710	6	97	355.07821048680194	0.0	10
1711	5	99	303.07821048680194	0.0	10
1712	5	99	303.07821048680194	0.0	10
1713	5	98	303.07821048680194	0.0	10
1714	5	98	303.07821048680194	0.0	10
1715	9	87.0	426.2782104868019	0.0	10
1716	5	98	303.07821048680194	0.0	10
1717	5	99	303.07821048680194	0.0	10
1718	5	99	303.07821048680194	0.0	10
1719	5	98	303.07821048680194	0.0	10
1720	98	-3.0	1662.2782104867972	0.0	10
1721	5	99	303.07821048680194	0.0	10
1722	6	89.0	312.6782104868019	0.0	10
1723	10	94	456.73910524340096	0.0	10
1724	9	95	511.07821048680194	0.0	10
1725	8	79.0	331.20000000000005	0.0	10
1726	6	89.0	312.6782104868019	0.0	10
1727	5	98	303.07821048680194	0.0	10
1728	5	98	303.07821048680194	0.0	10
1729	126	-32	1761.478210486796	0.0	9
1730	5	98	303.07821048680194	0.0	10
1731	10	86.0	499.139105243401	0.0	10
1732	10	94	414.3391052434009	0.0	10
1733	5	98	303.07821048680194	0.0	10
1734	6	89.0	312.67821048680196	0.0	10
1735	7	89.0	364.6782104868019	0.0	10
1736	6	98	355.07821048680194	0.0	10
1737	6	97	355.07821048680194	0.0	10
1738	7	88.0	364.6782104868019	0.0	10
1739	5	98	303.07821048680194	0.0	10
1740	8	78.0	352.739105243401	0.0	10
1741	6	98	355.07821048680194	0.0	10
1742	7	88.0	364.67821048680196	0.0	10
1743	5	98	303.07821048680194	0.0	10
1744	6	72.0	227.2	0.0	10
1745	10	94	499.139105243401	0.0	10
1746	126	-43	1676.6782104867968	0.0	8
1747	6	89.0	312.67821048680196	0.0	10
1748	6	97	355.07821048680194	0.0	10
1749	11	93	572.6782104868018	0.0	10
1750	6	98	355.07821048680194	0.0	10
1751	5	98	303.07821048680194	0.0	10
1752	5	98	303.07821048680194	0.0	10
1753	5	98	303.07821048680194	0.0	10
1754	5	98	303.07821048680194	0.0	10
1755	7	88.0	322.2782104868019	0.0	10
1756	5	99	303.07821048680194	0.0	10
1757	5	99	303.07821048680194	0.0	10
1758	6	97	355.07821048680194	0.0	10
1759	7	89.0	364.6782104868019	0.0	10
1760	6	80.0	312.6782104868019	0.0	10
1761	5	98	303.07821048680194	0.0	10
1762	5	98	303.07821048680194	0.0	10
1763	5	98	303.07821048680194	0.0	10
